﻿POS,NUMBER,LAP,TIME,GAP_FIRST,GAP_PREVIOUS,KPH, LAPS,TEAM,CLASS,GROUP,DIVISION,VEHICLE,TIRES,IMSA_CarId,IMSA_TeamId,IMSA_ClassId,IMSA_CarTypeId,IMSA_ManufacturerId,IMSA_TireId,IMSA_SponsorId,IMSA_EventEntryId,*Extra 9,*Extra 10,DRIVER1_FIRSTNAME,DRIVER1_SECONDNAME,DRIVER1_LICENSE,DRIVER1_HOMETOWN,DRIVER1_COUNTRY,DRIVER1_SHORTNAME,DRIVER1_IMSA_DriverId,DRIVER1_IMSA_DriverPlugId,DRIVER1_IMSA_DriverRatingLong,DRIVER1_*Extra 4,DRIVER1_*Extra 5,DRIVER2_FIRSTNAME,DRIVER2_SECONDNAME,DRIVER2_LICENSE,DRIVER2_HOMETOWN,DRIVER2_COUNTRY,DRIVER2_SHORTNAME,DRIVER2_IMSA_DriverId,DRIVER2_IMSA_DriverPlugId,DRIVER2_IMSA_DriverRatingLong,DRIVER2_*Extra 4,DRIVER2_*Extra 5,DRIVER3_FIRSTNAME,DRIVER3_SECONDNAME,DRIVER3_LICENSE,DRIVER3_HOMETOWN,DRIVER3_COUNTRY,DRIVER3_SHORTNAME,DRIVER3_IMSA_DriverId,DRIVER3_IMSA_DriverPlugId,DRIVER3_IMSA_DriverRatingLong,DRIVER3_*Extra 4,DRIVER3_*Extra 5,DRIVER4_FIRSTNAME,DRIVER4_SECONDNAME,DRIVER4_LICENSE,DRIVER4_HOMETOWN,DRIVER4_COUNTRY,DRIVER4_SHORTNAME,DRIVER4_IMSA_DriverId,DRIVER4_IMSA_DriverPlugId,DRIVER4_IMSA_DriverRatingLong,DRIVER4_*Extra 4,DRIVER4_*Extra 5,DRIVER5_FIRSTNAME,DRIVER5_SECONDNAME,DRIVER5_LICENSE,DRIVER5_HOMETOWN,DRIVER5_COUNTRY,DRIVER5_SHORTNAME,DRIVER5_IMSA_DriverId,DRIVER5_IMSA_DriverPlugId,DRIVER5_IMSA_DriverRatingLong,DRIVER5_*Extra 4,DRIVER5_*Extra 5,DRIVER6_FIRSTNAME,DRIVER6_SECONDNAME,DRIVER6_LICENSE,DRIVER6_HOMETOWN,DRIVER6_COUNTRY,DRIVER6_SHORTNAME,DRIVER6_IMSA_DriverId,DRIVER6_IMSA_DriverPlugId,DRIVER6_IMSA_DriverRatingLong,DRIVER6_*Extra 4,DRIVER6_*Extra 5,
1,31,14,1:13.498,-,-,155.1,16,Whelen Engineering Racing,DPi,,,Cadillac DPi,M,741,159,27,49,7646,3,,11575,,,Felipe,Nasr,Platinum,,BRA,,1598,1,Platinum,,,Pipo,Derani,Platinum,,BRA,,1083,3,Platinum,,,,,,,,,,,,,,,,,,,,,,,,,,,
2,01,13,1:14.333,+0.835,+0.835,153.4,21,Cadillac Chip Ganassi Racing,DPi,,,Cadillac DPi,M,943,339,27,49,7646,3,,11572,,,Renger,van der Zande,Gold,,NLD,,1998,1,Gold,,,Kevin,Magnussen,Platinum,,DNK,,2411,2,Platinum,,,,,,,,,,,,,,,,,,,,,,,,,,,
3,60,18,1:14.393,+0.895,+0.060,153.3,21,Meyer Shank Racing w/Curb-Agajanian,DPi,,,Acura DPi,M,947,3,27,65,7641,3,,11573,,,Dane,Cameron,Gold,,USA,,54,1,Gold,,,Olivier,Pla,Platinum,,FRA,,2409,2,Platinum,,,,,,,,,,,,,,,,,,,,,,,,,,,
4,5,18,1:14.652,+1.154,+0.259,152.7,19,Mustang Sampling / JDC-Miller MotorSports,DPi,,,Cadillac DPi,M,1043,367,27,49,7646,3,,11571,,,Tristan,Vautier,Gold,,FRA,,635,1,Gold,,,Loic,Duval,Platinum,,FRA,,1274,2,Platinum,,,,,,,,,,,,,,,,,,,,,,,,,,,
5,10,10,1:14.830,+1.332,+0.178,152.4,22,Konica Minolta Acura ARX-05,DPi,,,Acura DPi,M,948,81,27,65,7641,3,,11574,,,Ricky,Taylor,Platinum,,USA,,608,1,Platinum,,,Filipe,Albuquerque,Platinum,,PRT,,1194,2,Platinum,,,,,,,,,,,,,,,,,,,,,,,,,,,
6,4,18,1:19.734,+6.236,+4.904,143.0,21,Corvette Racing,GTLM,,,Chevrolet Corvette C8.R,M,749,23,3,83,105,3,,11577,,,Tommy,Milner,Platinum,,USA,,15,1,Platinum,,,Nick,Tandy,Platinum,,GBR,,124,2,Platinum,,,,,,,,,,,,,,,,,,,,,,,,,,,
7,3,20,1:19.811,+6.313,+0.077,142.9,21,Corvette Racing,GTLM,,,Chevrolet Corvette C8.R,M,748,23,3,83,105,3,,11576,,,Antonio,Garcia,Platinum,,ESP,,12,1,Platinum,,,Jordan,Taylor,Platinum,,USA,,13,2,Platinum,,,,,,,,,,,,,,,,,,,,,,,,,,,
8,79,17,1:19.979,+6.481,+0.168,142.6,22,WeatherTech Racing,GTLM,,,Porsche 911 RSR - 19,M,983,360,3,87,112,3,,11578,,,Cooper,MacNeil,Silver,,USA,,113,1,Silver,,,Mathieu,Jaminet,Gold,,FRA,,1449,2,Gold,,,,,,,,,,,,,,,,,,,,,,,,,,,
9,16,16,1:20.544,+7.046,+0.565,141.6,20,Wright Motorsports,GTD,,,Porsche 911 GT3R,M,857,111,4,93,112,3,,11587,,,Trent,Hindman,Silver,,USA,,244,2,Silver,,,Patrick,Long,Platinum,,USA,,27,1,Platinum,,,,,,,,,,,,,,,,,,,,,,,,,,,
10,1,15,1:20.716,+7.218,+0.172,141.3,21,Paul Miller Racing,GTD,,,Lamborghini Huracan GT3,M,938,34,4,13,1609,3,,11584,,,Bryan,Sellers,Gold,,USA,,18,1,Gold,,,Madison,Snow,Silver,,USA,,155,2,Silver,,,,,,,,,,,,,,,,,,,,,,,,,,,
11,96,11,1:20.829,+7.331,+0.113,141.1,23,Turner Motorsport,GTD,,,BMW M6 GT3,M,38,38,4,17,74,3,,11585,,,Bill,Auberlen,Gold,,USA,,39,1,Gold,,,Robby,Foley,Silver,,USA,,1302,2,Silver,,,,,,,,,,,,,,,,,,,,,,,,,,,
12,19,9,1:20.908,+7.410,+0.079,140.9,20,GRT Grasser Racing Team,GTD,,,Lamborghini Huracan GT3,M,969,325,4,13,1609,3,,11589,,,Misha,Goikhberg,Silver,,RUS,,168,1,Silver,,,Franck,Perera,Platinum,,FRA,,1617,2,Platinum,,,,,,,,,,,,,,,,,,,,,,,,,,,
13,14,8,1:20.933,+7.435,+0.025,140.9,21,VASSER SULLIVAN,GTD,,,Lexus RC F GT3,M,930,336,4,46,7644,3,,11582,,,Aaron,Telitz,Silver,,USA,,2230,1,Silver,,,Jack,Hawksworth,Gold,,GBR,,838,2,Gold,,,,,,,,,,,,,,,,,,,,,,,,,,,
14,39,19,1:21.005,+7.507,+0.072,140.8,20,CarBahn with Peregrine Racing,GTD,,,Audi R8 LMS GT3,M,1415,378,4,12,909,3,,11590,,,Richard,Heistand,Bronze,,USA,,1817,1,Bronze,,,Jeff,Westphal,Silver,,USA,,682,2,Silver,,,,,,,,,,,,,,,,,,,,,,,,,,,
15,12,14,1:21.291,+7.793,+0.286,140.3,15,VASSER SULLIVAN,GTD,,,Lexus RC F GT3,M,931,336,4,46,7644,3,,11583,,,Frankie,Montecalvo,Silver,,USA,,1279,1,Silver,,,Zach,Veach,Gold,,USA,,961,2,Gold,,,,,,,,,,,,,,,,,,,,,,,,,,,
16,9,20,1:21.356,+7.858,+0.065,140.1,23,Pfaff Motorsports,GTD,,,Porsche 911 GT3R,M,925,334,4,93,112,3,,11580,,,Zacharie,Robichon,Silver,,CAN,,1176,2,Silver,,,Laurens,Vanthoor,Platinum,,BEL,,1241,4,Platinum,,,,,,,,,,,,,,,,,,,,,,,,,,,
17,63,17,1:21.527,+8.029,+0.171,139.9,20,Scuderia Corsa,GTD,,,Ferrari 488 GT3,M,37,25,4,16,106,3,,11593,,,Colin,Braun,Gold,,USA,,61,1,Gold,,,Daniel,Mancinelli,Silver,,ITA,,1523,2,Silver,,,,,,,,,,,,,,,,,,,,,,,,,,,
18,88,9,1:21.757,+8.259,+0.230,139.5,22,Team Hardpoint,GTD,,,Porsche 911 GT3R,M,966,346,4,93,112,3,,11588,,,Rob,Ferriol,Bronze,,USA,,1589,1,Bronze,,,Katherine,Legge,Gold,,GBR,,2305,3,Gold,,,,,,,,,,,,,,,,,,,,,,,,,,,
19,76,14,1:21.897,+8.399,+0.140,139.2,19,Compass Racing,GTD,,,Acura NSX GT3,M,1418,296,4,43,7641,3,,11592,,,Matt,McMurry,Silver,,USA,,393,3,Silver,,,Mario,Farnbacher,Gold,,DEU,,318,5,Gold,,,,,,,,,,,,,,,,,,,,,,,,,,,
20,23,17,1:21.944,+8.446,+0.047,139.1,23,Heart Of Racing Team,GTD,,,Aston Martin Vantage GT3,M,767,294,4,18,73,3,,11581,,,Roman,De Angelis,Silver,,CAN,,1379,2,Silver,,,Ross,Gunn,Gold,,GBR,,1905,4,Gold,,,,,,,,,,,,,,,,,,,,,,,,,,,
21,27,10,1:22.009,+8.511,+0.065,139.0,12,Heart of Racing Team,GTD,,,Aston Martin Vantage GT3,M,1510,294,4,18,73,3,,11594,,,Ian,James,Silver,,USA,,453,1,Silver,,,Alex,Riberas Bou,Gold,,ESP,,2006,3,Gold,,,,,,,,,,,,,,,,,,,,,,,,,,,
22,26,19,1:22.334,+8.836,+0.325,138.5,20,O'Gara Motorsport / USRT,GTD,,,Mercedes-AMG GT3,M,1514,125,4,45,7643,3,,11596,,,Steven,Aghakhani,Silver,,USA,,1979,1,Silver,,,Jacob,Eidson,Silver,,USA,,1201,2,Silver,,,,,,,,,,,,,,,,,,,,,,,,,,,
23,66,9,1:22.416,+8.918,+0.082,138.3,23,Gradient Racing,GTD,,,Acura NSX GT3,M,1416,328,4,43,7641,3,,11591,,,Till,Bechtolsheimer,Bronze,,GBR,,1152,3,Bronze,,,Marc,Miller,Silver,,USA,,455,5,Silver,,,,,,,,,,,,,,,,,,,,,,,,,,,
24,34,9,1:22.579,+9.081,+0.163,138.1,17,GMG Racing,GTD,,,Porsche 911 GT3R,M,1513,387,4,93,112,3,,11595,,,Kyle,Washington,Bronze,,USA,,2608,3,Bronze,,,James,Sofronas,Bronze,,USA,,106,1,Bronze,,,,,,,,,,,,,,,,,,,,,,,,,,,
25,44,19,1:22.680,+9.182,+0.101,137.9,22,Magnus with Archangel,GTD,,,Acura NSX GT3,M,961,343,4,43,7641,3,,11586,,,John,Potter,Bronze,,USA,,670,1,Bronze,,,Andy,Lally,Gold,,USA,,25,2,Gold,,,,,,,,,,,,,,,,,,,,,,,,,,,
26,55,0,,,,,4,Mazda Motorsports,DPi,,,Mazda DPi,M,858,4,27,48,110,3,,11570,,,Oliver,Jarvis,Platinum,,GBR,,1999,1,Platinum,,,Harry,Tincknell,Platinum,,GBR,,1288,2,Platinum,,,,,,,,,,,,,,,,,,,,,,,,,,,
