﻿POS,NUMBER,LAP,TIME,GAP_FIRST,GAP_PREVIOUS,KPH, LAPS,TEAM,CLASS,GROUP,DIVISION,VEHICLE,TIRES,IMSA_CarId,IMSA_TeamId,IMSA_ClassId,IMSA_CarTypeId,IMSA_ManufacturerId,IMSA_TireId,IMSA_SponsorId,IMSA_EventEntryId,*Extra 9,*Extra 10,DRIVER1_FIRSTNAME,DRIVER1_SECONDNAME,DRIVER1_LICENSE,DRIVER1_HOMETOWN,DRIVER1_COUNTRY,DRIVER1_SHORTNAME,DRIVER1_IMSA_DriverId,DRIVER1_IMSA_DriverPlugId,DRIVER1_IMSA_DriverRatingLong,DRIVER1_*Extra 4,DRIVER1_*Extra 5,DRIVER2_FIRSTNAME,DRIVER2_SECONDNAME,DRIVER2_LICENSE,DRIVER2_HOMETOWN,DRIVER2_COUNTRY,DRIVER2_SHORTNAME,DRIVER2_IMSA_DriverId,DRIVER2_IMSA_DriverPlugId,DRIVER2_IMSA_DriverRatingLong,DRIVER2_*Extra 4,DRIVER2_*Extra 5,DRIVER3_FIRSTNAME,DRIVER3_SECONDNAME,DRIVER3_LICENSE,DRIVER3_HOMETOWN,DRIVER3_COUNTRY,DRIVER3_SHORTNAME,DRIVER3_IMSA_DriverId,DRIVER3_IMSA_DriverPlugId,DRIVER3_IMSA_DriverRatingLong,DRIVER3_*Extra 4,DRIVER3_*Extra 5,DRIVER4_FIRSTNAME,DRIVER4_SECONDNAME,DRIVER4_LICENSE,DRIVER4_HOMETOWN,DRIVER4_COUNTRY,DRIVER4_SHORTNAME,DRIVER4_IMSA_DriverId,DRIVER4_IMSA_DriverPlugId,DRIVER4_IMSA_DriverRatingLong,DRIVER4_*Extra 4,DRIVER4_*Extra 5,DRIVER5_FIRSTNAME,DRIVER5_SECONDNAME,DRIVER5_LICENSE,DRIVER5_HOMETOWN,DRIVER5_COUNTRY,DRIVER5_SHORTNAME,DRIVER5_IMSA_DriverId,DRIVER5_IMSA_DriverPlugId,DRIVER5_IMSA_DriverRatingLong,DRIVER5_*Extra 4,DRIVER5_*Extra 5,DRIVER6_FIRSTNAME,DRIVER6_SECONDNAME,DRIVER6_LICENSE,DRIVER6_HOMETOWN,DRIVER6_COUNTRY,DRIVER6_SHORTNAME,DRIVER6_IMSA_DriverId,DRIVER6_IMSA_DriverPlugId,DRIVER6_IMSA_DriverRatingLong,DRIVER6_*Extra 4,DRIVER6_*Extra 5,
1,3,7,1:16.801,-,-,148.5,10,Corvette Racing,GTLM,,,Chevrolet Corvette C8.R,M,748,23,3,83,105,3,,11576,,,Antonio,Garcia,Platinum,,ESP,,12,1,Platinum,,,Jordan,Taylor,Platinum,,USA,,13,2,Platinum,,,,,,,,,,,,,,,,,,,,,,,,,,,
2,4,8,1:17.098,+0.297,+0.297,147.9,9,Corvette Racing,GTLM,,,Chevrolet Corvette C8.R,M,749,23,3,83,105,3,,11577,,,Tommy,Milner,Platinum,,USA,,15,1,Platinum,,,Nick,Tandy,Platinum,,GBR,,124,2,Platinum,,,,,,,,,,,,,,,,,,,,,,,,,,,
3,9,7,1:18.957,+2.156,+1.859,144.4,9,Pfaff Motorsports,GTD,,,Porsche 911 GT3R,M,925,334,4,93,112,3,,11580,,,Zacharie,Robichon,Silver,,CAN,,1176,2,Silver,,,Laurens,Vanthoor,Platinum,,BEL,,1241,4,Platinum,,,,,,,,,,,,,,,,,,,,,,,,,,,
4,1,8,1:19.105,+2.304,+0.148,144.1,9,Paul Miller Racing,GTD,,,Lamborghini Huracan GT3,M,938,34,4,13,1609,3,,11584,,,Bryan,Sellers,Gold,,USA,,18,1,Gold,,,Madison,Snow,Silver,,USA,,155,2,Silver,,,,,,,,,,,,,,,,,,,,,,,,,,,
5,14,7,1:19.202,+2.401,+0.097,144.0,8,VASSER SULLIVAN,GTD,,,Lexus RC F GT3,M,930,336,4,46,7644,3,,11582,,,Aaron,Telitz,Silver,,USA,,2230,1,Silver,,,Jack,Hawksworth,Gold,,GBR,,838,2,Gold,,,,,,,,,,,,,,,,,,,,,,,,,,,
6,96,8,1:19.433,+2.632,+0.231,143.5,9,Turner Motorsport,GTD,,,BMW M6 GT3,M,38,38,4,17,74,3,,11585,,,Bill,Auberlen,Gold,,USA,,39,1,Gold,,,Robby,Foley,Silver,,USA,,1302,2,Silver,,,,,,,,,,,,,,,,,,,,,,,,,,,
7,23,8,1:19.437,+2.636,+0.004,143.5,9,Heart Of Racing Team,GTD,,,Aston Martin Vantage GT3,M,767,294,4,18,73,3,,11581,,,Roman,De Angelis,Silver,,CAN,,1379,2,Silver,,,Ross,Gunn,Gold,,GBR,,1905,4,Gold,,,,,,,,,,,,,,,,,,,,,,,,,,,
8,16,6,1:19.642,+2.841,+0.205,143.2,8,Wright Motorsports,GTD,,,Porsche 911 GT3R,M,857,111,4,93,112,3,,11587,,,Trent,Hindman,Silver,,USA,,244,2,Silver,,,Patrick,Long,Platinum,,USA,,27,1,Platinum,,,,,,,,,,,,,,,,,,,,,,,,,,,
9,79,8,1:19.686,+2.885,+0.044,143.1,9,WeatherTech Racing,GTLM,,,Porsche 911 RSR - 19,M,983,360,3,87,112,3,,11578,,,Cooper,MacNeil,Silver,,USA,,113,1,Silver,,,Mathieu,Jaminet,Gold,,FRA,,1449,2,Gold,,,,,,,,,,,,,,,,,,,,,,,,,,,
10,19,6,1:19.714,+2.913,+0.028,143.0,8,GRT Grasser Racing Team,GTD,,,Lamborghini Huracan GT3,M,969,325,4,13,1609,3,,11589,,,Misha,Goikhberg,Silver,,RUS,,168,1,Silver,,,Franck,Perera,Platinum,,FRA,,1617,2,Platinum,,,,,,,,,,,,,,,,,,,,,,,,,,,
11,88,8,1:19.756,+2.955,+0.042,143.0,9,Team Hardpoint,GTD,,,Porsche 911 GT3R,M,966,346,4,93,112,3,,11588,,,Rob,Ferriol,Bronze,,USA,,1589,1,Bronze,,,Katherine,Legge,Gold,,GBR,,2305,3,Gold,,,,,,,,,,,,,,,,,,,,,,,,,,,
12,12,6,1:20.027,+3.226,+0.271,142.5,8,VASSER SULLIVAN,GTD,,,Lexus RC F GT3,M,931,336,4,46,7644,3,,11583,,,Frankie,Montecalvo,Silver,,USA,,1279,1,Silver,,,Zach,Veach,Gold,,USA,,961,2,Gold,,,,,,,,,,,,,,,,,,,,,,,,,,,
13,76,6,1:20.086,+3.285,+0.059,142.4,9,Compass Racing,GTD,,,Acura NSX GT3,M,1418,296,4,43,7641,3,,11592,,,Matt,McMurry,Silver,,USA,,393,3,Silver,,,Mario,Farnbacher,Gold,,DEU,,318,5,Gold,,,,,,,,,,,,,,,,,,,,,,,,,,,
14,27,4,1:20.418,+3.617,+0.332,141.8,8,Heart of Racing Team,GTD,,,Aston Martin Vantage GT3,M,1510,294,4,18,73,3,,11594,,,Ian,James,Silver,,USA,,453,1,Silver,,,Alex,Riberas Bou,Gold,,ESP,,2006,3,Gold,,,,,,,,,,,,,,,,,,,,,,,,,,,
15,44,6,1:20.623,+3.822,+0.205,141.4,9,Magnus with Archangel,GTD,,,Acura NSX GT3,M,961,343,4,43,7641,3,,11586,,,John,Potter,Bronze,,USA,,670,1,Bronze,,,Andy,Lally,Gold,,USA,,25,2,Gold,,,,,,,,,,,,,,,,,,,,,,,,,,,
16,66,6,1:20.808,+4.007,+0.185,141.1,9,Gradient Racing,GTD,,,Acura NSX GT3,M,1416,328,4,43,7641,3,,11591,,,Till,Bechtolsheimer,Bronze,,GBR,,1152,3,Bronze,,,Marc,Miller,Silver,,USA,,455,5,Silver,,,,,,,,,,,,,,,,,,,,,,,,,,,
17,39,2,1:21.829,+5.028,+1.021,139.3,3,CarBahn with Peregrine Racing,GTD,,,Audi R8 LMS GT3,M,1415,378,4,12,909,3,,11590,,,Richard,Heistand,Bronze,,USA,,1817,1,Bronze,,,Jeff,Westphal,Silver,,USA,,682,2,Silver,,,,,,,,,,,,,,,,,,,,,,,,,,,
18,34,4,1:22.320,+5.519,+0.491,138.5,8,GMG Racing,GTD,,,Porsche 911 GT3R,M,1513,387,4,93,112,3,,11595,,,Kyle,Washington,Bronze,,USA,,2608,3,Bronze,,,James,Sofronas,Bronze,,USA,,106,1,Bronze,,,,,,,,,,,,,,,,,,,,,,,,,,,
19,26,2,1:27.074,+10.273,+4.754,130.9,3,O'Gara Motorsport / USRT,GTD,,,Mercedes-AMG GT3,M,1514,125,4,45,7643,3,,11596,,,Steven,Aghakhani,Silver,,USA,,1979,1,Silver,,,Jacob,Eidson,Silver,,USA,,1201,2,Silver,,,,,,,,,,,,,,,,,,,,,,,,,,,
20,63,2,1:51.752,+34.951,+24.678,102.0,3,Scuderia Corsa,GTD,,,Ferrari 488 GT3,M,37,25,4,16,106,3,,11593,,,Colin,Braun,Gold,,USA,,61,1,Gold,,,Daniel,Mancinelli,Silver,,ITA,,1523,2,Silver,,,,,,,,,,,,,,,,,,,,,,,,,,,
