﻿POSITION,NUMBER,STATUS,LAPS,TOTAL_TIME,GAP_FIRST,GAP_PREVIOUS,FL_LAPNUM,FL_TIME,FL_KPH,TEAM,CLASS,GROUP,DIVISION,VEHICLE,TIRES,IMSA_CarId,IMSA_TeamId,IMSA_ClassId,IMSA_CarTypeId,IMSA_ManufacturerId,IMSA_TireId,IMSA_SponsorId,IMSA_EventEntryId,*Extra 9,*Extra 10,DRIVER1_FIRSTNAME,DRIVER1_SECONDNAME,DRIVER1_LICENSE,DRIVER1_HOMETOWN,DRIVER1_COUNTRY,DRIVER1_SHORTNAME,DRIVER1_IMSA_DriverId,DRIVER1_IMSA_DriverPlugId,DRIVER1_IMSA_DriverRatingLong,DRIVER1_*Extra 4,DRIVER1_*Extra 5,DRIVER2_FIRSTNAME,DRIVER2_SECONDNAME,DRIVER2_LICENSE,DRIVER2_HOMETOWN,DRIVER2_COUNTRY,DRIVER2_SHORTNAME,DRIVER2_IMSA_DriverId,DRIVER2_IMSA_DriverPlugId,DRIVER2_IMSA_DriverRatingLong,DRIVER2_*Extra 4,DRIVER2_*Extra 5,DRIVER3_FIRSTNAME,DRIVER3_SECONDNAME,DRIVER3_LICENSE,DRIVER3_HOMETOWN,DRIVER3_COUNTRY,DRIVER3_SHORTNAME,DRIVER3_IMSA_DriverId,DRIVER3_IMSA_DriverPlugId,DRIVER3_IMSA_DriverRatingLong,DRIVER3_*Extra 4,DRIVER3_*Extra 5,DRIVER4_FIRSTNAME,DRIVER4_SECONDNAME,DRIVER4_LICENSE,DRIVER4_HOMETOWN,DRIVER4_COUNTRY,DRIVER4_SHORTNAME,DRIVER4_IMSA_DriverId,DRIVER4_IMSA_DriverPlugId,DRIVER4_IMSA_DriverRatingLong,DRIVER4_*Extra 4,DRIVER4_*Extra 5,DRIVER5_FIRSTNAME,DRIVER5_SECONDNAME,DRIVER5_LICENSE,DRIVER5_HOMETOWN,DRIVER5_COUNTRY,DRIVER5_SHORTNAME,DRIVER5_IMSA_DriverId,DRIVER5_IMSA_DriverPlugId,DRIVER5_IMSA_DriverRatingLong,DRIVER5_*Extra 4,DRIVER5_*Extra 5,DRIVER6_FIRSTNAME,DRIVER6_SECONDNAME,DRIVER6_LICENSE,DRIVER6_HOMETOWN,DRIVER6_COUNTRY,DRIVER6_SHORTNAME,DRIVER6_IMSA_DriverId,DRIVER6_IMSA_DriverPlugId,DRIVER6_IMSA_DriverRatingLong,DRIVER6_*Extra 4,DRIVER6_*Extra 5,
1,3,Classified,81,2:41:28.719,-,-,28,1:45.010,180.4,Corvette Racing,GTDPRO,,,Chevrolet Corvette C8.R GTD,M,2253,23,41,110,105,3,,15533,,,Antonio,Garcia,Platinum,,ESP,,12,1,Platinum,,,Jordan,Taylor,Platinum,,USA,,13,2,Platinum,,,,,,,,,,,,,,,,,,,,,,,,,,,
2,14,Classified,81,2:41:30.787,+2.068,+2.068,51,1:44.916,180.6,Vasser Sullivan,GTDPRO,,,Lexus RC F GT3,M,2250,336,41,46,7644,3,,15531,,,Jack,Hawksworth,Gold,,GBR,,838,2,Gold,,,Ben,Barnicoat,Platinum,,GBR,,2620,1,Platinum,,,,,,,,,,,,,,,,,,,,,,,,,,,
3,1,Classified,81,2:41:45.980,+17.261,+15.193,50,1:45.563,179.5,Paul Miller Racing,GTD,,,BMW M4 GT3,M,1558,34,4,111,74,3,,15537,,,Bryan,Sellers,Gold,,USA,,18,1,Gold,,,Madison,Snow,Silver,,USA,,155,2,Silver,,,,,,,,,,,,,,,,,,,,,,,,,,,
4,96,Classified,81,2:41:58.167,+29.448,+12.187,49,1:45.365,179.8,Turner Motorsport,GTD,,,BMW M4 GT3,M,1553,38,4,111,74,3,,15535,,,Patrick,Gallagher,Silver,,USA,,1593,1,Silver,,,Robby,Foley,Gold,,USA,,1302,2,Gold,,,,,,,,,,,,,,,,,,,,,,,,,,,
5,57,Classified,81,2:42:01.942,+33.223,+3.775,52,1:45.905,178.9,Winward Racing,GTD,,,Mercedes-AMG GT3,M,2330,304,4,224,7643,3,,15534,,,Russell,Ward,Silver,,USA,,1252,1,Silver,,,Philip,Ellis,Gold,,DEU,,1936,2,Gold,,,,,,,,,,,,,,,,,,,,,,,,,,,
6,97,Classified,81,2:42:07.065,+38.346,+5.123,50,1:45.637,179.3,Turner Motorsport,GTD,,,BMW M4 GT3,M,2397,38,4,111,74,3,,15547,,,Bill,Auberlen,Gold,,USA,,39,1,Gold,,,Chandler,Hull,Silver,,USA,,2152,2,Silver,,,,,,,,,,,,,,,,,,,,,,,,,,,
7,12,Classified,81,2:42:11.792,+43.073,+4.727,52,1:46.185,178.4,Vasser Sullivan,GTD,,,Lexus RC F GT3,M,931,336,4,46,7644,3,,15540,,,Frankie,Montecalvo,Silver,,USA,,1279,1,Silver,,,Aaron,Telitz,Gold,,USA,,1780,2,Gold,,,,,,,,,,,,,,,,,,,,,,,,,,,
8,80,Classified,81,2:42:13.294,+44.575,+1.502,27,1:45.896,178.9,AO Racing,GTD,,,Porsche 911 GT3 R (992),M,2204,466,4,192,112,3,,15545,,,PJ,Hyett,Bronze,,USA,,2947,1,Bronze,,,Seb,Priaulx,Gold,,GBR,,3009,2,Gold,,,,,,,,,,,,,,,,,,,,,,,,,,,
9,70,Classified,81,2:42:16.863,+48.144,+3.569,52,1:45.592,179.4,Inception Racing,GTD,,,McLaren 720S GT3 EVO,M,1520,388,4,81,7651,3,,15543,,,Brendan,Iribe,Bronze,,USA,,2622,1,Bronze,,,Frederik,Schandorff,Gold,,DNK,,2995,2,Gold,,,,,,,,,,,,,,,,,,,,,,,,,,,
10,91,Classified,81,2:42:19.537,+50.818,+2.674,26,1:45.951,178.8,Kellymoss with Riley,GTD,,,Porsche 911 GT3 R (992),M,2202,465,4,192,112,3,,15544,,,Alan,Metni,Bronze,,USA,,1344,1,Bronze,,,Kay,van Berlo,Silver,,NLD,,1759,2,Silver,,,,,,,,,,,,,,,,,,,,,,,,,,,
11,77,Classified,81,2:42:27.618,+58.899,+8.081,25,1:46.348,178.1,Wright Motorsports,GTD,,,Porsche 911 GT3 R (992),M,2185,111,4,192,112,3,,15542,,,Alan,Brynjolfsson,Bronze,,USA,,1271,1,Bronze,,,Trent,Hindman,Gold,,USA,,244,2,Gold,,,,,,,,,,,,,,,,,,,,,,,,,,,
12,9,Classified,81,2:42:32.085,+1:03.366,+4.467,47,1:46.057,178.6,Pfaff Motorsports,GTDPRO,,,Porsche 911 GT3 R (992),M,2251,390,41,192,112,3,,15532,,,Klaus,Bachler,Platinum,,AUT,,663,2,Platinum,,,Patrick,Pilet,Platinum,,FRA,,3037,3,Platinum,,,,,,,,,,,,,,,,,,,,,,,,,,,
13,66,Classified,81,2:42:34.249,+1:05.530,+2.164,26,1:46.045,178.7,Gradient Racing,GTD,,,Acura NSX GT3,M,1416,328,4,43,7641,3,,15539,,,Sheena,Monk,Bronze,,USA,,1532,3,Bronze,,,Katherine,Legge,Gold,,GBR,,2305,1,Gold,,,,,,,,,,,,,,,,,,,,,,,,,,,
14,32,Classified,81,2:42:44.284,+1:15.565,+10.035,50,1:46.115,178.5,Team Korthoff Motorsports,GTD,,,Mercedes-AMG GT3,M,2335,463,4,224,7643,3,,15541,,,Mike,Skeen,Silver,,USA,,830,4,Silver,,,Mikael,Grenier,Gold,,CAN,,1624,3,Gold,,,,,,,,,,,,,,,,,,,,,,,,,,,
15,23,Classified,81,2:42:47.765,+1:19.046,+3.481,27,1:46.287,178.2,Heart of Racing Team,GTDPRO,,,Aston Martin Vantage GT3,M,2246,294,41,18,73,3,,15530,,,Ross,Gunn,Gold,,GBR,,1905,1,Gold,,,Alex,Riberas,Gold,,ESP,,659,2,Gold,,,,,,,,,,,,,,,,,,,,,,,,,,,
16,27,Classified,81,2:43:07.122,+1:38.403,+19.357,28,1:46.357,178.1,Heart of Racing Team,GTD,,,Aston Martin Vantage GT3,M,1510,294,4,18,73,3,,15538,,,Roman,De Angelis,Silver,,CAN,,1379,1,Silver,,,Marco,Sorensen,Platinum,,MCO,,2721,2,Platinum,,,,,,,,,,,,,,,,,,,,,,,,,,,
17,79,Classified,79,2:43:06.753,2 Laps,2 Laps,29,1:45.961,178.8,WeatherTech Racing,GTDPRO,,,Mercedes-AMG GT3,M,2244,360,41,204,7643,3,,15529,,,Daniel,Juncadella,Platinum,,ESP,,1584,2,Platinum,,,Jules,Gounon,Platinum,,FRA,,1224,1,Platinum,,,,,,,,,,,,,,,,,,,,,,,,,,,
18,78,Classified,28,1:00:39.688,53 Laps,51 Laps,19,1:46.615,177.7,Forte Racing Powered by USRT,GTD,,,Lamborghini Huracan GT3 EVO2,M,2156,396,4,194,1609,3,,15536,,,Misha,Goikhberg,Silver,,CAN,,168,1,Silver,,,Loris,Spinelli,Gold,,ITA,,3038,2,Gold,,,,,,,,,,,,,,,,,,,,,,,,,,,
19,92,Classified,4,7:28.498,77 Laps,24 Laps,3,1:49.625,172.8,Kellymoss with Riley,GTD,,,Porsche 911 GT3 R (992),M,2201,465,4,192,112,3,,15546,,,David,Brule,Bronze,,USA,,2924,1,Bronze,,,Alec,Udell,Silver,,USA,,866,2,Silver,,,,,,,,,,,,,,,,,,,,,,,,,,,
