﻿POS,NUMBER,LAP,TIME,GAP_FIRST,GAP_PREVIOUS,KPH, LAPS,TEAM,CLASS,GROUP,DIVISION,VEHICLE,TIRES,IMSA_CarId,IMSA_TeamId,IMSA_ClassId,IMSA_CarTypeId,IMSA_ManufacturerId,IMSA_TireId,IMSA_SponsorId,IMSA_EventEntryId,*Extra 9,*Extra 10,DRIVER1_FIRSTNAME,DRIVER1_SECONDNAME,DRIVER1_LICENSE,DRIVER1_HOMETOWN,DRIVER1_COUNTRY,DRIVER1_SHORTNAME,DRIVER1_IMSA_DriverId,DRIVER1_IMSA_DriverPlugId,DRIVER1_IMSA_DriverRatingLong,DRIVER1_*Extra 4,DRIVER1_*Extra 5,DRIVER2_FIRSTNAME,DRIVER2_SECONDNAME,DRIVER2_LICENSE,DRIVER2_HOMETOWN,DRIVER2_COUNTRY,DRIVER2_SHORTNAME,DRIVER2_IMSA_DriverId,DRIVER2_IMSA_DriverPlugId,DRIVER2_IMSA_DriverRatingLong,DRIVER2_*Extra 4,DRIVER2_*Extra 5,DRIVER3_FIRSTNAME,DRIVER3_SECONDNAME,DRIVER3_LICENSE,DRIVER3_HOMETOWN,DRIVER3_COUNTRY,DRIVER3_SHORTNAME,DRIVER3_IMSA_DriverId,DRIVER3_IMSA_DriverPlugId,DRIVER3_IMSA_DriverRatingLong,DRIVER3_*Extra 4,DRIVER3_*Extra 5,DRIVER4_FIRSTNAME,DRIVER4_SECONDNAME,DRIVER4_LICENSE,DRIVER4_HOMETOWN,DRIVER4_COUNTRY,DRIVER4_SHORTNAME,DRIVER4_IMSA_DriverId,DRIVER4_IMSA_DriverPlugId,DRIVER4_IMSA_DriverRatingLong,DRIVER4_*Extra 4,DRIVER4_*Extra 5,DRIVER5_FIRSTNAME,DRIVER5_SECONDNAME,DRIVER5_LICENSE,DRIVER5_HOMETOWN,DRIVER5_COUNTRY,DRIVER5_SHORTNAME,DRIVER5_IMSA_DriverId,DRIVER5_IMSA_DriverPlugId,DRIVER5_IMSA_DriverRatingLong,DRIVER5_*Extra 4,DRIVER5_*Extra 5,DRIVER6_FIRSTNAME,DRIVER6_SECONDNAME,DRIVER6_LICENSE,DRIVER6_HOMETOWN,DRIVER6_COUNTRY,DRIVER6_SHORTNAME,DRIVER6_IMSA_DriverId,DRIVER6_IMSA_DriverPlugId,DRIVER6_IMSA_DriverRatingLong,DRIVER6_*Extra 4,DRIVER6_*Extra 5,
1,31,19,1:35.493,-,-,216.0,20,Whelen Engineering Racing Cadillac V-LMDh,GTP,,,Cadillac V-LMDh,M,2196,344,44,200,7646,3,,14235,,,Pipo,Derani,Platinum,,BRA,,1083,3,Platinum,,,Alexander,Sims,Platinum,,GBR,,1261,2,Platinum,,,Jack,Aitken,Gold,,GBR,,2986,4,Gold,,,,,,,,,,,,,,,,,,,,,
2,01,12,1:35.717,+0.224,+0.224,215.5,16,Cadillac Racing,GTP,,,Cadillac V-LMDh,M,2187,339,44,200,7646,3,,14230,,,Sebastien,Bourdais,Platinum,,FRA,,602,2,Platinum,,,Renger,van der Zande,Gold,,NLD,,1998,1,Gold,,,Scott,Dixon,Platinum,,NZL,,631,3,Platinum,,,,,,,,,,,,,,,,,,,,,
3,25,28,1:35.925,+0.432,+0.208,215.0,28,BMW M Team RLL,GTP,,,BMW M Hybrid V8,M,2155,395,44,190,74,3,,14228,,,Connor,De Phillippi,Gold,,USA,,698,2,Gold,,,Nick,Yelloly,Platinum,,GBR,,2205,1,Platinum,,,Sheldon,van der Linde,Platinum,,ZAF,,1524,3,Platinum,,,Colton,Herta,Gold,,USA,,1602,5,Gold,,,,,,,,,,,,,,,
4,7,9,1:35.941,+0.448,+0.016,215.0,30,Porsche Penske Motorsports,GTP,,,Porsche 963,M,2190,200,44,193,112,3,,14233,,,Matt,Campbell,Platinum,,AUS,,1791,1,Platinum,,,Felipe,Nasr,Platinum,,BRA,,1598,2,Platinum,,,Michael,Christensen,Platinum,,MCO,,412,3,Platinum,,,,,,,,,,,,,,,,,,,,,
5,60,7,1:36.123,+0.630,+0.182,214.6,19,Meyer Shank Racing w/ Curb Agajanian,GTP,,,Acura ARX-06,M,2162,3,44,195,7641,3,,14229,,,Tom,Blomqvist,Platinum,,MCO,,1718,1,Platinum,,,Colin,Braun,Gold,,USA,,61,2,Gold,,,Helio,Castroneves,Platinum,,USA,,1525,3,Platinum,,,Simon,Pagenaud,Platinum,,FRA,,3,4,Platinum,,,,,,,,,,,,,,,
6,02,15,1:36.389,+0.896,+0.266,214.0,18,Cadillac Racing,GTP,,,Cadillac V-LMDh,M,2188,339,44,200,7646,3,,14231,,,Earl,Bamber,Platinum,,NZL,,651,1,Platinum,,,Alex,Lynn,Platinum,,GBR,,1313,2,Platinum,,,Richard,Westbrook,Platinum,,GBR,,2992,3,Platinum,,,,,,,,,,,,,,,,,,,,,
7,6,10,1:36.407,+0.914,+0.018,213.9,25,Porsche Penske Motorsports,GTP,,,Porsche 963,M,2189,200,44,193,112,3,,14232,,,Mathieu,Jaminet,Platinum,,FRA,,1449,2,Platinum,,,Nick,Tandy,Platinum,,GBR,,124,1,Platinum,,,Dane,Cameron,Platinum,,USA,,54,3,Platinum,,,,,,,,,,,,,,,,,,,,,
8,10,11,1:36.580,+1.087,+0.173,213.6,22,Konica Minolta Acura ARX-06,GTP,,,Acura ARX-06,M,2191,234,44,195,7641,3,,14234,,,Ricky,Taylor,Platinum,,USA,,608,1,Platinum,,,Filipe,Albuquerque,Platinum,,PRT,,1194,2,Platinum,,,Louis,Deletraz,Gold,,CHE,,2975,3,Gold,,,Brendon,Hartley,Platinum,,USA,,304,4,Platinum,,,,,,,,,,,,,,,
9,24,19,1:37.433,+1.940,+0.853,211.7,21,BMW M Team RLL,GTP,,,BMW M Hybrid V8,M,2154,395,44,190,74,3,,14227,,,Philipp,Eng,Platinum,,AUT,,883,1,Platinum,,,Augusto,Farfus,Platinum,,MCO,,3000,4,Platinum,,,Marco,Wittmann,Platinum,,DEU,,2993,2,Platinum,,,Colton,Herta,Gold,,USA,,1602,5,Gold,,,,,,,,,,,,,,,
10,11,6,1:38.052,+2.559,+0.619,210.4,30,TDS Racing,LMP2,,,ORECA LMP2 07,M,2166,335,28,85,7637,3,,14211,,,Steven,Thomas,Bronze,,USA,,1919,1,Bronze,,,Mikkel,Jensen,Platinum,,DNK,,2088,2,Platinum,,,Scott,Huffaker,Silver,,USA,,1852,3,Silver,,,Rinus,VeeKay,Gold,,NLD,,2420,4,Gold,,,,,,,,,,,,,,,
11,18,23,1:38.626,+3.133,+0.574,209.1,29,Era Motorsport,LMP2,,,ORECA LMP2 07,M,761,291,28,85,7637,3,,14208,,,Dwight,Merriman,Bronze,,USA,,1930,1,Bronze,,,Ryan,Dalziel,Gold,,GBR,,192,2,Gold,,,Christian,Rasmussen,Silver,,DNK,,2966,3,Silver,,,Oliver,Jarvis,Platinum,,GBR,,1999,4,Platinum,,,,,,,,,,,,,,,
12,04,18,1:38.703,+3.210,+0.077,209.0,25,Crowdstrike Racing by APR,LMP2,,,ORECA LMP2 07,M,2160,459,28,85,7637,3,,14209,,,George,Kurtz,Bronze,,USA,,1612,1,Bronze,,,Ben,Hanley,Gold,,GBR,,1275,2,Gold,,,Matt,McMurry,Silver,,USA,,393,3,Silver,,,Esteban,Gutierrez,Platinum,,MEX,,3042,4,Platinum,,,,,,,,,,,,,,,
13,8,18,1:38.734,+3.241,+0.031,208.9,27,Tower Motorsports,LMP2,,,ORECA LMP2 07,M,2164,460,28,85,7637,3,,14210,,,John,Farano,Bronze,,CAN,,441,1,Bronze,,,Scott,McLaughlin,Gold,,NZL,,2996,4,Gold,,,Josef,Newgarden,Platinum,,USA,,2982,3,Platinum,,,Kyffin,Simpson,Silver,,IOT,,2779,2,Silver,,,,,,,,,,,,,,,
14,20,30,1:38.734,+3.241,+0.000,208.9,30,High Class Racing,LMP2,,,ORECA LMP2 07,M,968,348,28,85,7637,3,,14216,,,Dennis,Andersen,Bronze,,DNK,,3043,1,Bronze,,,Ed,Jones,Gold,,ARE,,2418,2,Gold,,,Anders,Fjordbach,Silver,,DNK,,3044,3,Silver,,,Raffaele,Marciello,Platinum,,CHE,,2259,4,Platinum,,,,,,,,,,,,,,,
15,35,5,1:38.889,+3.396,+0.155,208.6,31,TDS Racing,LMP2,,,ORECA LMP2 07,M,2167,335,28,85,7637,3,,14212,,,Francois,Heriau,Bronze,,FRA,,2749,1,Bronze,,,Giedo,van der Garde,Platinum,,NLD,,3001,2,Platinum,,,Josh,Pierson,Silver,,USA,,2761,3,Silver,,,Job,Van Uitert,Gold,,NLD,,3013,4,Gold,,,,,,,,,,,,,,,
16,88,7,1:39.237,+3.744,+0.348,207.8,31,AF Corse,LMP2,,,ORECA LMP2 07,M,2173,333,28,85,7637,3,,14215,,,Francois,Perrodo,Bronze,,GBR,,1296,1,Bronze,,,Matthieu,Vaxiviere,Gold,,FRA,,3024,2,Gold,,,Julien,Canal,Silver,,FRA,,1229,3,Silver,,,Nicklas,Nielsen,Platinum,,DNK,,2065,4,Platinum,,,,,,,,,,,,,,,
17,52,22,1:39.392,+3.899,+0.155,207.5,26,PR1 Mathiasen Motorsports,LMP2,,,ORECA LMP2 07,M,776,16,28,85,7637,3,,14213,,,Ben,Keating,Bronze,,USA,,378,1,Bronze,,,Paul-Loup,Chatin,Gold,,FRA,,2401,2,Gold,,,Alex,Quinn,Silver,,GBR,,2983,3,Silver,,,Nicolas,Lapierre,Platinum,,CHE,,1143,4,Platinum,,,,,,,,,,,,,,,
18,51,16,1:39.886,+4.393,+0.494,206.5,28,Rick Ware Racing,LMP2,,,ORECA LMP2 07,M,2197,307,28,85,7637,3,,14217,,,Eric,Lux,Bronze,,USA,,96,1,Bronze,,,Devlin,Defrancesco,Silver,,CAN,,1625,2,Silver,,,Austin,Cindric,Gold,,USA,,878,3,Gold,,,Pietro,Fittipaldi,Gold,,BRA,,3048,4,Gold,,,,,,,,,,,,,,,
19,36,10,1:43.191,+7.698,+3.305,199.9,20,Andretti Autosport,LMP3,,,Ligier JS P320,M,1681,357,36,96,7650,3,,14219,,,Jarett,Andretti,Silver,,USA,,2292,1,Silver,,,Gabby,Chaves,Gold,,COL,,600,2,Gold,,,Dakota,Dickerson,Silver,,USA,,1756,3,Silver,,,Rasmus,Lindh,Silver,,SWE,,2101,4,Silver,,,,,,,,,,,,,,,
20,13,14,1:43.354,+7.861,+0.163,199.6,28,AWA,LMP3,,,Duqueine D08,M,1675,217,36,105,7665,3,,14223,,,Orey,Fidani,Bronze,,CAN,,973,3,Bronze,,,Matthew,Bell,Gold,,GBR,,424,4,Gold,,,Lars,Kern,Silver,,DEU,,1785,1,Silver,,,Moritz,Kranz,Silver,,DEU,,2994,2,Silver,,,,,,,,,,,,,,,
21,17,4,1:43.588,+8.095,+0.234,199.1,14,AWA,LMP3,,,Duqueine D08,M,2108,217,36,105,7665,3,,14220,,,Anthony,Mantella,Bronze,,CAN,,2682,2,Bronze,,,Wayne,Boyd,Gold,,GBR,,3002,3,Gold,,,Nico,Varrone,Silver,,ARG,,2932,1,Silver,,,Thomas,Merrill,Bronze,,USA,,1458,4,Bronze,,,,,,,,,,,,,,,
22,85,7,1:43.686,+8.193,+0.098,198.9,30,JDC Miller MotorSports,LMP3,,,Duqueine D08,M,2178,15,36,105,7665,3,,14225,,,Till,Bechtolsheimer,Bronze,,GBR,,1152,1,Bronze,,,Tijmen,van der Helm,Gold,,NLD,,2687,2,Gold,,,Luca,Mars,Silver,,USA,,2469,3,Silver,,,Mason,Filippi,Silver,,USA,,1829,4,Silver,,,,,,,,,,,,,,,
23,33,27,1:43.704,+8.211,+0.018,198.9,27,Sean Creech Motorsport,LMP3,,,Ligier JS P320,M,1603,286,36,96,7650,3,,14222,,,Lance,Willsey,Bronze,,USA,,664,2,Bronze,,,Joao,Barbosa,Gold,,USA,,182,1,Gold,,,Nico,Pino,Silver,,CHL,,2770,4,Silver,,,Nolan,Siegel,Silver,,USA,,2794,3,Silver,,,,,,,,,,,,,,,
24,87,23,1:44.799,+9.306,+1.095,196.8,23,FastMD Racing,LMP3,,,Duqueine D08,M,2174,267,36,105,7665,3,,14224,,,Yu,Kanamaru,Silver,,JPN,,3040,2,Silver,,,Antonio,Serravalle,Silver,,CAN,,3049,3,Silver,,,Nick,Boulle,Silver,,USA,,1091,4,Silver,,,James,Vance,Silver,,CAN,,486,1,Silver,,,,,,,,,,,,,,,
25,55,3,1:45.738,+10.245,+0.939,195.1,3,Proton Competition,LMP2,,,ORECA LMP2 07,M,2169,461,28,85,7637,3,,14214,,,Fred,Poordad,Bronze,,USA,,160,1,Bronze,,,Francesco,Pizzi,Silver,,ITA,,3036,3,Silver,,,James,Allen,Gold,,AUS,,1823,2,Gold,,,Giammaria,Bruni,Platinum,,ITA,,3045,4,Platinum,,,,,,,,,,,,,,,
26,32,6,1:46.375,+10.882,+0.637,193.9,13,Team Korthoff Motorsports,GTD,,,Mercedes-AMG GT3,M,2252,463,4,203,7643,3,,14260,,,Mike,Skeen,Silver,,USA,,830,4,Silver,,,Mikael,Grenier,Gold,,CAN,,1624,3,Gold,,,Kenton,Koch,Silver,,USA,,2239,1,Silver,,,Maximilian,Goetz,Platinum,,DEU,,2720,2,Platinum,,,,,,,,,,,,,,,
27,79,6,1:46.651,+11.158,+0.276,193.4,13,WeatherTech Racing,GTDPRO,,,Mercedes-AMG GT3,M,2244,360,41,204,7643,3,,14237,,,Cooper,MacNeil,Silver,,USA,,113,1,Silver,,,Daniel,Juncadella,Platinum,,ESP,,1584,2,Platinum,,,Jules,Gounon,Platinum,,FRA,,1224,3,Platinum,,,Maro,Engel,Platinum,,DEU,,3055,4,Platinum,,,,,,,,,,,,,,,
28,63,10,1:46.689,+11.196,+0.038,193.3,24,Iron Lynx,GTDPRO,,,Lamborghini Huracan GT3 EVO2,M,2247,462,41,194,1609,3,,14240,,,Andrea,Caldarelli,Platinum,,ITA,,1228,1,Platinum,,,Mirko,Bortolotti,Platinum,,ITA,,1102,2,Platinum,,,Jordan,Pepper,Platinum,,ZAF,,3014,3,Platinum,,,Romain,Grosjean,Platinum,,CHE,,3003,4,Platinum,,,,,,,,,,,,,,,
29,64,5,1:46.695,+11.202,+0.006,193.3,24,TGM/TF Sport,GTDPRO,,,Aston Martin Vantage GT3,M,2254,464,41,18,73,3,,14244,,,Ted,Giovanis,Bronze,,USA,,489,1,Bronze,,,Hugh,Plumb,Bronze,,USA,,421,3,Bronze,,,Matt,Plumb,Silver,,USA,,429,2,Silver,,,Owen,Trinkler,Silver,,USA,,519,5,Silver,,,,,,,,,,,,,,,
30,75,4,1:46.727,+11.234,+0.032,193.3,21,Sun Energy 1,GTD,,,Mercedes-AMG GT3,M,2257,143,4,203,7643,3,,14269,,,Kenny,Habul,Bronze,,AUS,,1115,1,Bronze,,,Luca,Stolz,Platinum,,DEU,,1124,2,Platinum,,,Fabian,Schiller,Gold,,DEU,,1790,3,Gold,,,Axcil,Jefferies,Silver,,ZWE,,3057,4,Silver,,,,,,,,,,,,,,,
31,66,10,1:46.918,+11.425,+0.191,192.9,27,Gradient Racing,GTD,,,Acura NSX GT3,M,1416,328,4,43,7641,3,,14253,,,Sheena,Monk,Bronze,,USA,,1532,3,Bronze,,,Katherine,Legge,Gold,,GBR,,2305,1,Gold,,,Mario,Farnbacher,Gold,,DEU,,2685,2,Gold,,,Marc,Miller,Silver,,USA,,455,5,Silver,,,,,,,,,,,,,,,
32,19,5,1:47.048,+11.555,+0.130,192.7,27,Iron Lynx,GTD,,,Lamborghini Huracan GT3 EVO2,M,2176,462,4,194,1609,3,,14258,,,Claudio,Schiavoni,Bronze,,ITA,,3039,1,Bronze,,,Rolf,Ineichen,Silver,,CHE,,2991,2,Silver,,,Raffaele,Giammaria,Silver,,ITA,,3011,3,Silver,,,Franck,Perera,Platinum,,FRA,,3012,4,Platinum,,,,,,,,,,,,,,,
33,21,6,1:47.106,+11.613,+0.058,192.6,16,AF Corse,GTD,,,Ferrari 296 GT3,M,2172,333,4,191,106,3,,14256,,,Simon,Mann,Silver,,USA,,2435,1,Silver,,,Luis,Perez Companc,Bronze,,ARG,,2719,2,Bronze,,,Miguel,Molina,Platinum,,ESP,,1611,3,Platinum,,,Francesco,Castellacci,Silver,,ITA,,2998,4,Silver,,,,,,,,,,,,,,,
34,23,5,1:47.130,+11.637,+0.024,192.5,9,Heart of Racing Team,GTDPRO,,,Aston Martin Vantage GT3,M,2246,294,41,18,73,3,,14239,,,Ross,Gunn,Gold,,GBR,,1905,1,Gold,,,Alex,Riberas,Gold,,ESP,,659,2,Gold,,,David,Pittard,Gold,,GBR,,2744,3,Gold,,,,,,,,,,,,,,,,,,,,,
35,62,6,1:47.152,+11.659,+0.022,192.5,26,Risi Competizione,GTDPRO,,,Ferrari 296 GT3,M,2245,26,41,191,106,3,,14238,,,Alessandro,Pier Guidi,Platinum,,ITA,,2238,1,Platinum,,,James,Calado,Platinum,,GBR,,1096,2,Platinum,,,Daniel,Serra,Platinum,,BRA,,687,3,Platinum,,,Davide,Rigon,Platinum,,ITA,,679,4,Platinum,,,,,,,,,,,,,,,
36,70,13,1:47.190,+11.697,+0.038,192.4,19,Inception Racing,GTD,,,McLaren 720S GT3,M,1520,388,4,81,7651,3,,14264,,,Brendan,Iribe,Bronze,,USA,,2622,1,Bronze,,,Frederik,Schandorff,Gold,,DNK,,2995,2,Gold,,,Ollie,Millroy,Silver,,GBR,,3004,3,Silver,,,Marvin,Kirchhofer,Platinum,,CHE,,3010,4,Platinum,,,,,,,,,,,,,,,
37,44,10,1:47.245,+11.752,+0.055,192.3,12,Magnus Racing,GTD,,,Aston Martin Vantage GT3,M,1554,32,4,18,73,3,,14254,,,John,Potter,Bronze,,USA,,670,1,Bronze,,,Andy,Lally,Gold,,USA,,25,2,Gold,,,Spencer,Pumpelly,Silver,,USA,,64,3,Silver,,,Nicki,Thiim,Platinum,,DNK,,130,4,Platinum,,,,,,,,,,,,,,,
38,93,18,1:47.289,+11.796,+0.044,192.2,18,Racers Edge Motorsports with WTR,GTD,,,Acura NSX GT3,M,2159,414,4,43,7641,3,,14250,,,Ashton,Harrison,Silver,,USA,,1862,1,Silver,,,Danny,Formal,Silver,,CRI,,2130,2,Silver,,,Kyle,Marcelli,Gold,,CAN,,88,3,Gold,,,Ryan,Briscoe,Platinum,,USA,,358,4,Platinum,,,,,,,,,,,,,,,
39,83,13,1:47.341,+11.848,+0.052,192.1,26,Iron Dames,GTD,,,Lamborghini Huracan GT3 EVO2,M,2175,462,4,194,1609,3,,14257,,,Rahel,Frey,Gold,,CHE,,1550,1,Gold,,,Sarah,Bovy,Bronze,,BEL,,3005,2,Bronze,,,Michelle,Gatting,Silver,,DNK,,3053,3,Silver,,,Doriane,Pin,Silver,,FRA,,3018,4,Silver,,,,,,,,,,,,,,,
40,27,4,1:47.500,+12.007,+0.159,191.9,11,Heart of Racing Team,GTD,,,Aston Martin Vantage GT3,M,1510,294,4,18,73,3,,14252,,,Roman,De Angelis,Silver,,CAN,,1379,1,Silver,,,Marco,Sorensen,Platinum,,MCO,,2721,2,Platinum,,,Ian,James,Silver,,USA,,453,3,Silver,,,Darren,Turner,Gold,,GBR,,3032,4,Gold,,,,,,,,,,,,,,,
41,47,27,1:47.585,+12.092,+0.085,191.7,27,CETILAR RACING,GTD,,,Ferrari 296 GT3,M,2171,337,4,191,106,3,,14255,,,Roberto,Lacorte,Bronze,,ITA,,2452,1,Bronze,,,Giorgio,Sernagiotto,Silver,,ITA,,2288,2,Silver,,,Antonio,Fuoco,Platinum,,ITA,,2306,3,Platinum,,,Alessandro,Balzan,Gold,,ITA,,681,4,Gold,,,,,,,,,,,,,,,
42,43,19,1:47.668,+12.175,+0.083,191.6,20,MRS GT-Racing,LMP3,,,Ligier JS P320,M,2163,374,36,96,7650,3,,14221,,,Sebastian,Alvarez,Silver,,MEX,,3052,1,Silver,,,James,French,Silver,,USA,,284,4,Silver,,,Guilherme,de Oliveira,Silver,,PRT,,3027,3,Silver,,,Danial,Frost,Silver,,CHN,,3063,2,Silver,,,,,,,,,,,,,,,
43,12,5,1:47.692,+12.199,+0.024,191.5,7,VasserSullivan,GTD,,,Lexus RC F GT3,M,931,336,4,46,7644,3,,14259,,,Aaron,Telitz,Gold,,USA,,1780,2,Gold,,,Frankie,Montecalvo,Silver,,USA,,1279,1,Silver,,,Kyle,Kirkwood,Gold,,USA,,1755,3,Gold,,,Parker,Thompson,Silver,,CAN,,1877,4,Silver,,,,,,,,,,,,,,,
44,3,9,1:47.724,+12.231,+0.032,191.5,27,Corvette Racing,GTDPRO,,,Chevrolet Corvette C8.R GTD,M,2253,23,41,110,105,3,,14243,,,Antonio,Garcia,Platinum,,ESP,,12,1,Platinum,,,Jordan,Taylor,Platinum,,USA,,13,2,Platinum,,,Tommy,Milner,Platinum,,USA,,15,3,Platinum,,,,,,,,,,,,,,,,,,,,,
45,14,4,1:47.869,+12.376,+0.145,191.2,5,Vasser Sullivan,GTDPRO,,,Lexus RC F GT3,M,2250,336,41,46,7644,3,,14241,,,Jack,Hawksworth,Gold,,GBR,,838,2,Gold,,,Ben,Barnicoat,Platinum,,GBR,,2620,1,Platinum,,,Mike,Conway,Platinum,,GBR,,2710,3,Platinum,,,,,,,,,,,,,,,,,,,,,
46,74,3,1:47.885,+12.392,+0.016,191.2,10,Riley,LMP3,,,Ligier JS P320,M,2200,149,36,96,7650,3,,14226,,,Gar,Robinson,Silver,,USA,,861,1,Silver,,,Felipe,Fraga,Gold,,BRA,,1750,2,Gold,,,Josh,Burdon,Silver,,AUS,,2613,3,Silver,,,Glenn,van Berlo,Silver,,NLD,,2997,4,Silver,,,,,,,,,,,,,,,
47,96,10,1:47.984,+12.491,+0.099,191.0,10,Turner Motorsport,GTD,,,BMW M4 GT3,M,1553,38,4,111,74,3,,14247,,,Patrick,Gallagher,Silver,,USA,,1593,1,Silver,,,Robby,Foley,Gold,,USA,,1302,2,Gold,,,Michael,Dinan,Silver,,USA,,2775,3,Silver,,,Jens,Klingmann,Gold,,DEU,,902,4,Gold,,,,,,,,,,,,,,,
48,78,9,1:48.191,+12.698,+0.207,190.6,10,US RaceTronics,GTD,,,Lamborghini Huracan GT3 EVO2,M,2156,396,4,194,1609,3,,14249,,,Misha,Goikhberg,Silver,,RUS,,168,1,Silver,,,Loris,Spinelli,Gold,,ITA,,3038,2,Gold,,,Benja,Hites,Silver,,CHL,,1630,3,Silver,,,Marco,Mapelli,Platinum,,ITA,,3019,4,Platinum,,,,,,,,,,,,,,,
49,80,15,1:48.225,+12.732,+0.034,190.6,25,AO Racing,GTD,,,Porsche 911 GT3 R (992),M,2204,466,4,192,112,3,,14268,,,PJ,Hyett,Bronze,,USA,,2947,1,Bronze,,,Seb,Priaulx,Gold,,GBR,,3009,2,Gold,,,Gunnar,Jeannette,Silver,,USA,,308,3,Silver,,,Harry,Tincknell,Platinum,,GBR,,1288,4,Platinum,,,,,,,,,,,,,,,
50,023,13,1:48.234,+12.741,+0.009,190.6,18,Triarsi Competizione,GTD,,,Ferrari 296 GT3,M,2153,458,4,191,106,3,,14248,,,Onofrio,Triarsi,Silver,,USA,,1463,1,Silver,,,Charles,Scardina,Bronze,,USA,,2609,2,Bronze,,,Alessio,Rovera,Platinum,,ITA,,2741,3,Platinum,,,Andrea,Bertolini,Gold,,ITA,,2985,4,Gold,,,,,,,,,,,,,,,
51,9,6,1:48.396,+12.903,+0.162,190.3,15,Pfaff Motorsports,GTDPRO,,,Porsche 911 GT3 R (992),M,2251,390,41,192,112,3,,14242,,,Klaus,Bachler,Platinum,,AUT,,663,2,Platinum,,,Patrick,Pilet,Platinum,,FRA,,3037,3,Platinum,,,Laurens,Vanthoor,Platinum,,BEL,,1241,4,Platinum,,,,,,,,,,,,,,,,,,,,,
52,16,14,1:48.444,+12.951,+0.048,190.2,24,Wright Motorsports,GTD,,,Porsche 911 GT3 R (992),M,2193,111,4,192,112,3,,14263,,,Ryan,Hardwick,Bronze,,USA,,1256,1,Bronze,,,Jan,Heylen,Gold,,USA,,184,3,Gold,,,Zacharie,Robichon,Silver,,CAN,,1176,2,Silver,,,Dennis,Olsen,Platinum,,NOR,,1727,4,Platinum,,,,,,,,,,,,,,,
53,91,11,1:48.682,+13.189,+0.238,189.8,20,Kellymoss with Riley,GTD,,,Porsche 911 GT3 R (992),M,2202,465,4,192,112,3,,14266,,,Alan,Metni,Bronze,,USA,,1344,1,Bronze,,,Kay,van Berlo,Silver,,NLD,,1759,2,Silver,,,Jaxon,Evans,Gold,,NZL,,3034,3,Gold,,,Julien,Andlauer,Gold,,FRA,,2753,4,Gold,,,,,,,,,,,,,,,
54,38,9,1:48.683,+13.190,+0.001,189.8,10,Performance Tech Motorsports,LMP3,,,Ligier JS P320,M,1678,289,36,96,7650,3,,14218,,,John,DeAngelis,Bronze,,USA,,1642,1,Bronze,,,Christopher,Allen,Silver,,USA,,2480,4,Silver,,,Connor,Bloum,Silver,,USA,,471,2,Silver,,,Cameron,Shields,Silver,,AUS,,2696,3,Silver,,,,,,,,,,,,,,,
55,77,12,1:48.918,+13.425,+0.235,189.4,20,Wright Motorsports,GTD,,,Porsche 911 GT3 R (992),M,2185,111,4,192,112,3,,14261,,,Alan,Brynjolfsson,Bronze,,USA,,1271,1,Bronze,,,Trent,Hindman,Gold,,USA,,244,2,Gold,,,Maxwell,Root,Silver,,USA,,1654,3,Silver,,,Kevin,Estre,Platinum,,FRA,,183,4,Platinum,,,,,,,,,,,,,,,
56,1,21,1:49.338,+13.845,+0.420,188.6,22,Paul Miller Racing,GTD,,,BMW M4 GT3,M,1558,34,4,111,74,3,,14251,,,Bryan,Sellers,Gold,,USA,,18,1,Gold,,,Madison,Snow,Silver,,USA,,155,2,Silver,,,Corey,Lewis,Silver,,USA,,763,3,Silver,,,Maxime,Martin,Platinum,,BEL,,360,4,Platinum,,,,,,,,,,,,,,,
57,92,7,1:49.495,+14.002,+0.157,188.4,12,Kellymoss with Riley,GTD,,,Porsche 911 GT3 R (992),M,2201,465,4,192,112,3,,14265,,,David,Brule,Bronze,,USA,,2924,1,Bronze,,,Alec,Udell,Silver,,USA,,866,2,Silver,,,Andrew,Davis,Silver,,USA,,329,3,Silver,,,Jeroen,Bleekemolen,Gold,,NLD,,3007,4,Gold,,,,,,,,,,,,,,,
58,42,0,,,,,0,NTE Sport,GTD,,,Lamborghini Huracan GT3 EVO2,M,2203,353,4,194,1609,3,,14267,,,Don,Yount,Bronze,,USA,,399,1,Bronze,,,Jaden,Conwright,Silver,,USA,,2204,2,Silver,,,Kerong,Li,Silver,,USA,,2627,3,Silver,,,Alessio,Deledda,Silver,,ITA,,3041,4,Silver,,,,,,,,,,,,,,,
59,53,0,,,,,0,MDK Motorsports,GTDPRO,,,Porsche 911 GT3 R (992),M,2186,428,41,192,112,3,,14262,,,Mark,Kvamme,Bronze,,USA,,2422,1,Bronze,,,Trenton,Estep,Silver,,USA,,1353,2,Silver,,,Jan,Magnussen,Gold,,DNK,,11,3,Gold,,,Jason,Hart,Silver,,USA,,699,4,Silver,,,,,,,,,,,,,,,
60,57,0,,,,,0,Winward Racing,GTD,,,Mercedes-AMG GT3,M,2240,304,4,203,7643,3,,14246,,,Russell,Ward,Silver,,USA,,1252,1,Silver,,,Philip,Ellis,Gold,,DEU,,1936,2,Gold,,,Indy,Dontje,Silver,,NLD,,3061,3,Silver,,,Lucas,Auer,Platinum,,AUT,,2750,4,Platinum,,,,,,,,,,,,,,,
61,95,0,,,,,3,Turner Motorsport,GTDPRO,,,BMW M4 GT3,M,2243,38,41,111,74,3,,14236,,,Bill,Auberlen,Gold,,USA,,39,1,Gold,,,Chandler,Hull,Silver,,USA,,2152,2,Silver,,,Bruno,Spengler,Platinum,,CAN,,903,3,Platinum,,,John,Edwards,Platinum,,USA,,942,4,Platinum,,,,,,,,,,,,,,,
