﻿POS,NUMBER,LAP,TIME,GAP_FIRST,GAP_PREVIOUS,KPH, LAPS,TEAM,CLASS,GROUP,DIVISION,VEHICLE,TIRES,IMSA_CarId,IMSA_TeamId,IMSA_ClassId,IMSA_CarTypeId,IMSA_ManufacturerId,IMSA_TireId,IMSA_SponsorId,IMSA_EventEntryId,*Extra 9,*Extra 10,DRIVER1_FIRSTNAME,DRIVER1_SECONDNAME,DRIVER1_LICENSE,DRIVER1_HOMETOWN,DRIVER1_COUNTRY,DRIVER1_SHORTNAME,DRIVER1_IMSA_DriverId,DRIVER1_IMSA_DriverPlugId,DRIVER1_IMSA_DriverRatingLong,DRIVER1_*Extra 4,DRIVER1_*Extra 5,DRIVER2_FIRSTNAME,DRIVER2_SECONDNAME,DRIVER2_LICENSE,DRIVER2_HOMETOWN,DRIVER2_COUNTRY,DRIVER2_SHORTNAME,DRIVER2_IMSA_DriverId,DRIVER2_IMSA_DriverPlugId,DRIVER2_IMSA_DriverRatingLong,DRIVER2_*Extra 4,DRIVER2_*Extra 5,DRIVER3_FIRSTNAME,DRIVER3_SECONDNAME,DRIVER3_LICENSE,DRIVER3_HOMETOWN,DRIVER3_COUNTRY,DRIVER3_SHORTNAME,DRIVER3_IMSA_DriverId,DRIVER3_IMSA_DriverPlugId,DRIVER3_IMSA_DriverRatingLong,DRIVER3_*Extra 4,DRIVER3_*Extra 5,DRIVER4_FIRSTNAME,DRIVER4_SECONDNAME,DRIVER4_LICENSE,DRIVER4_HOMETOWN,DRIVER4_COUNTRY,DRIVER4_SHORTNAME,DRIVER4_IMSA_DriverId,DRIVER4_IMSA_DriverPlugId,DRIVER4_IMSA_DriverRatingLong,DRIVER4_*Extra 4,DRIVER4_*Extra 5,DRIVER5_FIRSTNAME,DRIVER5_SECONDNAME,DRIVER5_LICENSE,DRIVER5_HOMETOWN,DRIVER5_COUNTRY,DRIVER5_SHORTNAME,DRIVER5_IMSA_DriverId,DRIVER5_IMSA_DriverPlugId,DRIVER5_IMSA_DriverRatingLong,DRIVER5_*Extra 4,DRIVER5_*Extra 5,DRIVER6_FIRSTNAME,DRIVER6_SECONDNAME,DRIVER6_LICENSE,DRIVER6_HOMETOWN,DRIVER6_COUNTRY,DRIVER6_SHORTNAME,DRIVER6_IMSA_DriverId,DRIVER6_IMSA_DriverPlugId,DRIVER6_IMSA_DriverRatingLong,DRIVER6_*Extra 4,DRIVER6_*Extra 5,
1,02,5,1:35.185,-,-,216.7,30,Cadillac Racing,GTP,,,Cadillac V-LMDh,M,2188,339,44,200,7646,3,,14231,,,Earl,Bamber,Platinum,,NZL,,651,1,Platinum,,,Alex,Lynn,Platinum,,GBR,,1313,2,Platinum,,,Richard,Westbrook,Platinum,,GBR,,2992,3,Platinum,,,,,,,,,,,,,,,,,,,,,
2,10,36,1:35.423,+0.238,+0.238,216.1,36,Konica Minolta Acura ARX-06,GTP,,,Acura ARX-06,M,2191,234,44,195,7641,3,,14234,,,Ricky,Taylor,Platinum,,USA,,608,1,Platinum,,,Filipe,Albuquerque,Platinum,,PRT,,1194,2,Platinum,,,Louis,Deletraz,Gold,,CHE,,2975,3,Gold,,,Brendon,Hartley,Platinum,,USA,,304,4,Platinum,,,,,,,,,,,,,,,
3,01,28,1:35.427,+0.242,+0.004,216.1,28,Cadillac Racing,GTP,,,Cadillac V-LMDh,M,2187,339,44,200,7646,3,,14230,,,Sebastien,Bourdais,Platinum,,FRA,,602,2,Platinum,,,Renger,van der Zande,Gold,,NLD,,1998,1,Gold,,,Scott,Dixon,Platinum,,NZL,,631,3,Platinum,,,,,,,,,,,,,,,,,,,,,
4,31,34,1:35.465,+0.280,+0.038,216.1,35,Whelen Engineering Racing Cadillac V-LMDh,GTP,,,Cadillac V-LMDh,M,2196,344,44,200,7646,3,,14235,,,Pipo,Derani,Platinum,,BRA,,1083,3,Platinum,,,Alexander,Sims,Platinum,,GBR,,1261,2,Platinum,,,Jack,Aitken,Gold,,GBR,,2986,4,Gold,,,,,,,,,,,,,,,,,,,,,
5,7,30,1:35.542,+0.357,+0.077,215.9,30,Porsche Penske Motorsports,GTP,,,Porsche 963,M,2190,200,44,193,112,3,,14233,,,Matt,Campbell,Platinum,,AUS,,1791,1,Platinum,,,Felipe,Nasr,Platinum,,BRA,,1598,2,Platinum,,,Michael,Christensen,Platinum,,MCO,,412,3,Platinum,,,,,,,,,,,,,,,,,,,,,
6,6,7,1:35.564,+0.379,+0.022,215.8,35,Porsche Penske Motorsports,GTP,,,Porsche 963,M,2189,200,44,193,112,3,,14232,,,Mathieu,Jaminet,Platinum,,FRA,,1449,2,Platinum,,,Nick,Tandy,Platinum,,GBR,,124,1,Platinum,,,Dane,Cameron,Platinum,,USA,,54,3,Platinum,,,,,,,,,,,,,,,,,,,,,
7,60,16,1:35.692,+0.507,+0.128,215.5,29,Meyer Shank Racing w/ Curb Agajanian,GTP,,,Acura ARX-06,M,2162,3,44,195,7641,3,,14229,,,Tom,Blomqvist,Platinum,,MCO,,1718,1,Platinum,,,Colin,Braun,Gold,,USA,,61,2,Gold,,,Helio,Castroneves,Platinum,,USA,,1525,3,Platinum,,,Simon,Pagenaud,Platinum,,FRA,,3,4,Platinum,,,,,,,,,,,,,,,
8,25,5,1:35.911,+0.726,+0.219,215.0,23,BMW M Team RLL,GTP,,,BMW M Hybrid V8,M,2155,395,44,190,74,3,,14228,,,Connor,De Phillippi,Gold,,USA,,698,2,Gold,,,Nick,Yelloly,Platinum,,GBR,,2205,1,Platinum,,,Sheldon,van der Linde,Platinum,,ZAF,,1524,3,Platinum,,,Colton,Herta,Gold,,USA,,1602,5,Gold,,,,,,,,,,,,,,,
9,24,4,1:38.127,+2.942,+2.216,210.2,9,BMW M Team RLL,GTP,,,BMW M Hybrid V8,M,2154,395,44,190,74,3,,14227,,,Philipp,Eng,Platinum,,AUT,,883,1,Platinum,,,Augusto,Farfus,Platinum,,MCO,,3000,4,Platinum,,,Marco,Wittmann,Platinum,,DEU,,2993,2,Platinum,,,Colton,Herta,Gold,,USA,,1602,5,Gold,,,,,,,,,,,,,,,
10,52,8,1:38.615,+3.430,+0.488,209.2,38,PR1 Mathiasen Motorsports,LMP2,,,ORECA LMP2 07,M,776,16,28,85,7637,3,,14213,,,Ben,Keating,Bronze,,USA,,378,1,Bronze,,,Paul-Loup,Chatin,Gold,,FRA,,2401,2,Gold,,,Alex,Quinn,Silver,,GBR,,2983,3,Silver,,,Nicolas,Lapierre,Platinum,,CHE,,1143,4,Platinum,,,,,,,,,,,,,,,
11,35,24,1:39.036,+3.851,+0.421,208.3,41,TDS Racing,LMP2,,,ORECA LMP2 07,M,2167,335,28,85,7637,3,,14212,,,Francois,Heriau,Bronze,,FRA,,2749,1,Bronze,,,Giedo,van der Garde,Platinum,,NLD,,3001,2,Platinum,,,Josh,Pierson,Silver,,USA,,2761,3,Silver,,,Job,Van Uitert,Gold,,NLD,,3013,4,Gold,,,,,,,,,,,,,,,
12,18,24,1:39.044,+3.859,+0.008,208.2,38,Era Motorsport,LMP2,,,ORECA LMP2 07,M,761,291,28,85,7637,3,,14208,,,Dwight,Merriman,Bronze,,USA,,1930,1,Bronze,,,Ryan,Dalziel,Gold,,GBR,,192,2,Gold,,,Christian,Rasmussen,Silver,,DNK,,2966,3,Silver,,,Oliver,Jarvis,Platinum,,GBR,,1999,4,Platinum,,,,,,,,,,,,,,,
13,11,25,1:39.056,+3.871,+0.012,208.2,38,TDS Racing,LMP2,,,ORECA LMP2 07,M,2166,335,28,85,7637,3,,14211,,,Steven,Thomas,Bronze,,USA,,1919,1,Bronze,,,Mikkel,Jensen,Platinum,,DNK,,2088,2,Platinum,,,Scott,Huffaker,Silver,,USA,,1852,3,Silver,,,Rinus,VeeKay,Gold,,NLD,,2420,4,Gold,,,,,,,,,,,,,,,
14,88,7,1:39.314,+4.129,+0.258,207.7,37,AF Corse,LMP2,,,ORECA LMP2 07,M,2173,333,28,85,7637,3,,14215,,,Francois,Perrodo,Bronze,,GBR,,1296,1,Bronze,,,Matthieu,Vaxiviere,Gold,,FRA,,3024,2,Gold,,,Julien,Canal,Silver,,FRA,,1229,3,Silver,,,Nicklas,Nielsen,Platinum,,DNK,,2065,4,Platinum,,,,,,,,,,,,,,,
15,04,25,1:39.448,+4.263,+0.134,207.4,42,Crowdstrike Racing by APR,LMP2,,,ORECA LMP2 07,M,2160,459,28,85,7637,3,,14209,,,George,Kurtz,Bronze,,USA,,1612,1,Bronze,,,Ben,Hanley,Gold,,GBR,,1275,2,Gold,,,Matt,McMurry,Silver,,USA,,393,3,Silver,,,Esteban,Gutierrez,Platinum,,MEX,,3042,4,Platinum,,,,,,,,,,,,,,,
16,51,22,1:39.705,+4.520,+0.257,206.9,33,Rick Ware Racing,LMP2,,,ORECA LMP2 07,M,2197,307,28,85,7637,3,,14217,,,Eric,Lux,Bronze,,USA,,96,1,Bronze,,,Devlin,Defrancesco,Silver,,CAN,,1625,2,Silver,,,Austin,Cindric,Gold,,USA,,878,3,Gold,,,Pietro,Fittipaldi,Gold,,BRA,,3048,4,Gold,,,,,,,,,,,,,,,
17,20,11,1:39.899,+4.714,+0.194,206.5,35,High Class Racing,LMP2,,,ORECA LMP2 07,M,968,348,28,85,7637,3,,14216,,,Dennis,Andersen,Bronze,,DNK,,3043,1,Bronze,,,Ed,Jones,Gold,,ARE,,2418,2,Gold,,,Anders,Fjordbach,Silver,,DNK,,3044,3,Silver,,,Raffaele,Marciello,Platinum,,CHE,,2259,4,Platinum,,,,,,,,,,,,,,,
18,55,20,1:40.503,+5.318,+0.604,205.2,20,Proton Competition,LMP2,,,ORECA LMP2 07,M,2169,461,28,85,7637,3,,14214,,,Fred,Poordad,Bronze,,USA,,160,1,Bronze,,,Francesco,Pizzi,Silver,,ITA,,3036,6,Silver,,,James,Allen,Gold,,AUS,,1823,2,Gold,,,Giammaria,Bruni,Platinum,,ITA,,3045,4,Platinum,,,,,,,,,,,,,,,
19,8,9,1:41.062,+5.877,+0.559,204.1,12,Tower Motorsports,LMP2,,,ORECA LMP2 07,M,2164,460,28,85,7637,3,,14210,,,John,Farano,Bronze,,CAN,,441,1,Bronze,,,Scott,McLaughlin,Gold,,NZL,,2996,4,Gold,,,Josef,Newgarden,Platinum,,USA,,2982,3,Platinum,,,Kyffin,Simpson,Silver,,IOT,,2779,2,Silver,,,,,,,,,,,,,,,
20,74,24,1:42.491,+7.306,+1.429,201.2,32,Riley,LMP3,,,Ligier JS P320,M,2200,149,36,96,7650,3,,14226,,,Gar,Robinson,Silver,,USA,,861,1,Silver,,,Felipe,Fraga,Gold,,BRA,,1750,2,Gold,,,Josh,Burdon,Silver,,AUS,,2613,3,Silver,,,Glenn,van Berlo,Silver,,NLD,,2997,4,Silver,,,,,,,,,,,,,,,
21,17,26,1:42.799,+7.614,+0.308,200.6,38,AWA,LMP3,,,Duqueine D08,M,2108,217,36,105,7665,3,,14220,,,Anthony,Mantella,Bronze,,CAN,,2682,2,Bronze,,,Wayne,Boyd,Gold,,GBR,,3002,3,Gold,,,Nico,Varrone,Silver,,ARG,,2932,1,Silver,,,Thomas,Merrill,Bronze,,USA,,1458,4,Bronze,,,,,,,,,,,,,,,
22,13,6,1:42.856,+7.671,+0.057,200.5,35,AWA,LMP3,,,Duqueine D08,M,1675,217,36,105,7665,3,,14223,,,Orey,Fidani,Bronze,,CAN,,973,3,Bronze,,,Matthew,Bell,Gold,,GBR,,424,4,Gold,,,Lars,Kern,Silver,,DEU,,1785,1,Silver,,,Moritz,Kranz,Silver,,DEU,,2994,2,Silver,,,,,,,,,,,,,,,
23,87,12,1:42.860,+7.675,+0.004,200.5,36,FastMD Racing,LMP3,,,Duqueine D08,M,2174,267,36,105,7665,3,,14224,,,Yu,Kanamaru,Silver,,JPN,,3040,2,Silver,,,Antonio,Serravalle,Silver,,CAN,,3049,3,Silver,,,Nick,Boulle,Silver,,USA,,1091,4,Silver,,,James,Vance,Silver,,CAN,,486,1,Silver,,,,,,,,,,,,,,,
24,33,7,1:43.033,+7.848,+0.173,200.2,37,Sean Creech Motorsport,LMP3,,,Ligier JS P320,M,1603,286,36,96,7650,3,,14222,,,Lance,Willsey,Bronze,,USA,,664,2,Bronze,,,Joao,Barbosa,Gold,,USA,,182,1,Gold,,,Nico,Pino,Silver,,CHL,,2770,4,Silver,,,Nolan,Siegel,Silver,,USA,,2794,3,Silver,,,,,,,,,,,,,,,
25,85,5,1:43.742,+8.557,+0.709,198.8,17,JDC Miller MotorSports,LMP3,,,Duqueine D08,M,2178,15,36,105,7665,3,,14225,,,Till,Bechtolsheimer,Bronze,,GBR,,1152,1,Bronze,,,Tijmen,van der Helm,Gold,,NLD,,2687,2,Gold,,,Luca,Mars,Silver,,USA,,2469,3,Silver,,,Mason,Filippi,Silver,,USA,,1829,4,Silver,,,,,,,,,,,,,,,
26,38,27,1:44.780,+9.595,+1.038,196.8,34,Performance Tech Motorsports,LMP3,,,Ligier JS P320,M,1678,289,36,96,7650,3,,14218,,,John,DeAngelis,Bronze,,USA,,1642,1,Bronze,,,Christopher,Allen,Silver,,USA,,2480,4,Silver,,,Connor,Bloum,Silver,,USA,,471,2,Silver,,,Cameron,Shields,Silver,,AUS,,2696,3,Silver,,,,,,,,,,,,,,,
27,43,13,1:46.122,+10.937,+1.342,194.4,16,MRS GT-Racing,LMP3,,,Ligier JS P320,M,2163,374,36,96,7650,3,,14221,,,Sebastian,Alvarez,Silver,,MEX,,3052,1,Silver,,,James,French,Silver,,USA,,284,4,Silver,,,Guilherme,de Oliveira,Silver,,PRT,,3027,3,Silver,,,Danial,Frost,Silver,,CHN,,3063,2,Silver,,,,,,,,,,,,,,,
28,32,4,1:46.282,+11.097,+0.160,194.1,35,Team Korthoff Motorsports,GTD,,,Mercedes-AMG GT3,M,2252,463,4,203,7643,3,,14260,,,Mike,Skeen,Silver,,USA,,830,4,Silver,,,Mikael,Grenier,Gold,,CAN,,1624,3,Gold,,,Kenton,Koch,Silver,,USA,,2239,1,Silver,,,Maximilian,Goetz,Platinum,,DEU,,2720,2,Platinum,,,,,,,,,,,,,,,
29,79,22,1:46.400,+11.215,+0.118,193.8,30,WeatherTech Racing,GTDPRO,,,Mercedes-AMG GT3,M,2244,360,41,204,7643,3,,14237,,,Cooper,MacNeil,Silver,,USA,,113,1,Silver,,,Daniel,Juncadella,Platinum,,ESP,,1584,2,Platinum,,,Jules,Gounon,Platinum,,FRA,,1224,3,Platinum,,,Maro,Engel,Platinum,,DEU,,3055,4,Platinum,,,,,,,,,,,,,,,
30,93,5,1:46.418,+11.233,+0.018,193.8,32,Racers Edge Motorsports with WTR,GTD,,,Acura NSX GT3,M,2159,414,4,43,7641,3,,14250,,,Ashton,Harrison,Silver,,USA,,1862,1,Silver,,,Danny,Formal,Silver,,CRI,,2130,2,Silver,,,Kyle,Marcelli,Gold,,CAN,,88,3,Gold,,,Ryan,Briscoe,Platinum,,USA,,358,4,Platinum,,,,,,,,,,,,,,,
31,75,26,1:46.642,+11.457,+0.224,193.4,37,Sun Energy 1,GTD,,,Mercedes-AMG GT3,M,2257,143,4,203,7643,3,,14269,,,Kenny,Habul,Bronze,,AUS,,1115,1,Bronze,,,Luca,Stolz,Platinum,,DEU,,1124,2,Platinum,,,Fabian,Schiller,Gold,,DEU,,1790,3,Gold,,,Axcil,Jefferies,Silver,,ZWE,,3057,4,Silver,,,,,,,,,,,,,,,
32,42,14,1:46.704,+11.519,+0.062,193.3,22,NTE Sport,GTD,,,Lamborghini Huracan GT3 EVO2,M,2203,353,4,194,1609,3,,14267,,,Don,Yount,Bronze,,USA,,399,1,Bronze,,,Jaden,Conwright,Silver,,USA,,2204,2,Silver,,,Kerong,Li,Silver,,USA,,2627,3,Silver,,,Alessio,Deledda,Silver,,ITA,,3041,4,Silver,,,,,,,,,,,,,,,
33,44,4,1:46.715,+11.530,+0.011,193.3,35,Magnus Racing,GTD,,,Aston Martin Vantage GT3,M,1554,32,4,18,73,3,,14254,,,John,Potter,Bronze,,USA,,670,1,Bronze,,,Andy,Lally,Gold,,USA,,25,2,Gold,,,Spencer,Pumpelly,Silver,,USA,,64,3,Silver,,,Nicki,Thiim,Platinum,,DNK,,130,4,Platinum,,,,,,,,,,,,,,,
34,70,6,1:46.751,+11.566,+0.036,193.2,37,Inception Racing,GTD,,,McLaren 720S GT3,M,1520,388,4,81,7651,3,,14264,,,Brendan,Iribe,Bronze,,USA,,2622,1,Bronze,,,Frederik,Schandorff,Gold,,DNK,,2995,2,Gold,,,Ollie,Millroy,Silver,,GBR,,3004,3,Silver,,,Marvin,Kirchhofer,Platinum,,CHE,,3010,4,Platinum,,,,,,,,,,,,,,,
35,78,7,1:46.869,+11.684,+0.118,193.0,37,US RaceTronics,GTD,,,Lamborghini Huracan GT3 EVO2,M,2156,396,4,194,1609,3,,14249,,,Misha,Goikhberg,Silver,,RUS,,168,1,Silver,,,Loris,Spinelli,Gold,,ITA,,3038,2,Gold,,,Benja,Hites,Silver,,CHL,,1630,3,Silver,,,Marco,Mapelli,Platinum,,ITA,,3019,4,Platinum,,,,,,,,,,,,,,,
36,23,12,1:46.871,+11.686,+0.002,193.0,29,Heart of Racing Team,GTDPRO,,,Aston Martin Vantage GT3,M,2246,294,41,18,73,3,,14239,,,Ross,Gunn,Gold,,GBR,,1905,1,Gold,,,Alex,Riberas,Gold,,ESP,,659,2,Gold,,,David,Pittard,Gold,,GBR,,2744,3,Gold,,,,,,,,,,,,,,,,,,,,,
37,3,16,1:46.937,+11.752,+0.066,192.9,33,Corvette Racing,GTDPRO,,,Chevrolet Corvette C8.R GTD,M,2253,23,41,110,105,3,,14243,,,Antonio,Garcia,Platinum,,ESP,,12,1,Platinum,,,Jordan,Taylor,Platinum,,USA,,13,2,Platinum,,,Tommy,Milner,Platinum,,USA,,15,3,Platinum,,,,,,,,,,,,,,,,,,,,,
38,64,5,1:47.039,+11.854,+0.102,192.7,16,TGM/TF Sport,GTDPRO,,,Aston Martin Vantage GT3,M,2254,464,41,18,73,3,,14244,,,Ted,Giovanis,Bronze,,USA,,489,1,Bronze,,,Hugh,Plumb,Bronze,,USA,,421,3,Bronze,,,Matt,Plumb,Silver,,USA,,429,2,Silver,,,Owen,Trinkler,Silver,,USA,,519,5,Silver,,,,,,,,,,,,,,,
39,14,28,1:47.057,+11.872,+0.018,192.7,31,Vasser Sullivan,GTDPRO,,,Lexus RC F GT3,M,2250,336,41,46,7644,3,,14241,,,Jack,Hawksworth,Gold,,GBR,,838,2,Gold,,,Ben,Barnicoat,Platinum,,GBR,,2620,1,Platinum,,,Mike,Conway,Platinum,,GBR,,2710,3,Platinum,,,,,,,,,,,,,,,,,,,,,
40,12,9,1:47.097,+11.912,+0.040,192.6,33,VasserSullivan,GTD,,,Lexus RC F GT3,M,931,336,4,46,7644,3,,14259,,,Aaron,Telitz,Gold,,USA,,1780,2,Gold,,,Frankie,Montecalvo,Silver,,USA,,1279,1,Silver,,,Kyle,Kirkwood,Gold,,USA,,1755,3,Gold,,,Parker,Thompson,Silver,,CAN,,1877,4,Silver,,,,,,,,,,,,,,,
41,27,17,1:47.246,+12.061,+0.149,192.3,32,Heart of Racing Team,GTD,,,Aston Martin Vantage GT3,M,1510,294,4,18,73,3,,14252,,,Roman,De Angelis,Silver,,CAN,,1379,1,Silver,,,Marco,Sorensen,Platinum,,MCO,,2721,2,Platinum,,,Ian,James,Silver,,USA,,453,3,Silver,,,Darren,Turner,Gold,,GBR,,3032,4,Gold,,,,,,,,,,,,,,,
42,66,11,1:47.439,+12.254,+0.193,192.0,35,Gradient Racing,GTD,,,Acura NSX GT3,M,1416,328,4,43,7641,3,,14253,,,Sheena,Monk,Bronze,,USA,,1532,3,Bronze,,,Katherine,Legge,Gold,,GBR,,2305,1,Gold,,,Mario,Farnbacher,Gold,,DEU,,2685,2,Gold,,,Marc,Miller,Silver,,USA,,455,5,Silver,,,,,,,,,,,,,,,
43,1,26,1:47.527,+12.342,+0.088,191.8,38,Paul Miller Racing,GTD,,,BMW M4 GT3,M,1558,34,4,111,74,3,,14251,,,Bryan,Sellers,Gold,,USA,,18,1,Gold,,,Madison,Snow,Silver,,USA,,155,2,Silver,,,Corey,Lewis,Silver,,USA,,763,3,Silver,,,Maxime,Martin,Platinum,,BEL,,360,4,Platinum,,,,,,,,,,,,,,,
44,19,28,1:47.570,+12.385,+0.043,191.7,32,Iron Lynx,GTD,,,Lamborghini Huracan GT3 EVO2,M,2176,462,4,194,1609,3,,14258,,,Claudio,Schiavoni,Bronze,,ITA,,3039,1,Bronze,,,Rolf,Ineichen,Silver,,CHE,,2991,2,Silver,,,Raffaele,Giammaria,Silver,,ITA,,3011,3,Silver,,,Franck,Perera,Platinum,,FRA,,3012,4,Platinum,,,,,,,,,,,,,,,
45,47,4,1:47.586,+12.401,+0.016,191.7,18,CETILAR RACING,GTD,,,Ferrari 296 GT3,M,2171,337,4,191,106,3,,14255,,,Roberto,Lacorte,Bronze,,ITA,,2452,1,Bronze,,,Giorgio,Sernagiotto,Silver,,ITA,,2288,2,Silver,,,Antonio,Fuoco,Platinum,,ITA,,2306,3,Platinum,,,Alessandro,Balzan,Gold,,ITA,,681,4,Gold,,,,,,,,,,,,,,,
46,63,17,1:47.705,+12.520,+0.119,191.5,34,Iron Lynx,GTDPRO,,,Lamborghini Huracan GT3 EVO2,M,2247,462,41,194,1609,3,,14240,,,Andrea,Caldarelli,Platinum,,ITA,,1228,1,Platinum,,,Mirko,Bortolotti,Platinum,,ITA,,1102,6,Platinum,,,Jordan,Pepper,Platinum,,ZAF,,3014,3,Platinum,,,Romain,Grosjean,Platinum,,CHE,,3003,4,Platinum,,,,,,,,,,,,,,,
47,95,21,1:47.854,+12.669,+0.149,191.2,32,Turner Motorsport,GTDPRO,,,BMW M4 GT3,M,2243,38,41,111,74,3,,14236,,,Bill,Auberlen,Gold,,USA,,39,1,Gold,,,Chandler,Hull,Silver,,USA,,2152,2,Silver,,,Bruno,Spengler,Platinum,,CAN,,903,3,Platinum,,,John,Edwards,Platinum,,USA,,942,4,Platinum,,,,,,,,,,,,,,,
48,62,7,1:48.126,+12.941,+0.272,190.8,24,Risi Competizione,GTDPRO,,,Ferrari 296 GT3,M,2245,26,41,191,106,3,,14238,,,Alessandro,Pier Guidi,Platinum,,ITA,,2238,1,Platinum,,,James,Calado,Platinum,,GBR,,1096,2,Platinum,,,Daniel,Serra,Platinum,,BRA,,687,3,Platinum,,,Davide,Rigon,Platinum,,ITA,,679,4,Platinum,,,,,,,,,,,,,,,
49,21,26,1:48.257,+13.072,+0.131,190.5,32,AF Corse,GTD,,,Ferrari 296 GT3,M,2172,333,4,191,106,3,,14256,,,Simon,Mann,Silver,,USA,,2435,1,Silver,,,Luis,Perez Companc,Bronze,,ARG,,2719,2,Bronze,,,Miguel,Molina,Platinum,,ESP,,1611,3,Platinum,,,Francesco,Castellacci,Silver,,ITA,,2998,4,Silver,,,,,,,,,,,,,,,
50,77,5,1:48.275,+13.090,+0.018,190.5,30,Wright Motorsports,GTD,,,Porsche 911 GT3 R (992),M,2185,111,4,192,112,3,,14261,,,Alan,Brynjolfsson,Bronze,,USA,,1271,1,Bronze,,,Trent,Hindman,Gold,,USA,,244,2,Gold,,,Maxwell,Root,Silver,,USA,,1654,3,Silver,,,Kevin,Estre,Platinum,,FRA,,183,4,Platinum,,,,,,,,,,,,,,,
51,96,24,1:48.353,+13.168,+0.078,190.4,29,Turner Motorsport,GTD,,,BMW M4 GT3,M,1553,38,4,111,74,3,,14247,,,Patrick,Gallagher,Silver,,USA,,1593,1,Silver,,,Robby,Foley,Gold,,USA,,1302,2,Gold,,,Michael,Dinan,Silver,,USA,,2775,3,Silver,,,Jens,Klingmann,Gold,,DEU,,902,4,Gold,,,,,,,,,,,,,,,
52,83,31,1:48.354,+13.169,+0.001,190.4,36,Iron Dames,GTD,,,Lamborghini Huracan GT3 EVO2,M,2175,462,4,194,1609,3,,14257,,,Rahel,Frey,Gold,,CHE,,1550,1,Gold,,,Sarah,Bovy,Bronze,,BEL,,3005,2,Bronze,,,Michelle,Gatting,Silver,,DNK,,3053,3,Silver,,,Doriane,Pin,Silver,,FRA,,3018,4,Silver,,,,,,,,,,,,,,,
53,023,23,1:48.396,+13.211,+0.042,190.3,28,Triarsi Competizione,GTD,,,Ferrari 296 GT3,M,2153,458,4,191,106,3,,14248,,,Onofrio,Triarsi,Silver,,USA,,1463,1,Silver,,,Charles,Scardina,Bronze,,USA,,2609,2,Bronze,,,Alessio,Rovera,Platinum,,ITA,,2741,3,Platinum,,,Andrea,Bertolini,Gold,,ITA,,2985,4,Gold,,,,,,,,,,,,,,,
54,80,13,1:48.467,+13.282,+0.071,190.2,35,AO Racing,GTD,,,Porsche 911 GT3 R (992),M,2204,466,4,192,112,3,,14268,,,PJ,Hyett,Bronze,,USA,,2947,1,Bronze,,,Seb,Priaulx,Gold,,GBR,,3009,2,Gold,,,Gunnar,Jeannette,Silver,,USA,,308,3,Silver,,,Harry,Tincknell,Platinum,,GBR,,1288,4,Platinum,,,,,,,,,,,,,,,
55,53,5,1:48.539,+13.354,+0.072,190.0,31,MDK Motorsports,GTDPRO,,,Porsche 911 GT3 R (992),M,2186,428,41,192,112,3,,14262,,,Mark,Kvamme,Bronze,,USA,,2422,1,Bronze,,,Trenton,Estep,Silver,,USA,,1353,2,Silver,,,Jan,Magnussen,Gold,,DNK,,11,3,Gold,,,Jason,Hart,Silver,,USA,,699,4,Silver,,,,,,,,,,,,,,,
56,9,6,1:48.577,+13.392,+0.038,190.0,30,Pfaff Motorsports,GTDPRO,,,Porsche 911 GT3 R (992),M,2251,390,41,192,112,3,,14242,,,Klaus,Bachler,Platinum,,AUT,,663,2,Platinum,,,Patrick,Pilet,Platinum,,FRA,,3037,3,Platinum,,,Laurens,Vanthoor,Platinum,,BEL,,1241,4,Platinum,,,,,,,,,,,,,,,,,,,,,
57,92,5,1:48.601,+13.416,+0.024,189.9,17,Kellymoss with Riley,GTD,,,Porsche 911 GT3 R (992),M,2201,465,4,192,112,3,,14265,,,David,Brule,Bronze,,USA,,2924,1,Bronze,,,Alec,Udell,Silver,,USA,,866,2,Silver,,,Andrew,Davis,Silver,,USA,,329,3,Silver,,,Jeroen,Bleekemolen,Gold,,NLD,,3007,4,Gold,,,,,,,,,,,,,,,
58,16,20,1:48.663,+13.478,+0.062,189.8,34,Wright Motorsports,GTD,,,Porsche 911 GT3 R (992),M,2193,111,4,192,112,3,,14263,,,Ryan,Hardwick,Bronze,,USA,,1256,1,Bronze,,,Jan,Heylen,Gold,,USA,,184,3,Gold,,,Zacharie,Robichon,Silver,,CAN,,1176,2,Silver,,,Dennis,Olsen,Platinum,,NOR,,1727,4,Platinum,,,,,,,,,,,,,,,
59,91,4,1:48.696,+13.511,+0.033,189.8,33,Kellymoss with Riley,GTD,,,Porsche 911 GT3 R (992),M,2202,465,4,192,112,3,,14266,,,Alan,Metni,Bronze,,USA,,1344,1,Bronze,,,Kay,van Berlo,Silver,,NLD,,1759,2,Silver,,,Jaxon,Evans,Gold,,NZL,,3034,3,Gold,,,Julien,Andlauer,Gold,,FRA,,2753,4,Gold,,,,,,,,,,,,,,,
60,36,2,1:49.188,+14.003,+0.492,188.9,3,Andretti Autosport,LMP3,,,Ligier JS P320,M,1681,357,36,96,7650,3,,14219,,,Jarett,Andretti,Silver,,USA,,2292,1,Silver,,,Gabby,Chaves,Gold,,COL,,600,2,Gold,,,Dakota,Dickerson,Silver,,USA,,1756,3,Silver,,,Rasmus,Lindh,Silver,,SWE,,2101,4,Silver,,,,,,,,,,,,,,,
61,57,0,,,,,0,Winward Racing,GTD,,,Mercedes-AMG GT3,M,2240,304,4,203,7643,3,,14246,,,Russell,Ward,Silver,,USA,,1252,1,Silver,,,Philip,Ellis,Gold,,DEU,,1936,2,Gold,,,Indy,Dontje,Silver,,NLD,,3061,3,Silver,,,Lucas,Auer,Platinum,,AUT,,2750,4,Platinum,,,,,,,,,,,,,,,
