﻿POS,NUMBER,LAP,TIME,GAP_FIRST,GAP_PREVIOUS,KPH, LAPS,TEAM,CLASS,GROUP,DIVISION,VEHICLE,TIRES,IMSA_CarId,IMSA_TeamId,IMSA_ClassId,IMSA_CarTypeId,IMSA_ManufacturerId,IMSA_TireId,IMSA_SponsorId,IMSA_EventEntryId,*Extra 9,*Extra 10,DRIVER1_FIRSTNAME,DRIVER1_SECONDNAME,DRIVER1_LICENSE,DRIVER1_HOMETOWN,DRIVER1_COUNTRY,DRIVER1_SHORTNAME,DRIVER1_IMSA_DriverId,DRIVER1_IMSA_DriverPlugId,DRIVER1_IMSA_DriverRatingLong,DRIVER1_*Extra 4,DRIVER1_*Extra 5,DRIVER2_FIRSTNAME,DRIVER2_SECONDNAME,DRIVER2_LICENSE,DRIVER2_HOMETOWN,DRIVER2_COUNTRY,DRIVER2_SHORTNAME,DRIVER2_IMSA_DriverId,DRIVER2_IMSA_DriverPlugId,DRIVER2_IMSA_DriverRatingLong,DRIVER2_*Extra 4,DRIVER2_*Extra 5,DRIVER3_FIRSTNAME,DRIVER3_SECONDNAME,DRIVER3_LICENSE,DRIVER3_HOMETOWN,DRIVER3_COUNTRY,DRIVER3_SHORTNAME,DRIVER3_IMSA_DriverId,DRIVER3_IMSA_DriverPlugId,DRIVER3_IMSA_DriverRatingLong,DRIVER3_*Extra 4,DRIVER3_*Extra 5,DRIVER4_FIRSTNAME,DRIVER4_SECONDNAME,DRIVER4_LICENSE,DRIVER4_HOMETOWN,DRIVER4_COUNTRY,DRIVER4_SHORTNAME,DRIVER4_IMSA_DriverId,DRIVER4_IMSA_DriverPlugId,DRIVER4_IMSA_DriverRatingLong,DRIVER4_*Extra 4,DRIVER4_*Extra 5,DRIVER5_FIRSTNAME,DRIVER5_SECONDNAME,DRIVER5_LICENSE,DRIVER5_HOMETOWN,DRIVER5_COUNTRY,DRIVER5_SHORTNAME,DRIVER5_IMSA_DriverId,DRIVER5_IMSA_DriverPlugId,DRIVER5_IMSA_DriverRatingLong,DRIVER5_*Extra 4,DRIVER5_*Extra 5,DRIVER6_FIRSTNAME,DRIVER6_SECONDNAME,DRIVER6_LICENSE,DRIVER6_HOMETOWN,DRIVER6_COUNTRY,DRIVER6_SHORTNAME,DRIVER6_IMSA_DriverId,DRIVER6_IMSA_DriverPlugId,DRIVER6_IMSA_DriverRatingLong,DRIVER6_*Extra 4,DRIVER6_*Extra 5,
1,31,30,1:35.217,-,-,216.6,37,Whelen Engineering Cadillac Racing,GTP,,,Cadillac V-Series.R,M,2399,344,44,200,7646,3,,16412,,,Pipo,Derani,Platinum,,BRA,,1083,3,Platinum,,,Jack,Aitken,Platinum,,GBR,,2986,4,Platinum,,,Tom,Blomqvist,Platinum,,MCO,,1718,2,Platinum,,,,,,,,,,,,,,,,,,,,,
2,25,14,1:35.594,+0.377,+0.377,215.8,32,BMW M Team RLL,GTP,,,BMW M Hybrid V8,M,2155,395,44,190,74,3,,16407,,,Connor,De Phillippi,Gold,,USA,,698,2,Gold,,,Nick,Yelloly,Platinum,,GBR,,2205,1,Platinum,,,Maxime,Martin,Platinum,,BEL,,360,3,Platinum,,,Rene,Rast,Platinum,,AUT,,674,4,Platinum,,,,,,,,,,,,,,,
3,6,12,1:35.721,+0.504,+0.127,215.5,32,Porsche Penske Motorsports,GTP,,,Porsche 963,M,2189,200,44,193,112,3,,16405,,,Nick,Tandy,Platinum,,GBR,,124,1,Platinum,,,Mathieu,Jaminet,Platinum,,LUX,,2707,2,Platinum,,,Kevin,Estre,Platinum,,FRA,,183,4,Platinum,,,Laurens,Vanthoor,Platinum,,BEL,,2727,3,Platinum,,,,,,,,,,,,,,,
4,10,3,1:35.945,+0.728,+0.224,215.0,40,Wayne Taylor Racing with Andretti,GTP,,,Acura ARX-06,M,2528,277,44,195,7641,3,,16410,,,Ricky,Taylor,Platinum,,USA,,608,1,Platinum,,,Filipe,Albuquerque,Platinum,,PRT,,1194,2,Platinum,,,Brendon,Hartley,Platinum,,NZL,,304,3,Platinum,,,Marcus,Ericsson,Platinum,,SWE,,2689,4,Platinum,,,,,,,,,,,,,,,
5,24,30,1:36.143,+0.926,+0.198,214.5,30,BMW M Team RLL,GTP,,,BMW M Hybrid V8,M,2154,395,44,190,74,3,,16408,,,Jesse,Krohn,Gold,,FIN,,2414,2,Gold,,,Augusto,Farfus,Platinum,,MCO,,701,4,Platinum,,,Philipp,Eng,Platinum,,AUT,,883,1,Platinum,,,Dries,Vanthoor,Platinum,,BEL,,1786,3,Platinum,,,,,,,,,,,,,,,
6,01,4,1:36.160,+0.943,+0.017,214.5,34,Cadillac Racing,GTP,,,Cadillac V-Series.R,M,2398,339,44,200,7646,3,,16409,,,Renger,van der Zande,Platinum,,NLD,,3170,1,Platinum,,,Sebastien,Bourdais,Platinum,,FRA,,602,2,Platinum,,,Scott,Dixon,Platinum,,NZL,,2699,4,Platinum,,,Alex,Palou,Platinum,,ESP,,2697,3,Platinum,,,,,,,,,,,,,,,
7,40,23,1:36.294,+1.077,+0.134,214.2,38,Wayne Taylor Racing with Andretti,GTP,,,Acura ARX-06,M,2529,277,44,195,7641,3,,16411,,,Jordan,Taylor,Platinum,,USA,,13,1,Platinum,,,Louis,Deletraz,Gold,,CHE,,3171,2,Gold,,,Colton,Herta,Gold,,USA,,1602,3,Gold,,,Jenson,Button,Platinum,,GBR,,3167,4,Platinum,,,,,,,,,,,,,,,
8,7,14,1:36.361,+1.144,+0.067,214.0,33,Porsche Penske Motorsports,GTP,,,Porsche 963,M,2190,200,44,193,112,3,,16406,,,Dane,Cameron,Platinum,,USA,,54,4,Platinum,,,Felipe,Nasr,Platinum,,BRA,,1598,2,Platinum,,,Matt,Campbell,Platinum,,AUS,,1791,1,Platinum,,,Josef,Newgarden,Platinum,,USA,,2982,3,Platinum,,,,,,,,,,,,,,,
9,5,12,1:36.746,+1.529,+0.385,213.2,45,Proton Competition,GTP,,,Porsche 963,M,2545,461,44,193,112,3,,16414,,,Gianmaria,Bruni,Platinum,,ITA,,22,1,Platinum,,,Neel,Jani,Platinum,,CHE,,1267,2,Platinum,,,Alessio,Picariello,Gold,,BEL,,1639,3,Gold,,,Romain,Dumas,Platinum,,FRA,,291,4,Platinum,,,,,,,,,,,,,,,
10,85,6,1:37.260,+2.043,+0.514,212.1,42,JDC-Miller MotorSports,GTP,,,Porsche 963,M,2538,15,44,193,112,3,,16413,,,Tijmen,van der Helm,Gold,,NLD,,2687,1,Gold,,,Phil,Hanson,Gold,,GBR,,2754,3,Gold,,,Ben,Keating,Bronze,,USA,,378,4,Bronze,,,Richard,Westbrook,Platinum,,GBR,,3198,2,Platinum,,,,,,,,,,,,,,,
11,18,4,1:39.674,+4.457,+2.414,206.9,37,Era Motorsport,LMP2,,,ORECA LMP2 07,M,761,291,28,85,7637,3,,16461,,,Dwight,Merriman,Bronze,,USA,,1930,1,Bronze,,,Ryan,Dalziel,Gold,,GBR,,192,2,Gold,,,Christian,Rasmussen,Gold,,DNK,,2966,4,Gold,,,Connor,Zilisch,Silver,,USA,,2624,3,Silver,,,,,,,,,,,,,,,
12,33,4,1:39.927,+4.710,+0.253,206.4,45,Sean Creech Motorsport,LMP2,,,Ligier  LMP2,M,2532,286,28,52,7650,3,,16463,,,Lance,Willsey,Bronze,,USA,,664,2,Bronze,,,Joao,Barbosa,Gold,,USA,,182,1,Gold,,,Nolan,Siegel,Gold,,USA,,2794,3,Gold,,,Jonny,Edgar,Silver,,GBR,,3205,4,Silver,,,,,,,,,,,,,,,
13,88,18,1:40.027,+4.810,+0.100,206.2,34,Richard Mille AF Corse,LMP2,,,ORECA LMP2 07,M,2544,510,28,85,7637,3,,16464,,,Luis,Perez Companc,Bronze,,ARG,,2719,1,Bronze,,,Nicklas,Nielsen,Platinum,,DNK,,2065,2,Platinum,,,Lilou,Wadoux Ducellier,Silver,,FRA,,3117,3,Silver,,,Matthieu,Vaxiviere,Gold,,FRA,,3225,4,Gold,,,,,,,,,,,,,,,
14,52,13,1:40.161,+4.944,+0.134,205.9,43,Inter Europol by PR1 Mathiasen Motorsports,LMP2,,,ORECA LMP2 07,M,776,16,28,85,7637,3,,16456,,,Jakub,Smiechowski,Silver,,POL,,3197,1,Silver,,,Nick,Boulle,Bronze,,USA,,1091,2,Bronze,,,Tom,Dillmann,Gold,,FRA,,3203,3,Gold,,,Clement,Novalak,Gold,,FRA,,3199,4,Gold,,,,,,,,,,,,,,,
15,2,31,1:40.206,+4.989,+0.045,205.8,43,United Autosports USA,LMP2,,,ORECA LMP2 07,M,2515,382,28,85,7637,3,,16454,,,Ben,Hanley,Gold,,GBR,,1275,3,Gold,,,Patricio,O'Ward,Platinum,,MEX,,1132,4,Platinum,,,Ben,Keating,Bronze,,USA,,378,5,Bronze,,,Nico,Pino,Silver,,CHL,,3196,2,Silver,,,,,,,,,,,,,,,
16,22,19,1:40.216,+4.999,+0.010,205.8,43,United Autosports USA,LMP2,,,ORECA LMP2 07,M,2516,382,28,85,7637,3,,16455,,,Daniel,Goldburg,Bronze,,USA,,1915,5,Bronze,,,Paul,Di Resta,Platinum,,MCO,,1605,3,Platinum,,,Bijoy,Garg,Silver,,USA,,3050,2,Silver,,,Felix,Rosenqvist,Gold,,SWE,,1093,4,Gold,,,,,,,,,,,,,,,
17,20,27,1:40.362,+5.145,+0.146,205.5,40,MDK by High Class Racing,LMP2,,,ORECA LMP2 07,M,968,348,28,85,7637,3,,16460,,,Dennis,Andersen,Bronze,,DNK,,3178,1,Bronze,,,Seth,Lucas,Silver,,USA,,3067,2,Silver,,,Laurents,Hoerr,Gold,,DEU,,3186,4,Gold,,,Scott,Huffaker,Gold,,USA,,1852,3,Gold,,,,,,,,,,,,,,,
18,8,39,1:40.518,+5.301,+0.156,205.2,40,Tower Motorsports,LMP2,,,ORECA LMP2 07,M,2164,460,28,85,7637,3,,16462,,,John,Farano,Bronze,,CAN,,441,1,Bronze,,,Michael,Dinan,Silver,,USA,,2775,2,Silver,,,Ferdinand,Habsburg-Lothringen,Gold,,AUT,,1610,3,Gold,,,Scott,McLaughlin,Platinum,,NZL,,2996,4,Platinum,,,,,,,,,,,,,,,
19,04,41,1:40.645,+5.428,+0.127,204.9,43,Crowdstrike Racing by APR,LMP2,,,ORECA LMP2 07,M,2160,459,28,85,7637,3,,16457,,,George,Kurtz,Bronze,,USA,,1612,1,Bronze,,,Colin,Braun,Gold,,USA,,61,2,Gold,,,Toby,Sowery,Silver,,GBR,,3202,3,Silver,,,Malthe,Jakobsen,Gold,,DNK,,3224,4,Gold,,,,,,,,,,,,,,,
20,99,38,1:40.748,+5.531,+0.103,204.7,43,AO Racing,LMP2,,,ORECA LMP2 07,M,2523,466,28,85,7637,3,,16459,,,PJ,Hyett,Bronze,,USA,,2947,1,Bronze,,,Paul-Loup,Chatin,Gold,,FRA,,2401,2,Gold,,,Matt,Brabham,Silver,,USA,,3220,3,Silver,,,Alex,Quinn,Gold,,GBR,,2983,4,Gold,,,,,,,,,,,,,,,
21,11,17,1:40.761,+5.544,+0.013,204.7,41,TDS Racing,LMP2,,,ORECA LMP2 07,M,2166,335,28,85,7637,3,,16453,,,Steven,Thomas,Bronze,,USA,,1919,1,Bronze,,,Mikkel,Jensen,Platinum,,DNK,,2088,2,Platinum,,,Hunter,McElrea,Silver,,AUS,,3187,4,Silver,,,Charles,Milesi,Gold,,FRA,,2274,3,Gold,,,,,,,,,,,,,,,
22,74,5,1:40.884,+5.667,+0.123,204.4,39,Riley,LMP2,,,ORECA LMP2 07,M,2521,149,28,85,7637,3,,16458,,,Gar,Robinson,Bronze,,USA,,861,1,Bronze,,,Felipe,Fraga,Gold,,BRA,,1750,2,Gold,,,Josh,Burdon,Silver,,AUS,,2613,3,Silver,,,Felipe,Massa,Platinum,,BRA,,3208,4,Platinum,,,,,,,,,,,,,,,
23,81,33,1:40.954,+5.737,+0.070,204.3,42,DragonSpeed,LMP2,,,ORECA LMP2 07,M,2586,528,28,85,7637,3,,16465,,,Eric,Lux,Bronze,,USA,,96,1,Bronze,,,Kyffin,Simpson,Gold,,CYM,,2779,2,Gold,,,James,Allen,Gold,,AUS,,1823,3,Gold,,,Sebastian,Alvarez,Silver,,MEX,,3243,4,Silver,,,,,,,,,,,,,,,
24,64,5,1:46.494,+11.277,+5.540,193.7,39,Ford Multimatic Motorsports,GTDPRO,,,Ford Mustang GT3,M,2527,498,41,231,107,3,,16423,,,Mike,Rockenfeller,Platinum,,CHE,,625,2,Platinum,,,Christopher,Mies,Platinum,,DEU,,768,3,Platinum,,,Harry,Tincknell,Platinum,,GBR,,1288,1,Platinum,,,,,,,,,,,,,,,,,,,,,
25,120,35,1:46.741,+11.524,+0.247,193.2,41,Wright Motorsports,GTD,,,Porsche 911 GT3 R (992),M,2546,111,4,192,112,3,,16449,,,Adam,Adelson,Silver,,USA,,2868,1,Silver,,,Elliott,Skeer,Silver,,USA,,788,2,Silver,,,Jan,Heylen,Gold,,USA,,184,3,Gold,,,Fred,Makowiecki,Platinum,,FRA,,2003,4,Platinum,,,,,,,,,,,,,,,
26,62,4,1:46.760,+11.543,+0.019,193.2,31,Risi Competizione,GTDPRO,,,Ferrari 296 GT3,M,2518,26,41,191,106,3,,16416,,,Daniel,Serra,Platinum,,BRA,,687,1,Platinum,,,Davide,Rigon,Platinum,,ITA,,679,2,Platinum,,,Alessandro,Pier Guidi,Platinum,,ITA,,2238,3,Platinum,,,James,Calado,Platinum,,GBR,,1096,4,Platinum,,,,,,,,,,,,,,,
27,34,12,1:46.894,+11.677,+0.134,193.0,37,Conquest Racing,GTD,,,Ferrari 296 GT3,M,2536,284,4,191,106,3,,16443,,,Manny,Franco,Silver,,USA,,2584,1,Silver,,,Albert,Costa Balboa,Platinum,,ESP,,3213,2,Platinum,,,Alessandro,Balzan,Gold,,ITA,,681,3,Gold,,,Cedric,Sbirrazzuoli,Silver,,MCO,,3182,4,Silver,,,,,,,,,,,,,,,
28,3,8,1:46.971,+11.754,+0.077,192.8,39,Corvette Racing by Pratt Miller Motorsports,GTDPRO,,,Chevrolet Corvette Z06 GT3.R,M,2525,23,41,232,105,3,,16421,,,Antonio,Garcia,Platinum,,ESP,,12,1,Platinum,,,Alexander,Sims,Platinum,,GBR,,1261,2,Platinum,,,Daniel,Juncadella,Platinum,,ESP,,1584,3,Platinum,,,,,,,,,,,,,,,,,,,,,
29,92,17,1:46.980,+11.763,+0.009,192.8,25,Kellymoss with Riley,GTD,,,Porsche 911 GT3 R (992),M,2201,465,4,192,112,3,,16434,,,David,Brule,Bronze,,USA,,2924,1,Bronze,,,Alec,Udell,Silver,,USA,,866,2,Silver,,,Trent,Hindman,Gold,,USA,,244,4,Gold,,,Julien,Andlauer,Gold,,FRA,,3237,3,Gold,,,,,,,,,,,,,,,
30,4,8,1:47.008,+11.791,+0.028,192.7,36,Corvette Racing by Pratt Miller Motorsports,GTDPRO,,,Chevrolet Corvette Z06 GT3.R,M,2526,23,41,232,105,3,,16422,,,Tommy,Milner,Platinum,,USA,,15,1,Platinum,,,Nicky,Catsburg,Platinum,,NLD,,3183,2,Platinum,,,Earl,Bamber,Platinum,,NZL,,651,3,Platinum,,,,,,,,,,,,,,,,,,,,,
31,21,25,1:47.010,+11.793,+0.002,192.7,41,Af Corse,GTD,,,Ferrari 296 GT3,M,2172,333,4,191,106,3,,16436,,,Simon,Mann,Silver,,CHE,,2435,1,Silver,,,Francois,Heriau,Bronze,,FRA,,2749,2,Bronze,,,Kei,Cozzolino,Gold,,JPN,,3188,4,Gold,,,Miguel,Molina,Platinum,,ESP,,1611,3,Platinum,,,,,,,,,,,,,,,
32,47,27,1:47.074,+11.857,+0.064,192.6,41,CETILAR RACING,GTD,,,Ferrari 296 GT3,M,2171,337,4,191,106,3,,16435,,,Roberto,Lacorte,Bronze,,ITA,,2452,1,Bronze,,,Giorgio,Sernagiotto,Silver,,ITA,,2767,2,Silver,,,Eddie,Cheever,Gold,,ITA,,3191,4,Gold,,,Antonio,Fuoco,Platinum,,MCO,,2766,3,Platinum,,,,,,,,,,,,,,,
33,12,4,1:47.077,+11.860,+0.003,192.6,31,Vasser Sullivan,GTD,,,Lexus RC F GT3,M,931,336,4,46,7644,3,,16445,,,Frankie,Montecalvo,Silver,,USA,,1279,1,Silver,,,Parker,Thompson,Silver,,CAN,,1877,2,Silver,,,Aaron,Telitz,Gold,,USA,,1780,3,Gold,,,Ritomo,Miyata,Gold,,JPN,,3193,4,Gold,,,,,,,,,,,,,,,
34,13,25,1:47.082,+11.865,+0.005,192.6,40,AWA,GTD,,,Chevrolet Corvette Z06 GT3.R,M,2514,217,4,110,105,3,,16430,,,Lars,Kern,Silver,,DEU,,1785,3,Silver,,,Matthew,Bell,Gold,,GBR,,424,2,Gold,,,Orey,Fidani,Bronze,,CAN,,973,1,Bronze,,,Alex,Lynn,Platinum,,GBR,,3223,4,Platinum,,,,,,,,,,,,,,,
35,78,26,1:47.095,+11.878,+0.013,192.6,38,Forte Racing,GTD,,,Lamborghini Huracan GT3 EVO2,M,2531,499,4,194,1609,3,,16440,,,Misha,Goikhberg,Silver,,CAN,,168,1,Silver,,,Loris,Spinelli,Gold,,ITA,,2901,2,Gold,,,Devlin,Defrancesco,Silver,,CAN,,1625,3,Silver,,,Sandy,Mitchell,Platinum,,GBR,,1861,4,Platinum,,,,,,,,,,,,,,,
36,77,28,1:47.172,+11.955,+0.077,192.5,43,AO Racing,GTDPRO,,,Porsche 911 GT3 R (992),M,2524,466,41,192,112,3,,16420,,,Laurin,Heinrich,Gold,,DEU,,3190,1,Gold,,,Seb,Priaulx,Gold,,GBR,,3176,2,Gold,,,Michael,Christensen,Platinum,,DNK,,412,3,Platinum,,,,,,,,,,,,,,,,,,,,,
37,65,14,1:47.204,+11.987,+0.032,192.4,32,Ford Multimatic Motorsports,GTDPRO,,,Ford Mustang GT3,M,2535,498,41,231,107,3,,16424,,,Joey,Hand,Gold,,USA,,37,1,Gold,,,Dirk,Mueller,Platinum,,SWZ,,36,2,Platinum,,,Frederic,Vervisch,Gold,,BEL,,1779,3,Gold,,,,,,,,,,,,,,,,,,,,,
38,14,5,1:47.206,+11.989,+0.002,192.4,33,VasserSullivan,GTDPRO,,,Lexus RC F GT3,M,2537,336,41,46,7644,3,,16425,,,Jack,Hawksworth,Gold,,GBR,,838,2,Gold,,,Ben,Barnicoat,Platinum,,GBR,,2620,1,Platinum,,,Kyle,Kirkwood,Gold,,USA,,1755,3,Gold,,,Mike,Conway,Platinum,,GBR,,3201,4,Platinum,,,,,,,,,,,,,,,
39,83,9,1:47.238,+12.021,+0.032,192.3,47,Iron Dames,GTD,,,Lamborghini Huracan GT3 EVO2,M,2539,501,4,194,1609,3,,16447,,,Rahel,Frey,Silver,,CHE,,1550,1,Silver,,,Michelle,Gatting,Gold,,DNK,,3053,2,Gold,,,Sarah,Bovy,Bronze,,BEL,,3005,3,Bronze,,,,,,,,,,,,,,,,,,,,,
40,86,20,1:47.244,+12.027,+0.006,192.3,41,MDK Motorsports,GTD,,,Porsche 911 GT3 R (992),M,2543,428,4,192,112,3,,16448,,,Kerong,Li,Silver,,CHN,,2627,1,Silver,,,Anders,Fjordbach,Silver,,DNK,,3177,2,Silver,,,Larry,Voorde,Silver,,NLD,,3227,3,Silver,,,Klaus,Bachler,Platinum,,AUT,,663,4,Platinum,,,,,,,,,,,,,,,
41,19,7,1:47.252,+12.035,+0.008,192.3,36,Iron Lynx,GTDPRO,,,Lamborghini Huracan GT3 EVO2,M,2541,462,41,194,1609,3,,16427,,,Franck,Perera,Platinum,,FRA,,1617,4,Platinum,,,Jordan,Pepper,Platinum,,ZAF,,3014,3,Platinum,,,Andrea,Caldarelli,Platinum,,ITA,,1228,2,Platinum,,,Mirko,Bortolotti,Platinum,,ITA,,1102,1,Platinum,,,,,,,,,,,,,,,
42,23,17,1:47.254,+12.037,+0.002,192.3,34,Heart of Racing Team,GTDPRO,,,Aston Martin Vantage GT3 Evo,M,2519,294,41,18,73,3,,16417,,,Alex,Riberas,Gold,,ESP,,659,2,Gold,,,Mario,Farnbacher,Gold,,DEU,,3184,3,Gold,,,Ross,Gunn,Platinum,,GBR,,1905,1,Platinum,,,,,,,,,,,,,,,,,,,,,
43,44,33,1:47.259,+12.042,+0.005,192.3,41,Magnus Racing,GTD,,,Aston Martin Vantage GT3 Evo,M,1554,32,4,18,73,3,,16437,,,John,Potter,Bronze,,USA,,670,1,Bronze,,,Andy,Lally,Gold,,USA,,25,2,Gold,,,Spencer,Pumpelly,Silver,,USA,,64,3,Silver,,,Nicki,Thiim,Platinum,,DNK,,130,4,Platinum,,,,,,,,,,,,,,,
44,70,6,1:47.313,+12.096,+0.054,192.2,40,Inception Racing,GTD,,,McLaren 720S GT3 EVO,M,1520,388,4,81,7651,3,,16444,,,Frederik,Schandorff,Gold,,DNK,,3179,2,Gold,,,Tom,Gamble,Gold,,GBR,,2619,4,Gold,,,Ollie,Millroy,Silver,,GBR,,2621,3,Silver,,,Brendan,Iribe,Bronze,,USA,,2622,1,Bronze,,,,,,,,,,,,,,,
45,023,3,1:47.365,+12.148,+0.052,192.1,42,Triarsi Competizione,GTD,,,Ferrari 296 GT3,M,2153,458,4,191,106,3,,16446,,,Onofrio,Triarsi,Silver,,USA,,1463,1,Silver,,,Alessio,Rovera,Platinum,,ITA,,2741,4,Platinum,,,Riccardo,Agostini,Gold,,ITA,,1417,3,Gold,,,Charles,Scardina,Bronze,,USA,,2609,2,Bronze,,,,,,,,,,,,,,,
46,55,11,1:47.394,+12.177,+0.029,192.1,35,Proton Competition,GTD,,,Ford Mustang GT3,M,2549,461,4,231,107,3,,16450,,,Ryan,Hardwick,Bronze,,USA,,1256,1,Bronze,,,Dennis,Olsen,Platinum,,NOR,,1727,2,Platinum,,,Giammarco,Levorato,Silver,,ITA,,3257,3,Silver,,,Corey,Lewis,Silver,,USA,,763,4,Silver,,,,,,,,,,,,,,,
47,9,5,1:47.598,+12.381,+0.204,191.7,36,Pfaff Motorsports,GTDPRO,,,McLaren 720S GT3 EVO,M,2520,390,41,81,7651,3,,16418,,,Marvin,Kirchhöfer,Platinum,,CHE,,3010,2,Platinum,,,Oliver,Jarvis,Platinum,,GBR,,350,3,Platinum,,,Alexander,Rossi,Platinum,,USA,,599,1,Platinum,,,James,Hinchcliffe,Gold,,CAN,,623,4,Gold,,,,,,,,,,,,,,,
48,45,6,1:47.631,+12.414,+0.033,191.6,39,Wayne Taylor Racing with Andretti,GTD,,,Lamborghini Huracan GT3 EVO2,M,2530,277,4,194,1609,3,,16438,,,Kyle,Marcelli,Gold,,CAN,,88,1,Gold,,,Danny,Formal,Silver,,CRI,,2130,2,Silver,,,Graham,Doyle,Silver,,USA,,3104,3,Silver,,,Ashton,Harrison,Silver,,USA,,1862,4,Silver,,,,,,,,,,,,,,,
49,60,37,1:47.650,+12.433,+0.019,191.6,41,Iron Lynx,GTDPRO,,,Lamborghini Huracan GT3 EVO2,M,2540,462,41,194,1609,3,,16426,,,Claudio,Schiavoni,Bronze,,ITA,,3039,1,Bronze,,,Matteo,Cressoni,Silver,,ITA,,1004,2,Silver,,,Romain,Grosjean,Platinum,,SWZ,,3003,3,Platinum,,,Matteo,Cairoli,Platinum,,ITA,,1298,4,Platinum,,,,,,,,,,,,,,,
50,1,17,1:47.679,+12.462,+0.029,191.5,37,Paul Miller Racing,GTDPRO,,,BMW M4 GT3,M,2522,34,41,111,74,3,,16419,,,Bryan,Sellers,Gold,,USA,,18,1,Gold,,,Madison,Snow,Gold,,USA,,155,2,Gold,,,Neil,Verhagen,Gold,,USA,,2286,3,Gold,,,Sheldon,van der Linde,Platinum,,ZAF,,3245,4,Platinum,,,,,,,,,,,,,,,
51,96,36,1:47.752,+12.535,+0.073,191.4,37,Turner Motorsport,GTD,,,BMW M4 GT3,M,1553,38,4,111,74,3,,16439,,,Robby,Foley,Gold,,USA,,1302,2,Gold,,,Patrick,Gallagher,Silver,,USA,,1593,1,Silver,,,Jake,Walker,Silver,,USA,,2949,4,Silver,,,Jens,Klingmann,Gold,,DEU,,902,3,Gold,,,,,,,,,,,,,,,
52,66,12,1:47.906,+12.689,+0.154,191.1,37,Gradient Racing,GTD,,,Acura NSX GT3,M,1416,328,4,43,7641,3,,16433,,,Sheena,Monk,Bronze,,USA,,1532,3,Bronze,,,Katherine,Legge,Gold,,GBR,,2305,1,Gold,,,Tati,Calderon,Silver,,COL,,3209,4,Silver,,,Stevan,McAleer,Gold,,GBR,,460,2,Gold,,,,,,,,,,,,,,,
53,32,9,1:48.005,+12.788,+0.099,191.0,34,Korthoff/Preston Motorsports,GTD,,,Mercedes AMG GT3,M,2517,497,4,224,7643,3,,16431,,,Mike,Skeen,Silver,,USA,,830,4,Silver,,,Kenton,Koch,Silver,,USA,,2239,1,Silver,,,Mikael,Grenier,Gold,,CAN,,1624,3,Gold,,,Maximilian,Goetz,Platinum,,DEU,,2720,2,Platinum,,,,,,,,,,,,,,,
54,27,6,1:48.045,+12.828,+0.040,190.9,39,Heart of Racing Team,GTD,,,Aston Martin Vantage GT3 Evo,M,1510,294,4,18,73,3,,16432,,,Roman,De Angelis,Gold,,CAN,,1379,1,Gold,,,Zacharie,Robichon,Silver,,CAN,,1176,2,Silver,,,Ian,James,Bronze,,USA,,453,3,Bronze,,,Marco,Sorensen,Platinum,,DNK,,2721,4,Platinum,,,,,,,,,,,,,,,
55,43,6,1:48.106,+12.889,+0.061,190.8,35,Andretti Motorsports,GTD,,,Porsche 911 GT3 R (992),M,2533,500,4,192,112,3,,16441,,,Scott,Hargrove,Silver,,CAN,,275,3,Silver,,,Thomas,Preining,Platinum,,AUT,,3255,4,Platinum,,,Jarett,Andretti,Silver,,USA,,2292,1,Silver,,,Gabby,Chaves,Gold,,USA,,600,2,Gold,,,,,,,,,,,,,,,
56,57,5,1:48.236,+13.019,+0.130,190.6,15,Winward Racing,GTD,,,Mercedes AMG GT3,M,2330,304,4,224,7643,3,,16429,,,Russell,Ward,Silver,,USA,,1252,1,Silver,,,Philip,Ellis,Gold,,GBR,,1936,2,Gold,,,Daniel,Morad,Gold,,CAN,,1144,4,Gold,,,Indy,Dontje,Silver,,NLD,,3192,3,Silver,,,,,,,,,,,,,,,
57,80,21,1:48.457,+13.240,+0.221,190.2,36,Lone Star Racing,GTD,,,Mercedes AMG GT3,M,2596,224,4,224,7643,3,,16452,,,Rui,Pinto de Andrade,Silver,,AGO,,3262,2,Silver,,,Scott,Andrews,Gold,,AUS,,1657,3,Gold,,,Salih,Yoluc,Silver,,TUR,,3259,1,Silver,,,Adam,Christodoulou,Gold,,GBR,,1277,5,Gold,,,,,,,,,,,,,,,
58,75,18,1:48.459,+13.242,+0.002,190.2,23,Sun Energy 1,GTDPRO,,,Mercedes AMG GT3,M,2513,143,41,225,7643,3,,16415,,,Jules,Gounon,Platinum,,FRA,,1224,2,Platinum,,,Luca,Stolz,Platinum,,DEU,,3236,3,Platinum,,,Maro,Engel,Platinum,,MCO,,1092,4,Platinum,,,Kenny,Habul,Bronze,,AUS,,1115,1,Bronze,,,,,,,,,,,,,,,
59,17,4,1:48.702,+13.485,+0.243,189.7,12,AWA,GTD,,,Chevrolet Corvette Z06 GT3.R,M,2534,217,4,110,105,3,,16442,,,Anthony,Mantella,Bronze,,CAN,,2682,1,Bronze,,,Nico,Varrone,Gold,,ARG,,2932,2,Gold,,,Thomas,Merrill,Silver,,USA,,1458,3,Silver,,,Charlie,Eastwood,Gold,,IRL,,3206,4,Gold,,,,,,,,,,,,,,,
