﻿NUMBER, DRIVER_NUMBER, LAP_NUMBER, LAP_TIME, LAP_IMPROVEMENT, CROSSING_FINISH_LINE_IN_PIT, S1, S1_IMPROVEMENT, S2, S2_IMPROVEMENT, S3, S3_IMPROVEMENT, KPH, ELAPSED, HOUR,S1_LARGE,S2_LARGE,S3_LARGE,TOP_SPEED,DRIVER_NAME,PIT_TIME,CLASS,GROUP,TEAM,MANUFACTURER,FLAG_AT_FL,
33,3,1,3:02.451,0,,45.326,0,1:40.623,0,36.502,0,118.8,3:02.451,12:08:02.451,0:45.326,1:40.623,0:36.502,,Lance Willsey,0:00:31.834,LMP3,,Sean Creech Motorsport,Ligier,GF,
33,3,2,2:02.200,0,,11.693,0,1:16.523,0,33.984,0,177.3,5:04.651,12:10:04.651,0:11.693,1:16.523,0:33.984,,Lance Willsey,,LMP3,,Sean Creech Motorsport,Ligier,GF,
33,3,3,2:00.484,0,,11.346,0,1:15.349,0,33.789,0,179.8,7:05.135,12:12:05.135,0:11.346,1:15.349,0:33.789,,Lance Willsey,,LMP3,,Sean Creech Motorsport,Ligier,GF,
33,3,4,1:59.300,0,,11.139,0,1:14.557,0,33.604,0,181.6,9:04.435,12:14:04.435,0:11.139,1:14.557,0:33.604,,Lance Willsey,,LMP3,,Sean Creech Motorsport,Ligier,GF,
33,3,5,1:58.991,2,,11.238,0,1:14.448,2,33.305,2,182.1,11:03.426,12:16:03.426,0:11.238,1:14.448,0:33.305,,Lance Willsey,,LMP3,,Sean Creech Motorsport,Ligier,GF,
33,3,6,1:59.324,0,,11.124,2,1:14.671,0,33.529,0,181.6,13:02.750,12:18:02.750,0:11.124,1:14.671,0:33.529,,Lance Willsey,,LMP3,,Sean Creech Motorsport,Ligier,GF,
33,3,7,1:59.424,0,,11.407,0,1:14.609,0,33.408,0,181.4,15:02.174,12:20:02.174,0:11.407,1:14.609,0:33.408,,Lance Willsey,,LMP3,,Sean Creech Motorsport,Ligier,FF,
38,1,1,3:27.870,0,,45.017,0,1:56.075,0,46.778,0,104.2,3:27.870,12:08:27.870,0:45.017,1:56.075,0:46.778,,Rasmus Lindh,0:00:32.578,LMP3,,Performance Tech Motorsports,Ligier,GF,
38,1,2,1:58.431,0,,11.264,0,,0,,0,183.0,5:26.301,12:10:26.301,0:11.264,,,,Rasmus Lindh,,LMP3,,Performance Tech Motorsports,Ligier,GF,
38,1,3,1:56.606,0,,10.965,0,1:12.834,0,32.807,0,185.8,7:22.907,12:12:22.907,0:10.965,1:12.834,0:32.807,,Rasmus Lindh,,LMP3,,Performance Tech Motorsports,Ligier,GF,
38,1,4,1:56.069,0,,10.836,0,1:12.312,3,32.921,0,186.7,9:18.976,12:14:18.976,0:10.836,1:12.312,0:32.921,,Rasmus Lindh,,LMP3,,Performance Tech Motorsports,Ligier,GF,
38,1,5,1:56.001,3,,10.764,0,1:12.545,0,32.692,0,186.8,11:14.977,12:16:14.977,0:10.764,1:12.545,0:32.692,,Rasmus Lindh,,LMP3,,Performance Tech Motorsports,Ligier,GF,
38,1,6,1:56.486,0,,10.761,2,1:12.999,0,32.726,0,186.0,13:11.463,12:18:11.463,0:10.761,1:12.999,0:32.726,,Rasmus Lindh,,LMP3,,Performance Tech Motorsports,Ligier,GF,
38,1,7,1:56.007,0,,10.852,0,1:12.480,0,32.675,3,186.8,15:07.470,12:20:07.470,0:10.852,1:12.480,0:32.675,,Rasmus Lindh,,LMP3,,Performance Tech Motorsports,Ligier,FF,
54,1,1,2:35.046,0,,38.054,0,1:22.552,0,34.440,0,139.8,2:35.046,12:07:35.046,0:38.054,1:22.552,0:34.440,,Jonathan Bennett,0:00:27.486,LMP3,,Core Autosport,Ligier,GF,
54,1,2,1:59.471,0,,11.488,0,1:14.604,0,33.379,0,181.4,4:34.517,12:09:34.517,0:11.488,1:14.604,0:33.379,,Jonathan Bennett,,LMP3,,Core Autosport,Ligier,GF,
54,1,3,1:59.384,0,,10.916,0,1:14.906,0,33.562,0,181.5,6:33.901,12:11:33.901,0:10.916,1:14.906,0:33.562,,Jonathan Bennett,,LMP3,,Core Autosport,Ligier,GF,
54,1,4,2:00.017,0,,10.906,2,1:15.597,0,33.514,0,180.5,8:33.918,12:13:33.918,0:10.906,1:15.597,0:33.514,,Jonathan Bennett,,LMP3,,Core Autosport,Ligier,GF,
54,1,5,1:58.176,0,,11.093,0,1:13.905,2,33.178,2,183.4,10:32.094,12:15:32.094,0:11.093,1:13.905,0:33.178,,Jonathan Bennett,,LMP3,,Core Autosport,Ligier,GF,
54,1,6,1:58.151,2,,11.017,0,1:13.946,0,33.188,0,183.4,12:30.245,12:17:30.245,0:11.017,1:13.946,0:33.188,,Jonathan Bennett,,LMP3,,Core Autosport,Ligier,GF,
54,1,7,1:59.303,0,,10.975,0,1:14.917,0,33.411,0,181.6,14:29.548,12:19:29.548,0:10.975,1:14.917,0:33.411,,Jonathan Bennett,,LMP3,,Core Autosport,Ligier,GF,
54,1,8,1:58.635,0,,10.996,0,1:14.262,0,33.377,0,182.6,16:28.183,12:21:28.183,0:10.996,1:14.262,0:33.377,,Jonathan Bennett,,LMP3,,Core Autosport,Ligier,FF,
7,2,1,2:36.840,0,,44.978,0,1:17.941,0,33.921,0,138.2,2:36.840,12:07:36.840,0:44.978,1:17.941,0:33.921,,Oliver Askew,0:00:35.138,LMP3,,Forty7 Motorsports,Duqueine,GF,
7,2,2,1:58.214,0,,11.099,0,1:13.743,0,33.372,0,183.3,4:35.054,12:09:35.054,0:11.099,1:13.743,0:33.372,,Oliver Askew,,LMP3,,Forty7 Motorsports,Duqueine,GF,
7,2,3,1:58.043,0,,10.838,0,1:14.097,0,33.108,0,183.6,6:33.097,12:11:33.097,0:10.838,1:14.097,0:33.108,,Oliver Askew,,LMP3,,Forty7 Motorsports,Duqueine,GF,
7,2,4,1:56.490,0,,10.696,0,1:12.944,0,32.850,0,186.0,8:29.587,12:13:29.587,0:10.696,1:12.944,0:32.850,,Oliver Askew,,LMP3,,Forty7 Motorsports,Duqueine,GF,
7,2,5,1:59.327,0,,10.687,0,1:15.134,0,33.506,0,181.6,10:28.914,12:15:28.914,0:10.687,1:15.134,0:33.506,,Oliver Askew,,LMP3,,Forty7 Motorsports,Duqueine,GF,
7,2,6,1:56.852,0,,10.602,0,1:13.505,0,32.745,0,185.4,12:25.766,12:17:25.766,0:10.602,1:13.505,0:32.745,,Oliver Askew,,LMP3,,Forty7 Motorsports,Duqueine,GF,
7,2,7,1:57.458,0,,10.568,0,,0,,0,184.5,14:23.224,12:19:23.224,0:10.568,,,,Oliver Askew,,LMP3,,Forty7 Motorsports,Duqueine,GF,
7,2,8,1:56.066,2,,10.556,3,1:12.827,2,32.683,2,186.7,16:19.290,12:21:19.290,0:10.556,1:12.827,0:32.683,,Oliver Askew,,LMP3,,Forty7 Motorsports,Duqueine,FF,
74,1,1,2:34.524,0,,28.404,0,1:30.477,0,35.643,0,140.2,2:34.524,12:07:34.524,0:28.404,1:30.477,0:35.643,,Gar Robinson,0:00:15.899,LMP3,,Riley Motorsports,Ligier,GF,
74,1,2,1:58.995,0,,11.444,0,1:14.184,0,33.367,0,182.1,4:33.519,12:09:33.519,0:11.444,1:14.184,0:33.367,,Gar Robinson,,LMP3,,Riley Motorsports,Ligier,GF,
74,1,3,1:57.513,0,,11.065,0,1:13.309,0,33.139,0,184.4,6:31.032,12:11:31.032,0:11.065,1:13.309,0:33.139,,Gar Robinson,,LMP3,,Riley Motorsports,Ligier,GF,
74,1,4,1:57.376,0,,10.962,0,1:13.167,0,33.247,0,184.6,8:28.408,12:13:28.408,0:10.962,1:13.167,0:33.247,,Gar Robinson,,LMP3,,Riley Motorsports,Ligier,GF,
74,1,5,1:56.974,2,,10.905,2,1:13.137,2,32.932,2,185.2,10:25.382,12:15:25.382,0:10.905,1:13.137,0:32.932,,Gar Robinson,,LMP3,,Riley Motorsports,Ligier,GF,
74,1,6,2:16.474,0,B,11.423,0,1:18.424,0,46.627,0,158.8,12:41.856,12:17:41.856,0:11.423,1:18.424,0:46.627,,Gar Robinson,,LMP3,,Riley Motorsports,Ligier,GF,
83,2,1,3:06.195,0,,49.905,0,1:40.722,0,35.568,0,116.4,3:06.195,12:08:06.195,0:49.905,1:40.722,0:35.568,,Rodrigo Sales,0:00:37.319,LMP3,,WIN Autosport,Duqueine,GF,
83,2,2,2:03.282,0,,11.782,0,1:17.806,0,33.694,0,175.8,5:09.477,12:10:09.477,0:11.782,1:17.806,0:33.694,,Rodrigo Sales,,LMP3,,WIN Autosport,Duqueine,GF,
83,2,3,2:01.633,0,,11.418,0,1:16.358,0,33.857,0,178.1,7:11.110,12:12:11.110,0:11.418,1:16.358,0:33.857,,Rodrigo Sales,,LMP3,,WIN Autosport,Duqueine,GF,
83,2,4,2:00.645,0,,11.385,0,1:15.649,0,33.611,0,179.6,9:11.755,12:14:11.755,0:11.385,1:15.649,0:33.611,,Rodrigo Sales,,LMP3,,WIN Autosport,Duqueine,GF,
83,2,5,2:00.171,0,,11.383,0,1:15.224,0,33.564,0,180.3,11:11.926,12:16:11.926,0:11.383,1:15.224,0:33.564,,Rodrigo Sales,,LMP3,,WIN Autosport,Duqueine,GF,
83,2,6,2:01.065,0,,11.370,2,1:15.109,0,34.586,0,179.0,13:12.991,12:18:12.991,0:11.370,1:15.109,0:34.586,,Rodrigo Sales,,LMP3,,WIN Autosport,Duqueine,GF,
83,2,7,1:59.950,2,,11.426,0,1:15.072,2,33.452,2,180.6,15:12.941,12:20:12.941,0:11.426,1:15.072,0:33.452,,Rodrigo Sales,,LMP3,,WIN Autosport,Duqueine,FF,
91,1,1,2:41.785,0,,31.458,0,1:34.086,0,36.241,0,133.9,2:41.785,12:07:41.785,0:31.458,1:34.086,0:36.241,,Jim Cox,0:00:18.557,LMP3,,Riley Motorsports,Ligier,GF,
91,1,2,2:02.173,0,,11.840,0,1:16.095,0,34.238,0,177.4,4:43.958,12:09:43.958,0:11.840,1:16.095,0:34.238,,Jim Cox,,LMP3,,Riley Motorsports,Ligier,GF,
91,1,3,1:59.458,0,,11.436,0,1:14.462,0,33.560,0,181.4,6:43.416,12:11:43.416,0:11.436,1:14.462,0:33.560,,Jim Cox,,LMP3,,Riley Motorsports,Ligier,GF,
91,1,4,1:59.103,0,,11.165,2,1:14.599,0,33.339,0,181.9,8:42.519,12:13:42.519,0:11.165,1:14.599,0:33.339,,Jim Cox,,LMP3,,Riley Motorsports,Ligier,GF,
91,1,5,1:58.546,2,,11.191,0,1:14.081,2,33.274,2,182.8,10:41.065,12:15:41.065,0:11.191,1:14.081,0:33.274,,Jim Cox,,LMP3,,Riley Motorsports,Ligier,GF,
91,1,6,2:01.546,0,,11.310,0,1:14.670,0,35.566,0,178.3,12:42.611,12:17:42.611,0:11.310,1:14.670,0:35.566,,Jim Cox,,LMP3,,Riley Motorsports,Ligier,GF,
91,1,7,1:58.835,0,,11.306,0,1:14.228,0,33.301,0,182.3,14:41.446,12:19:41.446,0:11.306,1:14.228,0:33.301,,Jim Cox,,LMP3,,Riley Motorsports,Ligier,GF,
