﻿NUMBER, DRIVER_NUMBER, LAP_NUMBER, LAP_TIME, LAP_IMPROVEMENT, CROSSING_FINISH_LINE_IN_PIT, S1, S1_IMPROVEMENT, S2, S2_IMPROVEMENT, S3, S3_IMPROVEMENT, KPH, ELAPSED, HOUR,S1_LARGE,S2_LARGE,S3_LARGE,TOP_SPEED,DRIVER_NAME,PIT_TIME,CLASS,GROUP,TEAM,MANUFACTURER,FLAG_AT_FL,
01,1,1,3:29.584,0,,1:25.763,0,1:29.979,0,33.842,0,103.4,3:29.584,12:33:29.584,1:25.763,1:29.979,0:33.842,,Renger van der Zande,0:01:14.830,DPi,,Cadillac Chip Ganassi Racing,Cadillac,GF,
01,1,2,1:52.471,0,,10.588,0,1:09.885,0,31.998,0,192.7,5:22.055,12:35:22.055,0:10.588,1:09.885,0:31.998,,Renger van der Zande,,DPi,,Cadillac Chip Ganassi Racing,Cadillac,GF,
01,1,3,1:46.340,0,,9.602,0,1:06.808,0,29.930,0,203.8,7:08.395,12:37:08.395,0:09.602,1:06.808,0:29.930,,Renger van der Zande,,DPi,,Cadillac Chip Ganassi Racing,Cadillac,GF,
01,1,4,1:49.050,0,,9.542,0,1:08.978,0,30.530,0,198.7,8:57.445,12:38:57.445,0:09.542,1:08.978,0:30.530,,Renger van der Zande,,DPi,,Cadillac Chip Ganassi Racing,Cadillac,GF,
01,1,5,1:46.057,0,,9.507,0,1:06.900,0,29.650,2,204.3,10:43.502,12:40:43.502,0:09.507,1:06.900,0:29.650,,Renger van der Zande,,DPi,,Cadillac Chip Ganassi Racing,Cadillac,GF,
01,1,6,1:46.173,0,,9.488,0,1:06.665,0,30.020,0,204.1,12:29.675,12:42:29.675,0:09.488,1:06.665,0:30.020,,Renger van der Zande,,DPi,,Cadillac Chip Ganassi Racing,Cadillac,GF,
01,1,7,1:45.849,2,,9.531,0,1:06.574,0,29.744,0,204.7,14:15.524,12:44:15.524,0:09.531,1:06.574,0:29.744,,Renger van der Zande,,DPi,,Cadillac Chip Ganassi Racing,Cadillac,GF,
01,1,8,2:11.773,0,B,9.427,2,1:06.452,2,55.894,0,164.4,16:27.297,12:46:27.297,0:09.427,1:06.452,0:55.894,,Renger van der Zande,,DPi,,Cadillac Chip Ganassi Racing,Cadillac,RF,
10,1,1,2:14.370,0,,24.623,0,1:17.535,0,32.212,0,161.3,2:14.370,12:32:14.370,0:24.623,1:17.535,0:32.212,,Ricky Taylor,0:00:14.153,DPi,,Konica Minolta Acura ARX-05,Acura,GF,
10,1,2,1:51.443,0,,10.165,0,1:10.922,0,30.356,0,194.4,4:05.813,12:34:05.813,0:10.165,1:10.922,0:30.356,,Ricky Taylor,,DPi,,Konica Minolta Acura ARX-05,Acura,GF,
10,1,3,1:46.319,0,,9.647,0,1:06.904,0,29.768,0,203.8,5:52.132,12:35:52.132,0:09.647,1:06.904,0:29.768,,Ricky Taylor,,DPi,,Konica Minolta Acura ARX-05,Acura,GF,
10,1,4,1:45.571,0,,9.542,0,1:06.533,2,29.496,0,205.2,7:37.703,12:37:37.703,0:09.542,1:06.533,0:29.496,,Ricky Taylor,,DPi,,Konica Minolta Acura ARX-05,Acura,GF,
10,1,5,1:45.506,0,,9.447,0,1:06.590,0,29.469,3,205.4,9:23.209,12:39:23.209,0:09.447,1:06.590,0:29.469,,Ricky Taylor,,DPi,,Konica Minolta Acura ARX-05,Acura,GF,
10,1,6,1:45.464,2,,9.411,3,1:06.570,0,29.483,0,205.5,11:08.673,12:41:08.673,0:09.411,1:06.570,0:29.483,,Ricky Taylor,,DPi,,Konica Minolta Acura ARX-05,Acura,GF,
10,1,7,2:11.957,0,B,9.414,0,1:14.091,0,48.452,0,164.2,13:20.630,12:43:20.630,0:09.414,1:14.091,0:48.452,,Ricky Taylor,,DPi,,Konica Minolta Acura ARX-05,Acura,GF,
11,1,1,2:28.771,0,,35.219,0,1:20.811,0,32.741,0,145.6,2:28.771,12:32:28.771,0:35.219,1:20.811,0:32.741,,Steven Thomas,0:00:24.702,LMP2,,WIN Autosport,ORECA,GF,
11,1,2,1:54.503,0,,11.013,0,1:11.955,0,31.535,0,189.2,4:23.274,12:34:23.274,0:11.013,1:11.955,0:31.535,,Steven Thomas,,LMP2,,WIN Autosport,ORECA,GF,
11,1,3,1:52.327,0,,10.478,0,1:10.520,0,31.329,0,192.9,6:15.601,12:36:15.601,0:10.478,1:10.520,0:31.329,,Steven Thomas,,LMP2,,WIN Autosport,ORECA,GF,
11,1,4,1:51.103,0,,10.295,0,1:09.608,2,31.200,0,195.0,8:06.704,12:38:06.704,0:10.295,1:09.608,0:31.200,,Steven Thomas,,LMP2,,WIN Autosport,ORECA,GF,
11,1,5,1:54.485,0,,10.275,0,1:13.100,0,31.110,0,189.3,10:01.189,12:40:01.189,0:10.275,1:13.100,0:31.110,,Steven Thomas,,LMP2,,WIN Autosport,ORECA,GF,
11,1,6,1:51.025,2,,10.115,2,1:09.805,0,31.105,0,195.2,11:52.214,12:41:52.214,0:10.115,1:09.805,0:31.105,,Steven Thomas,,LMP2,,WIN Autosport,ORECA,GF,
11,1,7,1:52.200,0,,10.160,0,1:10.957,0,31.083,2,193.1,13:44.414,12:43:44.414,0:10.160,1:10.957,0:31.083,,Steven Thomas,,LMP2,,WIN Autosport,ORECA,GF,
11,1,8,1:50.931,0,,10.141,0,1:09.719,0,31.071,0,195.3,15:35.345,12:45:35.345,0:10.141,1:09.719,0:31.071,,Steven Thomas,,LMP2,,WIN Autosport,ORECA,RF,
18,1,1,2:47.143,0,,44.292,0,1:28.559,0,34.292,0,129.6,2:47.143,12:32:47.143,0:44.292,1:28.559,0:34.292,,Dwight Merriman,0:00:33.222,LMP2,,Era Motorsport,ORECA,GF,
18,1,2,1:58.453,0,,11.261,0,1:13.808,0,33.384,0,182.9,4:45.596,12:34:45.596,0:11.261,1:13.808,0:33.384,,Dwight Merriman,,LMP2,,Era Motorsport,ORECA,GF,
18,1,3,1:53.456,0,,10.049,2,1:10.967,0,32.440,0,191.0,6:39.052,12:36:39.052,0:10.049,1:10.967,0:32.440,,Dwight Merriman,,LMP2,,Era Motorsport,ORECA,GF,
18,1,4,1:53.268,0,,10.304,0,1:11.294,0,31.670,0,191.3,8:32.320,12:38:32.320,0:10.304,1:11.294,0:31.670,,Dwight Merriman,,LMP2,,Era Motorsport,ORECA,GF,
18,1,5,1:53.137,0,,10.172,0,1:11.546,0,31.419,2,191.5,10:25.457,12:40:25.457,0:10.172,1:11.546,0:31.419,,Dwight Merriman,,LMP2,,Era Motorsport,ORECA,GF,
18,1,6,1:52.388,2,,10.093,0,1:10.724,2,31.571,0,192.8,12:17.845,12:42:17.845,0:10.093,1:10.724,0:31.571,,Dwight Merriman,,LMP2,,Era Motorsport,ORECA,GF,
18,1,7,2:32.403,0,B,10.169,0,1:33.122,0,49.112,0,142.2,14:50.248,12:44:50.248,0:10.169,1:33.122,0:49.112,,Dwight Merriman,,LMP2,,Era Motorsport,ORECA,GF,
22,1,1,2:47.892,0,,51.568,0,1:22.059,0,34.265,0,129.1,2:47.892,12:32:47.892,0:51.568,1:22.059,0:34.265,,James McGuire,0:00:40.583,LMP2,,United Autosports,ORECA,GF,
22,1,2,1:58.563,0,,11.450,0,1:14.834,0,32.279,0,182.8,4:46.455,12:34:46.455,0:11.450,1:14.834,0:32.279,,James McGuire,,LMP2,,United Autosports,ORECA,GF,
22,1,3,1:56.752,0,,10.850,0,1:13.234,0,32.668,0,185.6,6:43.207,12:36:43.207,0:10.850,1:13.234,0:32.668,,James McGuire,,LMP2,,United Autosports,ORECA,GF,
22,1,4,1:55.785,0,,10.807,0,1:12.567,2,32.411,0,187.1,8:38.992,12:38:38.992,0:10.807,1:12.567,0:32.411,,James McGuire,,LMP2,,United Autosports,ORECA,GF,
22,1,5,1:55.808,0,,10.613,2,1:12.929,0,32.266,0,187.1,10:34.800,12:40:34.800,0:10.613,1:12.929,0:32.266,,James McGuire,,LMP2,,United Autosports,ORECA,GF,
22,1,6,1:55.440,2,,10.635,0,1:12.633,0,32.172,0,187.7,12:30.240,12:42:30.240,0:10.635,1:12.633,0:32.172,,James McGuire,,LMP2,,United Autosports,ORECA,GF,
22,1,7,1:55.455,0,,10.847,0,1:12.680,0,31.928,2,187.7,14:25.695,12:44:25.695,0:10.847,1:12.680,0:31.928,,James McGuire,,LMP2,,United Autosports,ORECA,GF,
22,1,8,2:23.805,0,B,10.682,0,1:17.132,0,55.991,0,150.7,16:49.500,12:46:49.500,0:10.682,1:17.132,0:55.991,,James McGuire,,LMP2,,United Autosports,ORECA,RF,
31,3,1,2:21.029,0,,29.260,0,1:16.941,0,34.828,0,153.6,2:21.029,12:32:21.029,0:29.260,1:16.941,0:34.828,,Pipo Derani,0:00:19.736,DPi,,Whelen Engineering Racing,Cadillac,GF,
31,3,2,1:46.135,0,,9.681,0,1:06.677,0,29.777,0,204.2,4:07.164,12:34:07.164,0:09.681,1:06.677,0:29.777,,Pipo Derani,,DPi,,Whelen Engineering Racing,Cadillac,GF,
31,3,3,1:50.980,0,,9.537,0,1:10.307,0,31.136,0,195.2,5:58.144,12:35:58.144,0:09.537,1:10.307,0:31.136,,Pipo Derani,,DPi,,Whelen Engineering Racing,Cadillac,GF,
31,3,4,1:48.619,0,,9.481,0,1:08.763,0,30.375,0,199.5,7:46.763,12:37:46.763,0:09.481,1:08.763,0:30.375,,Pipo Derani,,DPi,,Whelen Engineering Racing,Cadillac,GF,
31,3,5,1:45.354,3,,9.448,2,1:06.341,3,29.565,2,205.7,9:32.117,12:39:32.117,0:09.448,1:06.341,0:29.565,,Pipo Derani,,DPi,,Whelen Engineering Racing,Cadillac,GF,
31,3,6,1:45.582,0,,9.473,0,1:06.354,0,29.755,0,205.2,11:17.699,12:41:17.699,0:09.473,1:06.354,0:29.755,,Pipo Derani,,DPi,,Whelen Engineering Racing,Cadillac,GF,
31,3,7,2:00.442,0,B,9.488,0,1:09.277,0,41.677,0,179.9,13:18.141,12:43:18.141,0:09.488,1:09.277,0:41.677,,Pipo Derani,,DPi,,Whelen Engineering Racing,Cadillac,GF,
48,1,1,2:23.444,0,,28.317,0,1:20.999,0,34.128,0,151.1,2:23.444,12:32:23.444,0:28.317,1:20.999,0:34.128,,Jimmie Johnson,0:00:18.205,DPi,,Ally Cadillac Racing,Cadillac,GF,
48,1,2,1:51.860,0,,10.086,0,,0,,0,193.7,4:15.304,12:34:15.304,0:10.086,,,,Jimmie Johnson,,DPi,,Ally Cadillac Racing,Cadillac,GF,
48,1,3,1:48.627,0,,9.913,0,1:08.635,0,30.079,0,199.5,6:03.931,12:36:03.931,0:09.913,1:08.635,0:30.079,,Jimmie Johnson,,DPi,,Ally Cadillac Racing,Cadillac,GF,
48,1,4,1:47.610,2,,9.660,0,1:08.207,0,29.743,0,201.4,7:51.541,12:37:51.541,0:09.660,1:08.207,0:29.743,,Jimmie Johnson,,DPi,,Ally Cadillac Racing,Cadillac,GF,
48,1,5,1:47.896,0,,9.642,0,1:08.614,0,29.640,2,200.8,9:39.437,12:39:39.437,0:09.642,1:08.614,0:29.640,,Jimmie Johnson,,DPi,,Ally Cadillac Racing,Cadillac,GF,
48,1,6,1:47.131,0,,9.665,0,1:07.830,0,29.636,0,202.3,11:26.568,12:41:26.568,0:09.665,1:07.830,0:29.636,,Jimmie Johnson,,DPi,,Ally Cadillac Racing,Cadillac,GF,
48,1,7,1:46.643,0,,9.713,0,1:07.390,0,29.540,0,203.2,13:13.211,12:43:13.211,0:09.713,1:07.390,0:29.540,,Jimmie Johnson,,DPi,,Ally Cadillac Racing,Cadillac,GF,
5,2,1,3:48.828,0,,2:04.763,0,1:12.834,0,31.231,0,94.7,3:48.828,12:33:48.828,2:04.763,1:12.834,0:31.231,,Loic Duval,0:01:55.198,DPi,,Mustang Sampling / JDC-Miller MotorSports,Cadillac,GF,
5,2,2,1:47.298,0,,9.899,0,1:07.255,0,30.144,0,201.9,5:36.126,12:35:36.126,0:09.899,1:07.255,0:30.144,,Loic Duval,,DPi,,Mustang Sampling / JDC-Miller MotorSports,Cadillac,GF,
5,2,3,1:46.549,2,,9.694,0,1:06.983,2,29.872,2,203.4,7:22.675,12:37:22.675,0:09.694,1:06.983,0:29.872,,Loic Duval,,DPi,,Mustang Sampling / JDC-Miller MotorSports,Cadillac,GF,
5,2,4,1:49.614,0,,9.673,0,1:09.593,0,30.348,0,197.7,9:12.289,12:39:12.289,0:09.673,1:09.593,0:30.348,,Loic Duval,,DPi,,Mustang Sampling / JDC-Miller MotorSports,Cadillac,GF,
5,2,5,1:47.385,0,,9.602,2,1:07.512,0,30.271,0,201.8,10:59.674,12:40:59.674,0:09.602,1:07.512,0:30.271,,Loic Duval,,DPi,,Mustang Sampling / JDC-Miller MotorSports,Cadillac,GF,
5,2,6,1:46.785,0,,9.611,0,1:07.291,0,29.883,0,202.9,12:46.459,12:42:46.459,0:09.611,1:07.291,0:29.883,,Loic Duval,,DPi,,Mustang Sampling / JDC-Miller MotorSports,Cadillac,GF,
52,1,1,2:42.608,0,,42.410,0,1:26.297,0,33.901,0,133.3,2:42.608,12:32:42.608,0:42.410,1:26.297,0:33.901,,Ben Keating,0:00:30.656,LMP2,,PR1 Mathiasen Motorsports,ORECA,GF,
52,1,2,1:52.676,0,,10.653,0,1:10.576,0,31.447,0,192.3,4:35.284,12:34:35.284,0:10.653,1:10.576,0:31.447,,Ben Keating,,LMP2,,PR1 Mathiasen Motorsports,ORECA,GF,
52,1,3,1:51.213,0,,10.398,0,1:09.641,2,31.174,0,194.8,6:26.497,12:36:26.497,0:10.398,1:09.641,0:31.174,,Ben Keating,,LMP2,,PR1 Mathiasen Motorsports,ORECA,GF,
52,1,4,2:02.971,0,,11.368,0,1:19.663,0,31.940,0,176.2,8:29.468,12:38:29.468,0:11.368,1:19.663,0:31.940,,Ben Keating,,LMP2,,PR1 Mathiasen Motorsports,ORECA,GF,
52,1,5,1:53.440,0,,10.235,0,1:11.745,0,31.460,0,191.0,10:22.908,12:40:22.908,0:10.235,1:11.745,0:31.460,,Ben Keating,,LMP2,,PR1 Mathiasen Motorsports,ORECA,GF,
52,1,6,1:52.859,0,,10.322,0,1:11.317,0,31.220,0,192.0,12:15.767,12:42:15.767,0:10.322,1:11.317,0:31.220,,Ben Keating,,LMP2,,PR1 Mathiasen Motorsports,ORECA,GF,
52,1,7,1:51.148,2,,10.168,0,1:09.920,0,31.060,2,194.9,14:06.915,12:44:06.915,0:10.168,1:09.920,0:31.060,,Ben Keating,,LMP2,,PR1 Mathiasen Motorsports,ORECA,GF,
52,1,8,2:03.682,0,B,10.159,2,1:09.672,0,43.851,0,175.2,16:10.597,12:46:10.597,0:10.159,1:09.672,0:43.851,,Ben Keating,,LMP2,,PR1 Mathiasen Motorsports,ORECA,RF,
55,1,1,2:27.810,0,,36.291,0,1:17.162,0,34.357,0,146.6,2:27.810,12:32:27.810,0:36.291,1:17.162,0:34.357,,Oliver Jarvis,0:00:25.590,DPi,,Mazda Motorsports,Mazda,GF,
55,1,2,1:51.212,0,,10.336,0,1:09.744,0,31.132,0,194.8,4:19.022,12:34:19.022,0:10.336,1:09.744,0:31.132,,Oliver Jarvis,,DPi,,Mazda Motorsports,Mazda,GF,
55,1,3,1:47.193,0,,9.835,0,1:07.370,0,29.988,0,202.1,6:06.215,12:36:06.215,0:09.835,1:07.370,0:29.988,,Oliver Jarvis,,DPi,,Mazda Motorsports,Mazda,GF,
55,1,4,1:46.680,0,,9.709,0,1:07.188,0,29.783,0,203.1,7:52.895,12:37:52.895,0:09.709,1:07.188,0:29.783,,Oliver Jarvis,,DPi,,Mazda Motorsports,Mazda,GF,
55,1,5,1:56.411,0,,10.526,0,1:14.519,0,31.366,0,186.1,9:49.306,12:39:49.306,0:10.526,1:14.519,0:31.366,,Oliver Jarvis,,DPi,,Mazda Motorsports,Mazda,GF,
55,1,6,1:46.634,0,,9.630,0,1:07.241,0,29.763,0,203.2,11:35.940,12:41:35.940,0:09.630,1:07.241,0:29.763,,Oliver Jarvis,,DPi,,Mazda Motorsports,Mazda,GF,
55,1,7,1:46.253,2,,9.593,2,1:07.085,2,29.575,2,203.9,13:22.193,12:43:22.193,0:09.593,1:07.085,0:29.575,,Oliver Jarvis,,DPi,,Mazda Motorsports,Mazda,GF,
55,1,8,2:01.160,0,B,9.616,0,1:07.229,0,44.315,0,178.8,15:23.353,12:45:23.353,0:09.616,1:07.229,0:44.315,,Oliver Jarvis,,DPi,,Mazda Motorsports,Mazda,FF,
60,2,1,2:29.049,0,,36.704,0,1:18.300,0,34.045,0,145.4,2:29.049,12:32:29.049,0:36.704,1:18.300,0:34.045,,Olivier Pla,0:00:26.958,DPi,,Meyer Shank Racing w/Curb-Agajanian,Acura,GF,
60,2,2,1:52.442,0,,10.431,0,1:11.083,0,30.928,0,192.7,4:21.491,12:34:21.491,0:10.431,1:11.083,0:30.928,,Olivier Pla,,DPi,,Meyer Shank Racing w/Curb-Agajanian,Acura,GF,
60,2,3,1:46.573,0,,9.699,0,1:07.149,0,29.725,0,203.3,6:08.064,12:36:08.064,0:09.699,1:07.149,0:29.725,,Olivier Pla,,DPi,,Meyer Shank Racing w/Curb-Agajanian,Acura,GF,
60,2,4,1:46.387,0,,9.634,2,1:07.259,0,29.494,2,203.7,7:54.451,12:37:54.451,0:09.634,1:07.259,0:29.494,,Olivier Pla,,DPi,,Meyer Shank Racing w/Curb-Agajanian,Acura,GF,
60,2,5,1:51.502,0,,9.699,0,1:11.989,0,29.814,0,194.3,9:45.953,12:39:45.953,0:09.699,1:11.989,0:29.814,,Olivier Pla,,DPi,,Meyer Shank Racing w/Curb-Agajanian,Acura,GF,
60,2,6,1:46.377,2,,9.650,0,1:07.057,2,29.670,0,203.7,11:32.330,12:41:32.330,0:09.650,1:07.057,0:29.670,,Olivier Pla,,DPi,,Meyer Shank Racing w/Curb-Agajanian,Acura,GF,
60,2,7,5:14.147,0,B,9.770,0,1:08.857,0,3:55.520,0,69.0,16:46.477,12:46:46.477,0:09.770,1:08.857,3:55.520,,Olivier Pla,,DPi,,Meyer Shank Racing w/Curb-Agajanian,Acura,RF,
8,1,1,2:31.563,0,,32.239,0,1:22.914,0,36.410,0,143.0,2:31.563,12:32:31.563,0:32.239,1:22.914,0:36.410,,John Farano,0:00:20.687,LMP2,,Tower Motorsport,ORECA,GF,
8,1,2,1:58.333,0,,11.309,0,1:13.835,0,33.189,0,183.1,4:29.896,12:34:29.896,0:11.309,1:13.835,0:33.189,,John Farano,,LMP2,,Tower Motorsport,ORECA,GF,
8,1,3,1:56.142,2,,10.944,0,1:12.717,0,32.481,2,186.6,6:26.038,12:36:26.038,0:10.944,1:12.717,0:32.481,,John Farano,,LMP2,,Tower Motorsport,ORECA,GF,
8,1,4,2:02.678,0,,10.612,2,1:12.079,2,39.987,0,176.6,8:28.716,12:38:28.716,0:10.612,1:12.079,0:39.987,,John Farano,,LMP2,,Tower Motorsport,ORECA,GF,
8,1,5,2:57.903,0,B,17.335,0,1:40.921,0,59.647,0,121.8,11:26.619,12:41:26.619,0:17.335,1:40.921,0:59.647,,John Farano,,LMP2,,Tower Motorsport,ORECA,GF,
