﻿POS,NUMBER,LAP,TIME,GAP_FIRST,GAP_PREVIOUS,KPH, LAPS,TEAM,CLASS,GROUP,DIVISION,VEHICLE,TIRES,IMSA_CarId,IMSA_TeamId,IMSA_ClassId,IMSA_CarTypeId,IMSA_ManufacturerId,IMSA_TireId,IMSA_SponsorId,IMSA_EventEntryId,*Extra 9,*Extra 10,DRIVER1_FIRSTNAME,DRIVER1_SECONDNAME,DRIVER1_LICENSE,DRIVER1_HOMETOWN,DRIVER1_COUNTRY,DRIVER1_SHORTNAME,DRIVER1_IMSA_DriverId,DRIVER1_IMSA_DriverPlugId,DRIVER1_IMSA_DriverRatingLong,DRIVER1_*Extra 4,DRIVER1_*Extra 5,DRIVER2_FIRSTNAME,DRIVER2_SECONDNAME,DRIVER2_LICENSE,DRIVER2_HOMETOWN,DRIVER2_COUNTRY,DRIVER2_SHORTNAME,DRIVER2_IMSA_DriverId,DRIVER2_IMSA_DriverPlugId,DRIVER2_IMSA_DriverRatingLong,DRIVER2_*Extra 4,DRIVER2_*Extra 5,DRIVER3_FIRSTNAME,DRIVER3_SECONDNAME,DRIVER3_LICENSE,DRIVER3_HOMETOWN,DRIVER3_COUNTRY,DRIVER3_SHORTNAME,DRIVER3_IMSA_DriverId,DRIVER3_IMSA_DriverPlugId,DRIVER3_IMSA_DriverRatingLong,DRIVER3_*Extra 4,DRIVER3_*Extra 5,DRIVER4_FIRSTNAME,DRIVER4_SECONDNAME,DRIVER4_LICENSE,DRIVER4_HOMETOWN,DRIVER4_COUNTRY,DRIVER4_SHORTNAME,DRIVER4_IMSA_DriverId,DRIVER4_IMSA_DriverPlugId,DRIVER4_IMSA_DriverRatingLong,DRIVER4_*Extra 4,DRIVER4_*Extra 5,DRIVER5_FIRSTNAME,DRIVER5_SECONDNAME,DRIVER5_LICENSE,DRIVER5_HOMETOWN,DRIVER5_COUNTRY,DRIVER5_SHORTNAME,DRIVER5_IMSA_DriverId,DRIVER5_IMSA_DriverPlugId,DRIVER5_IMSA_DriverRatingLong,DRIVER5_*Extra 4,DRIVER5_*Extra 5,DRIVER6_FIRSTNAME,DRIVER6_SECONDNAME,DRIVER6_LICENSE,DRIVER6_HOMETOWN,DRIVER6_COUNTRY,DRIVER6_SHORTNAME,DRIVER6_IMSA_DriverId,DRIVER6_IMSA_DriverPlugId,DRIVER6_IMSA_DriverRatingLong,DRIVER6_*Extra 4,DRIVER6_*Extra 5,
1,10,8,1:48.303,-,-,200.1,14,Konica Minolta Acura ARX-06,GTP,,,Acura ARX-06,M,2191,234,44,195,7641,3,,14580,,,Ricky,Taylor,Platinum,,USA,,608,1,Platinum,,,Filipe,Albuquerque,Platinum,,PRT,,1194,2,Platinum,,,Louis,Deletraz,Gold,,CHE,,2975,3,Gold,,,,,,,,,,,,,,,,,,,,,
2,01,20,1:48.436,+0.133,+0.133,199.8,28,Cadillac Racing,GTP,,,Cadillac V-Series R,M,2187,339,44,200,7646,3,,14577,,,Sebastien,Bourdais,Platinum,,FRA,,602,2,Platinum,,,Renger,van der Zande,Gold,,NLD,,1998,1,,,,Scott,Dixon,Platinum,,NZL,,631,3,Platinum,,,,,,,,,,,,,,,,,,,,,
3,31,10,1:48.534,+0.231,+0.098,199.6,33,Whelen Engineering Racing Cadillac,GTP,,,Cadillac V-Series R,M,2196,344,44,200,7646,3,,14584,,,Pipo,Derani,Platinum,,BRA,,1083,3,Platinum,,,Alexander,Sims,Platinum,,GBR,,1261,2,Platinum,,,Jack,Aitken,Gold,,GBR,,2986,4,Gold,,,,,,,,,,,,,,,,,,,,,
4,25,11,1:48.735,+0.432,+0.201,199.3,23,BMW M Team RLL,GTP,,,BMW M Hybrid V8,M,2155,395,44,190,74,3,,14540,,,Connor,De Phillippi,Gold,,USA,,698,2,Gold,,,Nick,Yelloly,Platinum,,GBR,,2205,1,Platinum,,,Sheldon,van der Linde,Platinum,,ZAF,,1524,3,Platinum,,,,,,,,,,,,,,,,,,,,,
5,24,9,1:49.353,+1.050,+0.618,198.1,24,BMW M Team RLL,GTP,,,BMW M Hybrid V8,M,2154,395,44,190,74,3,,14539,,,Philipp,Eng,Platinum,,AUT,,883,1,Platinum,,,Augusto,Farfus,Platinum,,MCO,,3000,4,Platinum,,,Marco,Wittmann,Platinum,,DEU,,2993,2,Platinum,,,,,,,,,,,,,,,,,,,,,
6,6,21,1:49.437,+1.134,+0.084,198.0,29,Porsche Penske Motorsports,GTP,,,Porsche 963,M,2189,200,44,193,112,3,,14578,,,Nick,Tandy,Platinum,,GBR,,124,1,Platinum,,,Mathieu,Jaminet,Platinum,,FRA,,1449,2,Platinum,,,Dane,Cameron,Platinum,,USA,,54,3,Platinum,,,,,,,,,,,,,,,,,,,,,
7,60,7,1:50.893,+2.590,+1.456,195.4,7,Meyer Shank Racing w/ Curb Agajanian,GTP,,,Acura ARX-06,M,2267,3,44,195,7641,3,,14551,,,Tom,Blomqvist,Platinum,,MCO,,1718,1,Platinum,,,Colin,Braun,Gold,,USA,,61,2,Gold,,,Helio,Castroneves,Platinum,,USA,,1525,3,Platinum,,,,,,,,,,,,,,,,,,,,,
8,18,15,1:50.926,+2.623,+0.033,195.3,37,Era Motorsport,LMP2,,,ORECA LMP2 07,M,761,291,28,85,7637,3,,14545,,,Dwight,Merriman,Bronze,,USA,,1930,1,Bronze,,,Ryan,Dalziel,Gold,,GBR,,192,2,Gold,,,Christian,Rasmussen,Silver,,DNK,,2966,3,Silver,,,,,,,,,,,,,,,,,,,,,
9,35,39,1:51.140,+2.837,+0.214,195.0,39,TDS Racing,LMP2,,,ORECA LMP2 07,M,2167,335,28,85,7637,3,,14554,,,Francois,Heriau,Bronze,,FRA,,2749,1,Bronze,,,Giedo,van der Garde,Platinum,,NLD,,3001,2,Platinum,,,Josh,Pierson,Silver,,USA,,2761,3,Silver,,,,,,,,,,,,,,,,,,,,,
10,04,12,1:51.166,+2.863,+0.026,194.9,37,Crowdstrike Racing by APR,LMP2,,,ORECA LMP2 07,M,2160,459,28,85,7637,3,,14549,,,George,Kurtz,Bronze,,USA,,1612,1,Bronze,,,Ben,Hanley,Gold,,GBR,,1275,2,Gold,,,Nolan,Siegel,Silver,,USA,,2794,6,Silver,,,,,,,,,,,,,,,,,,,,,
11,11,9,1:51.275,+2.972,+0.109,194.7,37,TDS Racing,LMP2,,,ORECA LMP2 07,M,2166,335,28,85,7637,3,,14553,,,Steven,Thomas,Bronze,,USA,,1919,1,Bronze,,,Mikkel,Jensen,Platinum,,DNK,,2088,2,Platinum,,,Scott,Huffaker,Silver,,USA,,1852,3,Silver,,,,,,,,,,,,,,,,,,,,,
12,52,9,1:51.310,+3.007,+0.035,194.7,35,PR1 Mathiasen Motorsports,LMP2,,,ORECA LMP2 07,M,776,16,28,85,7637,3,,14562,,,Ben,Keating,Bronze,,USA,,378,1,Bronze,,,Paul-Loup,Chatin,Gold,,FRA,,2401,2,Gold,,,Alex,Quinn,Silver,,GBR,,2983,3,Silver,,,,,,,,,,,,,,,,,,,,,
13,20,29,1:51.458,+3.155,+0.148,194.4,35,High Class Racing,LMP2,,,ORECA LMP2 07,M,968,348,28,85,7637,3,,14568,,,Dennis,Andersen,Bronze,,DNK,,3043,1,Bronze,,,Ed,Jones,Gold,,ARE,,2418,2,Gold,,,Anders,Fjordbach,Silver,,DNK,,3044,3,Silver,,,,,,,,,,,,,,,,,,,,,
14,8,12,1:51.708,+3.405,+0.250,194.0,32,Tower Motorsports,LMP2,,,ORECA LMP2 07,M,2164,460,28,85,7637,3,,14552,,,John,Farano,Bronze,,CAN,,441,1,Bronze,,,Scott,McLaughlin,Gold,,NZL,,2996,4,Gold,,,Kyffin,Simpson,Silver,,IOT,,2779,2,Silver,,,,,,,,,,,,,,,,,,,,,
15,7,4,1:51.892,+3.589,+0.184,193.7,5,Porsche Penske Motorsports,GTP,,,Porsche 963,M,2190,200,44,193,112,3,,14579,,,Matt,Campbell,Platinum,,AUS,,1791,1,Platinum,,,Felipe,Nasr,Platinum,,BRA,,1598,2,Platinum,,,Michael,Christensen,Platinum,,DNK,,412,3,Platinum,,,,,,,,,,,,,,,,,,,,,
16,51,6,1:52.843,+4.540,+0.951,192.0,25,Rick Ware Racing,LMP2,,,ORECA LMP2 07,M,2197,307,28,85,7637,3,,14585,,,Eric,Lux,Bronze,,USA,,96,1,Bronze,,,Devlin,Defrancesco,Silver,,CAN,,1625,2,Silver,,,Pietro,Fittipaldi,Gold,,BRA,,3048,4,Gold,,,,,,,,,,,,,,,,,,,,,
17,30,36,1:56.349,+8.046,+3.506,186.2,36,Jr III Racing,LMP3,,,Ligier JS P320,M,2356,283,36,96,7650,3,,14543,,,Ari,Balogh,Bronze,,USA,,1081,1,Bronze,,,Garett,Grist,Gold,,CAN,,1388,2,Gold,,,Dakota,Dickerson,Silver,,USA,,1756,4,Silver,,,,,,,,,,,,,,,,,,,,,
18,74,5,1:56.417,+8.114,+0.068,186.1,32,Riley,LMP3,,,Ligier JS P320,M,2200,149,36,96,7650,3,,14586,,,Gar,Robinson,Silver,,USA,,861,1,Silver,,,Felipe,Fraga,Gold,,BRA,,1750,2,Gold,,,Josh,Burdon,Silver,,AUS,,2613,3,Silver,,,,,,,,,,,,,,,,,,,,,
19,36,9,1:56.982,+8.679,+0.565,185.2,20,Andretti Autosport,LMP3,,,Ligier JS P320,M,1681,357,36,96,7650,3,,14544,,,Jarett,Andretti,Silver,,USA,,2292,1,Silver,,,Gabby,Chaves,Gold,,COL,,600,2,Gold,,,Glenn,van Berlo,Silver,,NLD,,2997,3,Silver,,,,,,,,,,,,,,,,,,,,,
20,17,16,1:57.098,+8.795,+0.116,185.0,31,AWA,LMP3,,,Duqueine D08,M,2108,217,36,105,7665,3,,14547,,,Anthony,Mantella,Bronze,,CAN,,2682,2,Bronze,,,Wayne,Boyd,Gold,,GBR,,3002,3,Gold,,,Nico,Varrone,Silver,,ARG,,2932,1,Silver,,,,,,,,,,,,,,,,,,,,,
21,85,10,1:57.186,+8.883,+0.088,184.9,26,JDC Miller MotorSports,LMP3,,,Duqueine D08,M,2178,15,36,105,7665,3,,14567,,,Till,Bechtolsheimer,Bronze,,GBR,,1152,1,Bronze,,,Tijmen,van der Helm,Gold,,NLD,,2687,2,Gold,,,Dan,Goldburg,Bronze,,USA,,1915,3,Bronze,,,,,,,,,,,,,,,,,,,,,
22,4,10,1:57.229,+8.926,+0.043,184.8,32,Ave Motorsports,LMP3,,,Ligier JS P320,M,2360,163,36,96,7650,3,,14607,,,Seth,Lucas,Silver,,USA,,3067,1,Silver,,,Tonis,Kasemets,Bronze,,USA,,712,3,Bronze,,,Trenton,Estep,Silver,,USA,,1353,2,Silver,,,,,,,,,,,,,,,,,,,,,
23,33,29,1:57.333,+9.030,+0.104,184.7,29,Sean Creech Motorsport,LMP3,,,Ligier JS P320,M,1603,286,36,96,7650,3,,14555,,,Lance,Willsey,Bronze,,USA,,664,2,Bronze,,,Joao,Barbosa,Gold,,USA,,182,1,Gold,,,Nico,Pino,Silver,,CHL,,2770,4,Silver,,,,,,,,,,,,,,,,,,,,,
24,38,28,1:59.063,+10.760,+1.730,182.0,28,Performance Tech Motorsports,LMP3,,,Ligier JS P320,M,1678,289,36,96,7650,3,,14542,,,Christopher,Allen,Silver,,USA,,2480,4,Silver,,,Robert,Mau,Bronze,,USA,,2948,2,Bronze,,,Tristan,Nunez,Gold,,USA,,169,1,Gold,,,,,,,,,,,,,,,,,,,,,
25,13,26,1:59.362,+11.059,+0.299,181.5,32,AWA,LMP3,,,Duqueine D08,M,1675,217,36,105,7665,3,,14560,,,Orey,Fidani,Bronze,,CAN,,973,3,Bronze,,,Matthew,Bell,Gold,,GBR,,424,4,Gold,,,Lars,Kern,Silver,,DEU,,1785,1,Silver,,,,,,,,,,,,,,,,,,,,,
26,77,13,2:01.092,+12.789,+1.730,178.9,29,Wright Motorsports,GTD,,,Porsche 911 GT3 R (992),M,2185,111,4,192,112,3,,14576,,,Alan,Brynjolfsson,Bronze,,USA,,1271,1,Bronze,,,Trent,Hindman,Gold,,USA,,244,2,Gold,,,Maxwell,Root,Silver,,USA,,1654,3,Silver,,,,,,,,,,,,,,,,,,,,,
27,14,4,2:01.156,+12.853,+0.064,178.8,26,Vasser Sullivan,GTDPRO,,,Lexus RC F GT3,M,2250,336,41,46,7644,3,,14572,,,Jack,Hawksworth,Gold,,GBR,,838,2,Gold,,,Ben,Barnicoat,Platinum,,GBR,,2620,1,Platinum,,,Kyle,Kirkwood,Gold,,USA,,1755,3,Gold,,,,,,,,,,,,,,,,,,,,,
28,93,8,2:01.194,+12.891,+0.038,178.8,30,Racers Edge Motorsports with WTR,GTD,,,Acura NSX GT3,M,2159,414,4,43,7641,3,,14548,,,Ashton,Harrison,Silver,,USA,,1862,1,Silver,,,Danny,Formal,Silver,,CRI,,2130,2,Silver,,,Kyle,Marcelli,Gold,,CAN,,88,3,Gold,,,,,,,,,,,,,,,,,,,,,
29,12,7,2:01.350,+13.047,+0.156,178.6,29,VasserSullivan,GTD,,,Lexus RC F GT3,M,931,336,4,46,7644,3,,14573,,,Frankie,Montecalvo,Silver,,USA,,1279,1,Silver,,,Aaron,Telitz,Gold,,USA,,1780,2,Gold,,,Parker,Thompson,Silver,,CAN,,1877,4,Silver,,,,,,,,,,,,,,,,,,,,,
30,32,18,2:01.378,+13.075,+0.028,178.5,19,Team Korthoff Motorsports,GTD,,,Mercedes-AMG GT3,M,2335,463,4,224,7643,3,,14575,,,Mike,Skeen,Silver,,USA,,830,4,Silver,,,Mikael,Grenier,Gold,,CAN,,1624,3,Gold,,,Kenton,Koch,Silver,,USA,,2239,1,Silver,,,,,,,,,,,,,,,,,,,,,
31,62,10,2:01.394,+13.091,+0.016,178.5,31,Risi Competizione,GTDPRO,,,Ferrari 296 GT3,M,2245,26,41,191,106,3,,14550,,,Daniel,Serra,Platinum,,BRA,,687,1,Platinum,,,Davide,Rigon,Platinum,,ITA,,679,2,Platinum,,,Gabriel,Casagrande,Silver,,BRA,,3089,3,Silver,,,,,,,,,,,,,,,,,,,,,
32,44,8,2:01.437,+13.134,+0.043,178.4,29,Magnus Racing,GTD,,,Aston Martin Vantage GT3,M,1554,32,4,18,73,3,,14561,,,John,Potter,Bronze,,USA,,670,1,Bronze,,,Andy,Lally,Gold,,USA,,25,2,Gold,,,Spencer,Pumpelly,Silver,,USA,,64,3,Silver,,,,,,,,,,,,,,,,,,,,,
33,16,7,2:01.447,+13.144,+0.010,178.4,30,Wright Motorsports,GTD,,,Porsche 911 GT3 R (992),M,2193,111,4,192,112,3,,14582,,,Ryan,Hardwick,Bronze,,USA,,1256,1,Bronze,,,Jan,Heylen,Gold,,USA,,184,3,Gold,,,Zacharie,Robichon,Silver,,CAN,,1176,2,Silver,,,,,,,,,,,,,,,,,,,,,
34,23,16,2:01.450,+13.147,+0.003,178.4,31,Heart of Racing Team,GTDPRO,,,Aston Martin Vantage GT3,M,2246,294,41,18,73,3,,14557,,,Ross,Gunn,Gold,,GBR,,1905,1,Gold,,,Alex,Riberas,Gold,,ESP,,659,2,Gold,,,David,Pittard,Gold,,GBR,,2744,3,Gold,,,,,,,,,,,,,,,,,,,,,
35,57,7,2:01.529,+13.226,+0.079,178.3,28,Winward Racing,GTD,,,Mercedes-AMG GT3,M,2330,304,4,224,7643,3,,14522,,,Russell,Ward,Silver,,USA,,1252,1,Silver,,,Philip,Ellis,Gold,,DEU,,1936,2,Gold,,,Indy,Dontje,Silver,,NLD,,3061,3,Silver,,,,,,,,,,,,,,,,,,,,,
36,79,11,2:01.590,+13.287,+0.061,178.2,26,WeatherTech Racing,GTDPRO,,,Mercedes-AMG GT3,M,2244,360,41,204,7643,3,,14546,,,Daniel,Juncadella,Platinum,,ESP,,1584,2,Platinum,,,Jules,Gounon,Platinum,,FRA,,1224,1,Platinum,,,Maro,Engel,Platinum,,DEU,,3055,3,Platinum,,,,,,,,,,,,,,,,,,,,,
37,63,22,2:01.662,+13.359,+0.072,178.1,27,Iron Lynx,GTDPRO,,,Lamborghini Huracan GT3 EVO2,M,2247,462,41,194,1609,3,,14566,,,Franck,Perera,Platinum,,FRA,,3012,1,Platinum,,,Jordan,Pepper,Platinum,,ZAF,,3014,3,Platinum,,,Romain,Grosjean,Platinum,,CHE,,3003,4,Platinum,,,,,,,,,,,,,,,,,,,,,
38,92,25,2:01.705,+13.402,+0.043,178.0,26,Kellymoss with Riley,GTD,,,Porsche 911 GT3 R (992),M,2201,465,4,192,112,3,,14587,,,David,Brule,Bronze,,USA,,2924,1,Bronze,,,Alec,Udell,Silver,,USA,,866,2,Silver,,,Julien,Andlauer,Gold,,FRA,,2753,3,Gold,,,,,,,,,,,,,,,,,,,,,
39,66,11,2:01.708,+13.405,+0.003,178.0,32,Gradient Racing,GTD,,,Acura NSX GT3,M,1416,328,4,43,7641,3,,14559,,,Sheena,Monk,Bronze,,USA,,1532,3,Bronze,,,Katherine,Legge,Gold,,GBR,,2305,1,Gold,,,Marc,Miller,Silver,,USA,,455,5,Silver,,,,,,,,,,,,,,,,,,,,,
40,3,9,2:01.793,+13.490,+0.085,177.9,30,Corvette Racing,GTDPRO,,,Chevrolet Corvette C8.R GTD,M,2253,23,41,110,105,3,,14581,,,Antonio,Garcia,Platinum,,ESP,,12,1,Platinum,,,Jordan,Taylor,Platinum,,USA,,13,2,Platinum,,,Tommy,Milner,Platinum,,USA,,15,3,Platinum,,,,,,,,,,,,,,,,,,,,,
41,91,10,2:01.833,+13.530,+0.040,177.9,25,Kellymoss with Riley,GTD,,,Porsche 911 GT3 R (992),M,2202,465,4,192,112,3,,14588,,,Alan,Metni,Bronze,,USA,,1344,1,Bronze,,,Kay,van Berlo,Silver,,NLD,,1759,2,Silver,,,Jaxon,Evans,Gold,,NZL,,3034,3,Gold,,,,,,,,,,,,,,,,,,,,,
42,27,15,2:01.991,+13.688,+0.158,177.6,29,Heart of Racing Team,GTD,,,Aston Martin Vantage GT3,M,1510,294,4,18,73,3,,14558,,,Roman,De Angelis,Silver,,CAN,,1379,1,Silver,,,Marco,Sorensen,Platinum,,MCO,,2721,2,Platinum,,,Ian,James,Silver,,USA,,453,3,Silver,,,,,,,,,,,,,,,,,,,,,
43,47,13,2:02.034,+13.731,+0.043,177.6,19,CETILAR RACING,GTD,,,Ferrari 296 GT3,M,2171,337,4,191,106,3,,14563,,,Roberto,Lacorte,Bronze,,ITA,,2452,1,Bronze,,,Giorgio,Sernagiotto,Silver,,ITA,,2288,2,Silver,,,Antonio,Fuoco,Platinum,,ITA,,2306,3,Platinum,,,,,,,,,,,,,,,,,,,,,
44,78,10,2:02.082,+13.779,+0.048,177.5,17,Forte Racing Powered by USRT,GTD,,,Lamborghini Huracan GT3 EVO2,M,2156,396,4,194,1609,3,,14541,,,Misha,Goikhberg,Silver,,CAN,,168,1,Silver,,,Loris,Spinelli,Gold,,ITA,,3038,2,Gold,,,Benja,Hites,Silver,,CHL,,1630,3,Silver,,,,,,,,,,,,,,,,,,,,,
45,96,4,2:02.142,+13.839,+0.060,177.4,30,Turner Motorsport,GTD,,,BMW M4 GT3,M,1553,38,4,111,74,3,,14535,,,Patrick,Gallagher,Silver,,USA,,1593,1,Silver,,,Robby,Foley,Gold,,USA,,1302,2,Gold,,,Michael,Dinan,Silver,,USA,,2775,3,Silver,,,,,,,,,,,,,,,,,,,,,
46,1,12,2:02.272,+13.969,+0.130,177.2,25,Paul Miller Racing,GTD,,,BMW M4 GT3,M,1558,34,4,111,74,3,,14556,,,Bryan,Sellers,Gold,,USA,,18,1,Gold,,,Madison,Snow,Silver,,USA,,155,2,Silver,,,Corey,Lewis,Silver,,USA,,763,3,Silver,,,,,,,,,,,,,,,,,,,,,
47,83,25,2:02.278,+13.975,+0.006,177.2,27,Iron Dames,GTD,,,Lamborghini Huracan GT3 EVO2,M,2175,462,4,194,1609,3,,14565,,,Rahel,Frey,Gold,,CHE,,1550,1,Gold,,,Sarah,Bovy,Bronze,,BEL,,3005,2,Bronze,,,Michelle,Gatting,Silver,,DNK,,3053,3,Silver,,,,,,,,,,,,,,,,,,,,,
48,95,14,2:02.366,+14.063,+0.088,177.1,22,Turner Motorsport,GTDPRO,,,BMW M4 GT3,M,2243,38,41,111,74,3,,14534,,,Bill,Auberlen,Gold,,USA,,39,1,Gold,,,Chandler,Hull,Silver,,USA,,2152,2,Silver,,,John,Edwards,Platinum,,USA,,942,4,Platinum,,,,,,,,,,,,,,,,,,,,,
49,9,8,2:02.504,+14.201,+0.138,176.9,27,Pfaff Motorsports,GTDPRO,,,Porsche 911 GT3 R (992),M,2251,390,41,192,112,3,,14574,,,Klaus,Bachler,Platinum,,AUT,,663,2,Platinum,,,Patrick,Pilet,Platinum,,FRA,,3037,3,Platinum,,,Laurens,Vanthoor,Platinum,,BEL,,1241,4,Platinum,,,,,,,,,,,,,,,,,,,,,
50,80,12,2:02.518,+14.215,+0.014,176.9,31,AO Racing,GTD,,,Porsche 911 GT3 R (992),M,2204,466,4,192,112,3,,14589,,,PJ,Hyett,Bronze,,USA,,2947,1,Bronze,,,Seb,Priaulx,Gold,,GBR,,3009,2,Gold,,,Gunnar,Jeannette,Silver,,USA,,308,3,Silver,,,,,,,,,,,,,,,,,,,,,
51,023,9,2:02.809,+14.506,+0.291,176.4,16,Triarsi Competizione,GTD,,,Ferrari 296 GT3,M,2153,458,4,191,106,3,,14538,,,Onofrio,Triarsi,Silver,,USA,,1463,1,Silver,,,Charles,Scardina,Bronze,,USA,,2609,2,Bronze,,,Alessio,Rovera,Platinum,,ITA,,2741,3,Platinum,,,,,,,,,,,,,,,,,,,,,
52,21,11,2:02.883,+14.580,+0.074,176.3,26,AF Corse,GTD,,,Ferrari 296 GT3,M,2172,333,4,191,106,3,,14564,,,Simon,Mann,Silver,,USA,,2435,1,Silver,,,Miguel,Molina,Platinum,,ESP,,1611,2,Platinum,,,Francesco,Castellacci,Silver,,ITA,,2998,3,Silver,,,,,,,,,,,,,,,,,,,,,
53,70,9,2:03.103,+14.800,+0.220,176.0,33,Inception Racing,GTD,,,McLaren 720S GT3,M,1520,388,4,81,7651,3,,14583,,,Brendan,Iribe,Bronze,,USA,,2622,1,Bronze,,,Frederik,Schandorff,Gold,,DNK,,2995,2,Gold,,,Ollie,Millroy,Silver,,GBR,,3004,3,Silver,,,,,,,,,,,,,,,,,,,,,
