﻿POS,NUMBER,LAP,TIME,GAP_FIRST,GAP_PREVIOUS,KPH, LAPS,TEAM,CLASS,GROUP,DIVISION,VEHICLE,TIRES,IMSA_CarId,IMSA_TeamId,IMSA_ClassId,IMSA_CarTypeId,IMSA_ManufacturerId,IMSA_TireId,IMSA_SponsorId,IMSA_EventEntryId,*Extra 9,*Extra 10,DRIVER1_FIRSTNAME,DRIVER1_SECONDNAME,DRIVER1_LICENSE,DRIVER1_HOMETOWN,DRIVER1_COUNTRY,DRIVER1_SHORTNAME,DRIVER1_IMSA_DriverId,DRIVER1_IMSA_DriverPlugId,DRIVER1_IMSA_DriverRatingLong,DRIVER1_*Extra 4,DRIVER1_*Extra 5,DRIVER2_FIRSTNAME,DRIVER2_SECONDNAME,DRIVER2_LICENSE,DRIVER2_HOMETOWN,DRIVER2_COUNTRY,DRIVER2_SHORTNAME,DRIVER2_IMSA_DriverId,DRIVER2_IMSA_DriverPlugId,DRIVER2_IMSA_DriverRatingLong,DRIVER2_*Extra 4,DRIVER2_*Extra 5,DRIVER3_FIRSTNAME,DRIVER3_SECONDNAME,DRIVER3_LICENSE,DRIVER3_HOMETOWN,DRIVER3_COUNTRY,DRIVER3_SHORTNAME,DRIVER3_IMSA_DriverId,DRIVER3_IMSA_DriverPlugId,DRIVER3_IMSA_DriverRatingLong,DRIVER3_*Extra 4,DRIVER3_*Extra 5,DRIVER4_FIRSTNAME,DRIVER4_SECONDNAME,DRIVER4_LICENSE,DRIVER4_HOMETOWN,DRIVER4_COUNTRY,DRIVER4_SHORTNAME,DRIVER4_IMSA_DriverId,DRIVER4_IMSA_DriverPlugId,DRIVER4_IMSA_DriverRatingLong,DRIVER4_*Extra 4,DRIVER4_*Extra 5,DRIVER5_FIRSTNAME,DRIVER5_SECONDNAME,DRIVER5_LICENSE,DRIVER5_HOMETOWN,DRIVER5_COUNTRY,DRIVER5_SHORTNAME,DRIVER5_IMSA_DriverId,DRIVER5_IMSA_DriverPlugId,DRIVER5_IMSA_DriverRatingLong,DRIVER5_*Extra 4,DRIVER5_*Extra 5,DRIVER6_FIRSTNAME,DRIVER6_SECONDNAME,DRIVER6_LICENSE,DRIVER6_HOMETOWN,DRIVER6_COUNTRY,DRIVER6_SHORTNAME,DRIVER6_IMSA_DriverId,DRIVER6_IMSA_DriverPlugId,DRIVER6_IMSA_DriverRatingLong,DRIVER6_*Extra 4,DRIVER6_*Extra 5,
1,93,5,1:31.558,-,-,215.1,7,Acura Meyer Shank Racing w/Curb Agajanian,GTP,,,Acura ARX-06,M,,,,,,,,,,,Renger,van der Zande,Platinum,"Amsterdam, Netherlands",NLD,,,,,,,Nick,Yelloly,Platinum,"Solihull, United Kingdom",GBR,,,,,,,Kaku,Ohta,Gold,"Kyoto,Japan",JPN,,,,,,,,,,,,,,,,,,,,,,,,,
2,31,6,1:31.845,+0.287,+0.287,214.5,8,Cadillac Whelen,GTP,,,Cadillac V-Series.R,M,,,,,,,,,,,Jack,Aitken,Platinum,"London, United Kingdom",GBR,,,,,,,Earl,Bamber,Platinum,"Wanganui, New Zealand",NZL,,,,,,,Frederik,Vesti,Platinum,"Billund, Denmark",DNK,,,,,,,,,,,,,,,,,,,,,,,,,
3,60,5,1:32.167,+0.609,+0.322,213.7,8,Acura Meyer Shank Racing w/Curb Agajanian,GTP,,,Acura ARX-06,M,,,,,,,,,,,Tom,Blomqvist,Platinum,"Cambridge, UK",GBR,,,,,,,Colin,Braun,Gold,"Ovalo, TX",USA,,,,,,,,,,,,,,,,,,,,,,,,,,,,,,,
4,10,6,1:32.444,+0.886,+0.277,213.1,9,Wayne Taylor Racing,GTP,,,Cadillac V-Series.R,M,,,,,,,,,,,Ricky,Taylor,Platinum,"Lake Mary, FL",USA,,,,,,,Filipe,Albuquerque,Platinum,"Coimbra, Portugal",PRT,,,,,,,,,,,,,,,,,,,,,,,,,,,,,,,
5,40,9,1:32.566,+1.008,+0.122,212.8,9,Wayne Taylor Racing,GTP,,,Cadillac V-Series.R,M,,,,,,,,,,,Jordan,Taylor,Platinum,"Orlando, FL",USA,,,,,,,Louis,Deletraz,Gold,"Geneva, Switzerland",SWZ,,,,,,,,,,,,,,,,,,,,,,,,,,,,,,,
6,24,6,1:32.977,+1.419,+0.411,211.9,9,BMW M Team RLL,GTP,,,BMW M Hybrid V8,M,,,,,,,,,,,Philipp,Eng,Platinum,"Sankt Lorenz, Austria",AUT,,,,,,,Dries,Vanthoor,Platinum,"Zolder, Belgium",BEL,,,,,,,,,,,,,,,,,,,,,,,,,,,,,,,
7,25,6,1:33.106,+1.548,+0.129,211.6,7,BMW M Team RLL,GTP,,,BMW M Hybrid V8,M,,,,,,,,,,,Marco,Wittmann,Platinum,"Fuerth, Germany",DEU,,,,,,,Sheldon,van der Linde,Platinum,"Johannesburg, South Africa",ZAF,,,,,,,,,,,,,,,,,,,,,,,,,,,,,,,
8,6,5,1:33.323,+1.765,+0.217,211.1,8,Porsche Penske Motorsport,GTP,,,Porsche 963,M,,,,,,,,,,,Mathieu,Jaminet,Platinum,Andorra-La-Vella,FRA,,,,,,,Matt,Campbell,Platinum,"Warwick, Australia",AUS,,,,,,,,,,,,,,,,,,,,,,,,,,,,,,,
9,23,5,1:33.360,+1.802,+0.037,211.0,8,ASTON MARTIN THOR Team,GTP,,,Aston Martin Valkyrie,M,,,,,,,,,,,Ross,Gunn,Platinum,"Great Missenden, United Kingdom",GBR,,,,,,,Roman,De Angelis,Gold,"Windsor , ON",CAN,,,,,,,,,,,,,,,,,,,,,,,,,,,,,,,
10,7,7,1:33.382,+1.824,+0.022,210.9,8,Porsche Penske Motorsport,GTP,,,Porsche 963,M,,,,,,,,,,,Felipe,Nasr,Platinum,"Brasilia, Brazil",BRA,,,,,,,Nick,Tandy,Platinum,"Bedford, United Kingdom",GBR,,,,,,,,,,,,,,,,,,,,,,,,,,,,,,,
11,63,4,1:33.479,+1.921,+0.097,210.7,7,Automobili Lamborghini Squadra Corse,GTP,,,Lamborghini SC63,M,,,,,,,,,,,Romain,Grosjean,Platinum,"Geneva, Switzerland",FRA,,,,,,,Daniil,Kvyat,Platinum,"Ufa, Russia",RUS,,,,,,,,,,,,,,,,,,,,,,,,,,,,,,,
12,5,6,1:33.533,+1.975,+0.054,210.6,8,Proton Competition,GTP,,,Porsche 963,M,,,,,,,,,,,Neel,Jani,Platinum,"Bellmund, Switzerland",CHE,,,,,,,Nico,Varrone,Gold,"Escobar, Argentina",ARG,,,,,,,Nico,Pino,Silver,"Santiago, Chile",USA,,,,,,,,,,,,,,,,,,,,,,,,,
13,85,9,1:34.294,+2.736,+0.761,208.9,9,JDC Miller MotorSports,GTP,,,Porsche 963,M,,,,,,,,,,,Tijmen,van der Helm,Gold,"Den Hoorn, Netherlands",NLD,,,,,,,Gianmaria,Bruni,Platinum,"Rome, Italy",ITA,,,,,,,,,,,,,,,,,,,,,,,,,,,,,,,
14,99,6,1:35.878,+4.320,+1.584,205.5,9,AO Racing,LMP2,,,ORECA LMP2 07,M,,,,,,,,,,,PJ,Hyett,Bronze,"St Charles, IL",USA,,,,,,,Dane,Cameron,Platinum,"Huntersville, NC",USA,,,,,,,Jonny,Edgar,Silver,"Asby, United Kingdom",GBR,,,,,,,,,,,,,,,,,,,,,,,,,
15,11,6,1:36.051,+4.493,+0.173,205.1,7,TDS RACING,LMP2,,,ORECA LMP2 07,M,,,,,,,,,,,Steven,Thomas,Bronze,"Carl Junction, MO",USA,,,,,,,Mikkel,Jensen,Platinum,"Aarhus, Denmark",DNK,,,,,,,Hunter,McElrea,Silver,"Gold Coast, Australia",USA,,,,,,,,,,,,,,,,,,,,,,,,,
16,22,6,1:36.683,+5.125,+0.632,203.7,8,United Autosports USA,LMP2,,,ORECA LMP2 07,M,,,,,,,,,,,Daniel,Goldburg,Bronze,"Delray Beach, FL",USA,,,,,,,Paul,Di Resta,Platinum,Monaco,GBR,,,,,,,Rasmus,Lindh,Silver,"Gothenburg, Sweden",SWE,,,,,,,,,,,,,,,,,,,,,,,,,
17,2,6,1:37.018,+5.460,+0.335,203.0,9,United Autosports USA,LMP2,,,ORECA LMP2 07,M,,,,,,,,,,,Nick,Boulle,Bronze,"Dallas, TX",USA,,,,,,,Juan,Correa,Silver,"Miami, FL",USA,,,,,,,Ben,Hanley,Gold,"Accrington, United Kingdom",GBR,,,,,,,,,,,,,,,,,,,,,,,,,
18,18,6,1:37.133,+5.575,+0.115,202.8,9,Era Motorsport,LMP2,,,ORECA LMP2 07,M,,,,,,,,,,,David Heinemeier,Hansson,Silver,"Malibu, CA",DNK,,,,,,,Tobi,Lutke,Bronze,"Toronto, Canada",CAN,,,,,,,Paul-Loup,Chatin,Gold,"Chartres, France",FRA,,,,,,,,,,,,,,,,,,,,,,,,,
19,43,4,1:37.147,+5.589,+0.014,202.8,8,Inter Europol Competition,LMP2,,,ORECA LMP2 07,M,,,,,,,,,,,Tom,Dillmann,Gold,"Mulhouse, France",FRA,,,,,,,Bijoy,Garg,Silver,"Atherton, CA",USA,,,,,,,Jeremy,Clarke,Bronze,"Manhattan Beach, CA",USA,,,,,,,,,,,,,,,,,,,,,,,,,
20,74,8,1:37.232,+5.674,+0.085,202.6,10,Riley,LMP2,,,ORECA LMP2 07,M,,,,,,,,,,,Gar,Robinson,Bronze,"Austin, TX",USA,,,,,,,Felipe,Fraga,Gold,"Palmas, Brazil",BRA,,,,,,,Josh,Burdon,Silver,"Hobart, Australia",AUS,,,,,,,,,,,,,,,,,,,,,,,,,
21,88,5,1:37.311,+5.753,+0.079,202.4,9,Af Corse,LMP2,,,ORECA LMP2 07,M,,,,,,,,,,,Luis,Perez Companc,Bronze,"Buenos Aires, Argentina",ARG,,,,,,,Matias,Perez Companc,Silver,"Buenos Aires, Argentina",ARG,,,,,,,Matthieu,Vaxiviere,Gold,"Bordeaux, France",FRA,,,,,,,,,,,,,,,,,,,,,,,,,
22,73,9,1:37.526,+5.968,+0.215,202.0,10,Pratt Miller Motorsports,LMP2,,,ORECA LMP2 07,M,,,,,,,,,,,Pietro,Fittipaldi,Gold,"Miami, FL",BRA,,,,,,,Manuel,Espirito Santo,Silver,Cascais,PRT,,,,,,,Chris,Cumming,Bronze,"Vancouver,Canada",CAN,,,,,,,,,,,,,,,,,,,,,,,,,
23,04,9,1:37.558,+6.000,+0.032,201.9,10,Crowdstrike Racing by APR,LMP2,,,ORECA LMP2 07,M,,,,,,,,,,,George,Kurtz,Bronze,"Scottsdale, AZ",USA,,,,,,,Malthe,Jakobsen,Gold,Sennels,DNK,,,,,,,Toby,Sowery,Silver,"Cambridge, United Kingdom",GBR,,,,,,,,,,,,,,,,,,,,,,,,,
24,52,8,1:37.851,+6.293,+0.293,201.3,10,PR1 Mathiasen Motorsports,LMP2,,,ORECA LMP2 07,M,,,,,,,,,,,Rodrigo,Sales,Bronze,"Crystal Bay, NV",USA,,,,,,,Benjamin,Pedersen,Silver,Copenhagen,USA,,,,,,,Mathias,Beche,Gold,Veigy,CHE,,,,,,,,,,,,,,,,,,,,,,,,,
25,8,5,1:39.334,+7.776,+1.483,198.3,9,Tower Motorsports,LMP2,,,ORECA LMP2 07,M,,,,,,,,,,,John,Farano,Bronze,"Toronto, ON",CAN,,,,,,,Sebastian,Alvarez,Silver,"Mexico City, Mexico",MEX,,,,,,,Sebastien,Bourdais,Platinum,"Le Mans, France",FRA,,,,,,,,,,,,,,,,,,,,,,,,,
26,9,5,1:44.595,+13.037,+5.261,188.3,8,Pfaff Motorsports,GTDPRO,,,Lamborghini Huracan GT3 EVO2,M,,,,,,,,,,,Andrea,Caldarelli,Platinum,"Pescara, Italy",ITA,,,,,,,Sandy,Mitchell,Platinum,"Forfar, Scotland",GBR,,,,,,,,,,,,,,,,,,,,,,,,,,,,,,,
27,48,3,1:44.737,+13.179,+0.142,188.1,9,Paul Miller Racing,GTDPRO,,,BMW M4 GT3 EVO,M,,,,,,,,,,,Max,Hesse,Gold,"Wernau, Germany",DEU,,,,,,,Dan,Harper,Platinum,Belfast,GBR,,,,,,,,,,,,,,,,,,,,,,,,,,,,,,,
28,27,4,1:44.788,+13.230,+0.051,188.0,7,Heart of Racing Team,GTD,,,Aston Martin Vantage GT3 Evo,M,,,,,,,,,,,Tom,Gamble,Gold,"Nottingham, United Kingdom",GBR,,,,,,,Casper,Stevenson,Silver,London,GBR,,,,,,,Zacharie,Robichon,Silver,"Ottawa, ON",CAN,,,,,,,,,,,,,,,,,,,,,,,,,
29,36,4,1:44.999,+13.441,+0.211,187.6,7,DXDT Racing,GTD,,,Chevrolet Corvette Z06 GT3.R,M,,,,,,,,,,,Salih,Yoluc,Silver,"London, United Kingdom",TUR,,,,,,,Alec,Udell,Silver,"Austin, TX",USA,,,,,,,Charlie,Eastwood,Gold,"Belfast, Northern Ireland",IRL,,,,,,,,,,,,,,,,,,,,,,,,,
30,32,3,1:45.212,+13.654,+0.213,187.2,5,Korthoff Competition Motors,GTD,,,Mercedes-AMG GT3,M,,,,,,,,,,,Mikey,Taylor,Silver,"Pretoria, South Africa",USA,,,,,,,Kenton,Koch,Silver,"Charlotte, NC",USA,,,,,,,Daniel,Morad,Gold,"Toronto, Canada",CAN,,,,,,,,,,,,,,,,,,,,,,,,,
31,57,6,1:45.236,+13.678,+0.024,187.2,9,Winward Racing,GTD,,,Mercedes-AMG GT3,M,,,,,,,,,,,Russell,Ward,Silver,"Seabrook, TX",USA,,,,,,,Philip,Ellis,Gold,"Munich, Germany",GBR,,,,,,,Indy,Dontje,Silver,"Bergen, Netherlands",NLD,,,,,,,,,,,,,,,,,,,,,,,,,
32,4,5,1:45.296,+13.738,+0.060,187.1,7,Corvette Racing by Pratt Miller Motorsports,GTDPRO,,,Chevrolet Corvette Z06 GT3.R,M,,,,,,,,,,,Tommy,Milner,Platinum,"Middleburg, VA",USA,,,,,,,Nicky,Catsburg,Platinum,"Amersfoort, Netherlands",NLD,,,,,,,,,,,,,,,,,,,,,,,,,,,,,,,
33,81,4,1:45.326,+13.768,+0.030,187.0,7,DragonSpeed,GTDPRO,,,Ferrari 296 GT3,M,,,,,,,,,,,Albert,Costa,Platinum,Andorra,ESP,,,,,,,Davide,Rigon,Platinum,"Cervia, Italy",ITA,,,,,,,,,,,,,,,,,,,,,,,,,,,,,,,
34,12,6,1:45.443,+13.885,+0.117,186.8,8,Vasser Sullivan Racing,GTD,,,Lexus RC F GT3,M,,,,,,,,,,,Jack,Hawksworth,Gold,"Bradford, United Kingdom",GBR,,,,,,,Parker,Thompson,Silver,"Red Deer, AB",CAN,,,,,,,Frankie,Montecalvo,Silver,"Highlands, NJ",USA,,,,,,,,,,,,,,,,,,,,,,,,,
35,14,4,1:45.450,+13.892,+0.007,186.8,7,Vasser Sullivan Racing,GTDPRO,,,Lexus RC F GT3,M,,,,,,,,,,,Ben,Barnicoat,Platinum,"Chesterfield, United Kingdom",GBR,,,,,,,Aaron,Telitz,Gold,"Birchwood, WI",USA,,,,,,,,,,,,,,,,,,,,,,,,,,,,,,,
36,3,5,1:45.490,+13.932,+0.040,186.7,7,Corvette Racing by Pratt Miller Motorsports,GTDPRO,,,Chevrolet Corvette Z06 GT3.R,M,,,,,,,,,,,Antonio,Garcia,Platinum,"Madrid, Spain",ESP,,,,,,,Alexander,Sims,Platinum,"Kidderminster, United Kingdom",GBR,,,,,,,,,,,,,,,,,,,,,,,,,,,,,,,
37,64,3,1:45.517,+13.959,+0.027,186.7,6,Ford Multimatic Motorsports,GTDPRO,,,Ford Mustang GT3,M,,,,,,,,,,,Mike,Rockenfeller,Platinum,"Altnau, Switzerland",DEU,,,,,,,Sebastian,Priaulx,Gold,"Guernsey, United Kingdom",GBR,,,,,,,,,,,,,,,,,,,,,,,,,,,,,,,
38,1,6,1:45.532,+13.974,+0.015,186.7,8,Paul Miller Racing,GTDPRO,,,BMW M4 GT3 EVO,M,,,,,,,,,,,Madison,Snow,Gold,"Salt Lake City, UT",USA,,,,,,,Neil,Verhagen,Gold,"Mooresville, NC",USA,,,,,,,Connor,De Phillippi,Gold,"Cornelius, NC",USA,,,,,,,,,,,,,,,,,,,,,,,,,
39,77,5,1:45.572,+14.014,+0.040,186.6,8,AO Racing,GTDPRO,,,Porsche 911 GT3 R (992),M,,,,,,,,,,,Laurin,Heinrich,Gold,"Würzburg, Germany",DEU,,,,,,,Klaus,Bachler,Platinum,"Unzmarkt, Austria",AUT,,,,,,,,,,,,,,,,,,,,,,,,,,,,,,,
40,65,7,1:45.646,+14.088,+0.074,186.5,9,Ford Multimatic Motorsports,GTDPRO,,,Ford Mustang GT3,M,,,,,,,,,,,Christopher,Mies,Platinum,"Erkrath, Germany",DEU,,,,,,,Frederic,Vervisch,Gold,"Middelkerke, Belgium",BEL,,,,,,,,,,,,,,,,,,,,,,,,,,,,,,,
41,47,3,1:45.696,+14.138,+0.050,186.4,7,CETILAR RACING,GTD,,,Ferrari 296 GT3,M,,,,,,,,,,,Lorenzo,Patrese,Silver,"Padua, Italy",ITA,,,,,,,Giorgio,Sernagiotto,Silver,"Asolo, Italy",ITA,,,,,,,Antonio,Fuoco,Platinum,Monaco,ITA,,,,,,,,,,,,,,,,,,,,,,,,,
42,21,4,1:45.779,+14.221,+0.083,186.2,7,Af Corse,GTD,,,Ferrari 296 GT3,M,,,,,,,,,,,Simon,Mann,Silver,"Lausanne, Switzerland",USA,,,,,,,Lilou,Wadoux Ducellier,Silver,"Amiens, France",FRA,,,,,,,Alessandro,Pier Guidi,Platinum,"Tortona, Italy",ITA,,,,,,,,,,,,,,,,,,,,,,,,,
43,023,3,1:45.882,+14.324,+0.103,186.0,8,Triarsi Competizione,GTD,,,Ferrari 296 GT3,M,,,,,,,,,,,Onofrio,Triarsi,Silver,"Orlando, FL",USA,,,,,,,James,Calado,Platinum,"Cardiff, United Kingdom",GBR,,,,,,,Andrew,Waite,Silver,"Auckland, New Zealand",NZL,,,,,,,,,,,,,,,,,,,,,,,,,
44,78,3,1:45.906,+14.348,+0.024,186.0,8,Forte Racing,GTD,,,Lamborghini Huracan GT3 EVO2,M,,,,,,,,,,,Misha,Goikhberg,Silver,"Woodbridge, ON",CAN,,,,,,,Mario,Farnbacher,Gold,"Ansbach, Germany",DEU,,,,,,,Scott,Hargrove,Silver,"Vancouver, BC",CAN,,,,,,,,,,,,,,,,,,,,,,,,,
45,19,4,1:46.013,+14.455,+0.107,185.8,7,van der Steur Racing,GTD,B,,Aston Martin Vantage GT3 Evo,M,,,,,,,,,,,Valentin,Hasse-Clot,Gold,"Paris, France",FRA,,,,,,,Anthony,McIntosh,Bronze,"Milwaukee, WI",USA,,,,,,,Rory,van der Steur,Silver,"Chesapeake City, MD",USA,,,,,,,,,,,,,,,,,,,,,,,,,
46,96,3,1:46.213,+14.655,+0.200,185.5,8,Turner Motorsport,GTD,,,BMW M4 GT3 EVO,M,,,,,,,,,,,Patrick,Gallagher,Silver,"Thornville, OH",USA,,,,,,,Robby,Foley,Gold,"Randolph, NJ",USA,,,,,,,Jake,Walker,Silver,"Phoenixville, PA",USA,,,,,,,,,,,,,,,,,,,,,,,,,
47,70,3,1:46.529,+14.971,+0.316,184.9,8,Inception Racing,GTD,B,,Ferrari 296 GT3,M,,,,,,,,,,,Brendan,Iribe,Bronze,"Los Angeles, CA",USA,,,,,,,Frederik,Schandorff,Gold,"Aarhus, Denmark",DNK,,,,,,,Ollie,Millroy,Silver,"Reading, United Kingdom",GBR,,,,,,,,,,,,,,,,,,,,,,,,,
48,44,5,1:46.548,+14.990,+0.019,184.9,8,Magnus Racing,GTD,B,,Aston Martin Vantage GT3 Evo,M,,,,,,,,,,,John,Potter,Bronze,"Salt Lake City, UT",USA,,,,,,,Spencer,Pumpelly,Silver,"Atlanta, GA",USA,,,,,,,Marco,Sorensen,Platinum,"Godthaab, Denmark",DNK,,,,,,,,,,,,,,,,,,,,,,,,,
49,34,4,1:46.779,+15.221,+0.231,184.5,8,Conquest Racing,GTD,,,Ferrari 296 GT3,M,,,,,,,,,,,Manny,Franco,Silver,"Milwaukee, WI",USA,,,,,,,Daniel,Serra,Platinum,"Sao Paulo, Brazil",BRA,,,,,,,Ben,Tuck,Silver,Biggleswade,GBR,,,,,,,,,,,,,,,,,,,,,,,,,
50,021,4,1:47.416,+15.858,+0.637,183.4,9,Triarsi Competizione,GTD,,,Ferrari 296 GT3,M,,,,,,,,,,,Alessandro,Balzan,Gold,"Rovigo, Italy",ITA,,,,,,,Jason,Hart,Silver,"Flower Mound, TX",USA,,,,,,,AJ,Muss,Silver,"Rumson, NJ",USA,,,,,,,,,,,,,,,,,,,,,,,,,
51,120,4,1:47.465,+15.907,+0.049,183.3,8,Wright Motorsports,GTD,,,Porsche 911 GT3 R (992),M,,,,,,,,,,,Adam,Adelson,Silver,"Los Angeles, CA",USA,,,,,,,Elliott,Skeer,Gold,"San Diego, CA",USA,,,,,,,Tom,Sargent,Silver,"Young, Australia",AUS,,,,,,,,,,,,,,,,,,,,,,,,,
52,66,4,1:47.690,+16.132,+0.225,182.9,8,Gradient Racing,GTD,B,,Ford Mustang GT3,M,,,,,,,,,,,Joey,Hand,Gold,"Wilton, CA",USA,,,,,,,Till,Bechtolsheimer,Bronze,"Ampney St. Peter, United Kingdom",GBR,,,,,,,Tati,Calderon,Silver,"Bogota City, Colombia",COL,,,,,,,,,,,,,,,,,,,,,,,,,
53,45,8,1:48.138,+16.580,+0.448,182.2,9,Wayne Taylor Racing,GTD,,,Lamborghini Huracan GT3 EVO2,M,,,,,,,,,,,Danny,Formal,Silver,"San Jose, Costa Rica",CRI,,,,,,,Trent,Hindman,Gold,"Ocean Township, NJ",USA,,,,,,,Graham,Doyle,Silver,"Belleair, FL",USA,,,,,,,,,,,,,,,,,,,,,,,,,
54,13,3,1:48.611,+17.053,+0.473,181.4,9,AWA,GTD,B,,Chevrolet Corvette Z06 GT3.R,M,,,,,,,,,,,Lars,Kern,Silver,"Wiernsheim, Germany",DEU,,,,,,,Matthew,Bell,Gold,"Newcastle Upon Tyne, United Kingdom",GBR,,,,,,,Orey,Fidani,Bronze,"Toronto, ON",CAN,,,,,,,,,,,,,,,,,,,,,,,,,
55,80,4,1:49.332,+17.774,+0.721,180.2,9,Lone Star Racing,GTD,B,,Mercedes-AMG GT3,M,,,,,,,,,,,Dan,Knox,Bronze,"Celina, TX",USA,,,,,,,Wyatt,Brichacek,Silver,"Johnstown, CO",USA,,,,,,,Scott,Andrews,Gold,"Torquay, Australia",AUS,,,,,,,,,,,,,,,,,,,,,,,,,
