﻿POS,NUMBER,LAP,TIME,GAP_FIRST,GAP_PREVIOUS,KPH, LAPS,TEAM,CLASS,GROUP,DIVISION,VEHICLE,TIRES,IMSA_CarId,IMSA_TeamId,IMSA_ClassId,IMSA_CarTypeId,IMSA_ManufacturerId,IMSA_TireId,IMSA_SponsorId,IMSA_EventEntryId,*Extra 9,*Extra 10,DRIVER1_FIRSTNAME,DRIVER1_SECONDNAME,DRIVER1_LICENSE,DRIVER1_HOMETOWN,DRIVER1_COUNTRY,DRIVER1_SHORTNAME,DRIVER1_IMSA_DriverId,DRIVER1_IMSA_DriverPlugId,DRIVER1_IMSA_DriverRatingLong,DRIVER1_*Extra 4,DRIVER1_*Extra 5,DRIVER2_FIRSTNAME,DRIVER2_SECONDNAME,DRIVER2_LICENSE,DRIVER2_HOMETOWN,DRIVER2_COUNTRY,DRIVER2_SHORTNAME,DRIVER2_IMSA_DriverId,DRIVER2_IMSA_DriverPlugId,DRIVER2_IMSA_DriverRatingLong,DRIVER2_*Extra 4,DRIVER2_*Extra 5,DRIVER3_FIRSTNAME,DRIVER3_SECONDNAME,DRIVER3_LICENSE,DRIVER3_HOMETOWN,DRIVER3_COUNTRY,DRIVER3_SHORTNAME,DRIVER3_IMSA_DriverId,DRIVER3_IMSA_DriverPlugId,DRIVER3_IMSA_DriverRatingLong,DRIVER3_*Extra 4,DRIVER3_*Extra 5,DRIVER4_FIRSTNAME,DRIVER4_SECONDNAME,DRIVER4_LICENSE,DRIVER4_HOMETOWN,DRIVER4_COUNTRY,DRIVER4_SHORTNAME,DRIVER4_IMSA_DriverId,DRIVER4_IMSA_DriverPlugId,DRIVER4_IMSA_DriverRatingLong,DRIVER4_*Extra 4,DRIVER4_*Extra 5,DRIVER5_FIRSTNAME,DRIVER5_SECONDNAME,DRIVER5_LICENSE,DRIVER5_HOMETOWN,DRIVER5_COUNTRY,DRIVER5_SHORTNAME,DRIVER5_IMSA_DriverId,DRIVER5_IMSA_DriverPlugId,DRIVER5_IMSA_DriverRatingLong,DRIVER5_*Extra 4,DRIVER5_*Extra 5,DRIVER6_FIRSTNAME,DRIVER6_SECONDNAME,DRIVER6_LICENSE,DRIVER6_HOMETOWN,DRIVER6_COUNTRY,DRIVER6_SHORTNAME,DRIVER6_IMSA_DriverId,DRIVER6_IMSA_DriverPlugId,DRIVER6_IMSA_DriverRatingLong,DRIVER6_*Extra 4,DRIVER6_*Extra 5,
1,31,39,1:33.865,-,-,209.9,41,Cadillac Whelen,GTP,,,Cadillac V-Series.R,M,,,,,,,,,,,Jack,Aitken,Platinum,"London, United Kingdom",GBR,,,,,,,Earl,Bamber,Platinum,"Wanganui, New Zealand",NZL,,,,,,,Frederik,Vesti,Platinum,"Billund, Denmark",DNK,,,,,,,,,,,,,,,,,,,,,,,,,
2,10,12,1:33.996,+0.131,+0.131,209.6,34,Wayne Taylor Racing,GTP,,,Cadillac V-Series.R,M,,,,,,,,,,,Ricky,Taylor,Platinum,"Lake Mary, FL",USA,,,,,,,Filipe,Albuquerque,Platinum,"Coimbra, Portugal",PRT,,,,,,,,,,,,,,,,,,,,,,,,,,,,,,,
3,60,34,1:34.141,+0.276,+0.145,209.2,36,Acura Meyer Shank Racing w/Curb Agajanian,GTP,,,Acura ARX-06,M,,,,,,,,,,,Tom,Blomqvist,Platinum,"Cambridge, UK",GBR,,,,,,,Colin,Braun,Gold,"Ovalo, TX",USA,,,,,,,,,,,,,,,,,,,,,,,,,,,,,,,
4,93,36,1:34.301,+0.436,+0.160,208.9,38,Acura Meyer Shank Racing w/Curb Agajanian,GTP,,,Acura ARX-06,M,,,,,,,,,,,Renger,van der Zande,Platinum,"Amsterdam, Netherlands",NLD,,,,,,,Nick,Yelloly,Platinum,"Solihull, United Kingdom",GBR,,,,,,,Kaku,Ohta,Gold,"Kyoto,Japan",JPN,,,,,,,,,,,,,,,,,,,,,,,,,
5,24,13,1:34.332,+0.467,+0.031,208.8,39,BMW M Team RLL,GTP,,,BMW M Hybrid V8,M,,,,,,,,,,,Philipp,Eng,Platinum,"Sankt Lorenz, Austria",AUT,,,,,,,Dries,Vanthoor,Platinum,"Zolder, Belgium",BEL,,,,,,,,,,,,,,,,,,,,,,,,,,,,,,,
6,40,12,1:34.564,+0.699,+0.232,208.3,34,Wayne Taylor Racing,GTP,,,Cadillac V-Series.R,M,,,,,,,,,,,Jordan,Taylor,Platinum,"Orlando, FL",USA,,,,,,,Louis,Deletraz,Gold,"Geneva, Switzerland",SWZ,,,,,,,,,,,,,,,,,,,,,,,,,,,,,,,
7,5,24,1:34.815,+0.950,+0.251,207.8,41,Proton Competition,GTP,,,Porsche 963,M,,,,,,,,,,,Neel,Jani,Platinum,"Bellmund, Switzerland",CHE,,,,,,,Nico,Varrone,Gold,"Escobar, Argentina",ARG,,,,,,,Nico,Pino,Silver,"Santiago, Chile",USA,,,,,,,,,,,,,,,,,,,,,,,,,
8,6,28,1:34.888,+1.023,+0.073,207.6,32,Porsche Penske Motorsport,GTP,,,Porsche 963,M,,,,,,,,,,,Mathieu,Jaminet,Platinum,Andorra-La-Vella,FRA,,,,,,,Matt,Campbell,Platinum,"Warwick, Australia",AUS,,,,,,,,,,,,,,,,,,,,,,,,,,,,,,,
9,25,34,1:35.309,+1.444,+0.421,206.7,38,BMW M Team RLL,GTP,,,BMW M Hybrid V8,M,,,,,,,,,,,Marco,Wittmann,Platinum,"Fuerth, Germany",DEU,,,,,,,Sheldon,van der Linde,Platinum,"Johannesburg, South Africa",ZAF,,,,,,,,,,,,,,,,,,,,,,,,,,,,,,,
10,23,32,1:35.591,+1.726,+0.282,206.1,33,ASTON MARTIN THOR Team,GTP,,,Aston Martin Valkyrie,M,,,,,,,,,,,Ross,Gunn,Platinum,"Great Missenden, United Kingdom",GBR,,,,,,,Roman,De Angelis,Gold,"Windsor , ON",CAN,,,,,,,,,,,,,,,,,,,,,,,,,,,,,,,
11,73,9,1:35.967,+2.102,+0.376,205.3,33,Pratt Miller Motorsports,LMP2,,,ORECA LMP2 07,M,,,,,,,,,,,Pietro,Fittipaldi,Gold,"Miami, FL",BRA,,,,,,,Manuel,Espirito Santo,Silver,Cascais,PRT,,,,,,,Chris,Cumming,Bronze,"Vancouver,Canada",CAN,,,,,,,,,,,,,,,,,,,,,,,,,
12,11,40,1:36.014,+2.149,+0.047,205.2,41,TDS RACING,LMP2,,,ORECA LMP2 07,M,,,,,,,,,,,Steven,Thomas,Bronze,"Carl Junction, MO",USA,,,,,,,Mikkel,Jensen,Platinum,"Aarhus, Denmark",DNK,,,,,,,Hunter,McElrea,Silver,"Gold Coast, Australia",USA,,,,,,,,,,,,,,,,,,,,,,,,,
13,7,21,1:36.062,+2.197,+0.048,205.1,36,Porsche Penske Motorsport,GTP,,,Porsche 963,M,,,,,,,,,,,Felipe,Nasr,Platinum,"Brasilia, Brazil",BRA,,,,,,,Nick,Tandy,Platinum,"Bedford, United Kingdom",GBR,,,,,,,,,,,,,,,,,,,,,,,,,,,,,,,
14,63,27,1:36.165,+2.300,+0.103,204.8,30,Automobili Lamborghini Squadra Corse,GTP,,,Lamborghini SC63,M,,,,,,,,,,,Romain,Grosjean,Platinum,"Geneva, Switzerland",FRA,,,,,,,Daniil,Kvyat,Platinum,"Ufa, Russia",RUS,,,,,,,,,,,,,,,,,,,,,,,,,,,,,,,
15,8,27,1:36.397,+2.532,+0.232,204.3,38,Tower Motorsports,LMP2,,,ORECA LMP2 07,M,,,,,,,,,,,John,Farano,Bronze,"Toronto, ON",CAN,,,,,,,Sebastian,Alvarez,Silver,"Mexico City, Mexico",MEX,,,,,,,Sebastien,Bourdais,Platinum,"Le Mans, France",FRA,,,,,,,,,,,,,,,,,,,,,,,,,
16,22,39,1:36.460,+2.595,+0.063,204.2,40,United Autosports USA,LMP2,,,ORECA LMP2 07,M,,,,,,,,,,,Daniel,Goldburg,Bronze,"Delray Beach, FL",USA,,,,,,,Paul,Di Resta,Platinum,Monaco,GBR,,,,,,,Rasmus,Lindh,Silver,"Gothenburg, Sweden",SWE,,,,,,,,,,,,,,,,,,,,,,,,,
17,85,36,1:36.740,+2.875,+0.280,203.6,37,JDC Miller MotorSports,GTP,,,Porsche 963,M,,,,,,,,,,,Tijmen,van der Helm,Gold,"Den Hoorn, Netherlands",NLD,,,,,,,Gianmaria,Bruni,Platinum,"Rome, Italy",ITA,,,,,,,,,,,,,,,,,,,,,,,,,,,,,,,
18,18,4,1:36.773,+2.908,+0.033,203.6,37,Era Motorsport,LMP2,,,ORECA LMP2 07,M,,,,,,,,,,,David Heinemeier,Hansson,Silver,"Malibu, CA",DNK,,,,,,,Tobi,Lutke,Bronze,"Toronto, Canada",CAN,,,,,,,Paul-Loup,Chatin,Gold,"Chartres, France",FRA,,,,,,,,,,,,,,,,,,,,,,,,,
19,99,10,1:36.914,+3.049,+0.141,203.3,27,AO Racing,LMP2,,,ORECA LMP2 07,M,,,,,,,,,,,PJ,Hyett,Bronze,"St Charles, IL",USA,,,,,,,Dane,Cameron,Platinum,"Huntersville, NC",USA,,,,,,,Jonny,Edgar,Silver,"Asby, United Kingdom",GBR,,,,,,,,,,,,,,,,,,,,,,,,,
20,43,41,1:36.946,+3.081,+0.032,203.2,42,Inter Europol Competition,LMP2,,,ORECA LMP2 07,M,,,,,,,,,,,Tom,Dillmann,Gold,"Mulhouse, France",FRA,,,,,,,Bijoy,Garg,Silver,"Atherton, CA",USA,,,,,,,Jeremy,Clarke,Bronze,"Manhattan Beach, CA",USA,,,,,,,,,,,,,,,,,,,,,,,,,
21,74,20,1:37.000,+3.135,+0.054,203.1,37,Riley,LMP2,,,ORECA LMP2 07,M,,,,,,,,,,,Gar,Robinson,Bronze,"Austin, TX",USA,,,,,,,Felipe,Fraga,Gold,"Palmas, Brazil",BRA,,,,,,,Josh,Burdon,Silver,"Hobart, Australia",AUS,,,,,,,,,,,,,,,,,,,,,,,,,
22,88,33,1:37.039,+3.174,+0.039,203.0,38,Af Corse,LMP2,,,ORECA LMP2 07,M,,,,,,,,,,,Luis,Perez Companc,Bronze,"Buenos Aires, Argentina",ARG,,,,,,,Matias,Perez Companc,Silver,"Buenos Aires, Argentina",ARG,,,,,,,Matthieu,Vaxiviere,Gold,"Bordeaux, France",FRA,,,,,,,,,,,,,,,,,,,,,,,,,
23,04,4,1:37.829,+3.964,+0.790,201.4,39,Crowdstrike Racing by APR,LMP2,,,ORECA LMP2 07,M,,,,,,,,,,,George,Kurtz,Bronze,"Scottsdale, AZ",USA,,,,,,,Malthe,Jakobsen,Gold,Sennels,DNK,,,,,,,Toby,Sowery,Silver,"Cambridge, United Kingdom",GBR,,,,,,,,,,,,,,,,,,,,,,,,,
24,2,37,1:37.870,+4.005,+0.041,201.3,41,United Autosports USA,LMP2,,,ORECA LMP2 07,M,,,,,,,,,,,Nick,Boulle,Bronze,"Dallas, TX",USA,,,,,,,Juan,Correa,Silver,"Miami, FL",USA,,,,,,,Ben,Hanley,Gold,"Accrington, United Kingdom",GBR,,,,,,,,,,,,,,,,,,,,,,,,,
25,52,24,1:37.932,+4.067,+0.062,201.1,39,PR1 Mathiasen Motorsports,LMP2,,,ORECA LMP2 07,M,,,,,,,,,,,Rodrigo,Sales,Bronze,"Crystal Bay, NV",USA,,,,,,,Benjamin,Pedersen,Silver,Copenhagen,USA,,,,,,,Mathias,Beche,Gold,Veigy,CHE,,,,,,,,,,,,,,,,,,,,,,,,,
26,36,11,1:45.258,+11.393,+7.326,187.1,36,DXDT Racing,GTD,,,Chevrolet Corvette Z06 GT3.R,M,,,,,,,,,,,Salih,Yoluc,Silver,"London, United Kingdom",TUR,,,,,,,Alec,Udell,Silver,"Austin, TX",USA,,,,,,,Charlie,Eastwood,Gold,"Belfast, Northern Ireland",IRL,,,,,,,,,,,,,,,,,,,,,,,,,
27,12,10,1:45.550,+11.685,+0.292,186.6,32,Vasser Sullivan Racing,GTD,,,Lexus RC F GT3,M,,,,,,,,,,,Jack,Hawksworth,Gold,"Bradford, United Kingdom",GBR,,,,,,,Parker,Thompson,Silver,"Red Deer, AB",CAN,,,,,,,Frankie,Montecalvo,Silver,"Highlands, NJ",USA,,,,,,,,,,,,,,,,,,,,,,,,,
28,27,25,1:45.654,+11.789,+0.104,186.4,34,Heart of Racing Team,GTD,,,Aston Martin Vantage GT3 Evo,M,,,,,,,,,,,Tom,Gamble,Gold,"Nottingham, United Kingdom",GBR,,,,,,,Casper,Stevenson,Silver,London,GBR,,,,,,,Zacharie,Robichon,Silver,"Ottawa, ON",CAN,,,,,,,,,,,,,,,,,,,,,,,,,
29,9,13,1:45.741,+11.876,+0.087,186.3,36,Pfaff Motorsports,GTDPRO,,,Lamborghini Huracan GT3 EVO2,M,,,,,,,,,,,Andrea,Caldarelli,Platinum,"Pescara, Italy",ITA,,,,,,,Sandy,Mitchell,Platinum,"Forfar, Scotland",GBR,,,,,,,,,,,,,,,,,,,,,,,,,,,,,,,
30,81,9,1:45.743,+11.878,+0.002,186.3,30,DragonSpeed,GTDPRO,,,Ferrari 296 GT3,M,,,,,,,,,,,Albert,Costa,Platinum,Andorra,ESP,,,,,,,Davide,Rigon,Platinum,"Cervia, Italy",ITA,,,,,,,,,,,,,,,,,,,,,,,,,,,,,,,
31,4,16,1:45.763,+11.898,+0.020,186.3,35,Corvette Racing by Pratt Miller Motorsports,GTDPRO,,,Chevrolet Corvette Z06 GT3.R,M,,,,,,,,,,,Tommy,Milner,Platinum,"Middleburg, VA",USA,,,,,,,Nicky,Catsburg,Platinum,"Amersfoort, Netherlands",NLD,,,,,,,,,,,,,,,,,,,,,,,,,,,,,,,
32,44,14,1:45.791,+11.926,+0.028,186.2,35,Magnus Racing,GTD,B,,Aston Martin Vantage GT3 Evo,M,,,,,,,,,,,John,Potter,Bronze,"Salt Lake City, UT",USA,,,,,,,Spencer,Pumpelly,Silver,"Atlanta, GA",USA,,,,,,,Marco,Sorensen,Platinum,"Godthaab, Denmark",DNK,,,,,,,,,,,,,,,,,,,,,,,,,
33,21,10,1:45.862,+11.997,+0.071,186.1,38,Af Corse,GTD,,,Ferrari 296 GT3,M,,,,,,,,,,,Simon,Mann,Silver,"Lausanne, Switzerland",USA,,,,,,,Lilou,Wadoux Ducellier,Silver,"Amiens, France",FRA,,,,,,,Alessandro,Pier Guidi,Platinum,"Tortona, Italy",ITA,,,,,,,,,,,,,,,,,,,,,,,,,
34,48,14,1:45.887,+12.022,+0.025,186.0,31,Paul Miller Racing,GTDPRO,,,BMW M4 GT3 EVO,M,,,,,,,,,,,Max,Hesse,Gold,"Wernau, Germany",DEU,,,,,,,Dan,Harper,Platinum,Belfast,GBR,,,,,,,,,,,,,,,,,,,,,,,,,,,,,,,
35,3,10,1:46.136,+12.271,+0.249,185.6,33,Corvette Racing by Pratt Miller Motorsports,GTDPRO,,,Chevrolet Corvette Z06 GT3.R,M,,,,,,,,,,,Antonio,Garcia,Platinum,"Madrid, Spain",ESP,,,,,,,Alexander,Sims,Platinum,"Kidderminster, United Kingdom",GBR,,,,,,,,,,,,,,,,,,,,,,,,,,,,,,,
36,80,11,1:46.151,+12.286,+0.015,185.6,33,Lone Star Racing,GTD,B,,Mercedes-AMG GT3,M,,,,,,,,,,,Dan,Knox,Bronze,"Celina, TX",USA,,,,,,,Wyatt,Brichacek,Silver,"Johnstown, CO",USA,,,,,,,Scott,Andrews,Gold,"Torquay, Australia",AUS,,,,,,,,,,,,,,,,,,,,,,,,,
37,57,4,1:46.177,+12.312,+0.026,185.5,28,Winward Racing,GTD,,,Mercedes-AMG GT3,M,,,,,,,,,,,Russell,Ward,Silver,"Seabrook, TX",USA,,,,,,,Philip,Ellis,Gold,"Munich, Germany",GBR,,,,,,,Indy,Dontje,Silver,"Bergen, Netherlands",NLD,,,,,,,,,,,,,,,,,,,,,,,,,
38,77,9,1:46.329,+12.464,+0.152,185.3,32,AO Racing,GTDPRO,,,Porsche 911 GT3 R (992),M,,,,,,,,,,,Laurin,Heinrich,Gold,"Würzburg, Germany",DEU,,,,,,,Klaus,Bachler,Platinum,"Unzmarkt, Austria",AUT,,,,,,,,,,,,,,,,,,,,,,,,,,,,,,,
39,32,10,1:46.399,+12.534,+0.070,185.1,29,Korthoff Competition Motors,GTD,,,Mercedes-AMG GT3,M,,,,,,,,,,,Mikey,Taylor,Silver,"Pretoria, South Africa",USA,,,,,,,Kenton,Koch,Silver,"Charlotte, NC",USA,,,,,,,Daniel,Morad,Gold,"Toronto, Canada",CAN,,,,,,,,,,,,,,,,,,,,,,,,,
40,19,21,1:46.504,+12.639,+0.105,185.0,35,van der Steur Racing,GTD,B,,Aston Martin Vantage GT3 Evo,M,,,,,,,,,,,Valentin,Hasse-Clot,Gold,"Paris, France",FRA,,,,,,,Anthony,McIntosh,Bronze,"Milwaukee, WI",USA,,,,,,,Rory,van der Steur,Silver,"Chesapeake City, MD",USA,,,,,,,,,,,,,,,,,,,,,,,,,
41,78,4,1:46.610,+12.745,+0.106,184.8,34,Forte Racing,GTD,,,Lamborghini Huracan GT3 EVO2,M,,,,,,,,,,,Misha,Goikhberg,Silver,"Woodbridge, ON",CAN,,,,,,,Mario,Farnbacher,Gold,"Ansbach, Germany",DEU,,,,,,,Scott,Hargrove,Silver,"Vancouver, BC",CAN,,,,,,,,,,,,,,,,,,,,,,,,,
42,13,28,1:46.621,+12.756,+0.011,184.8,37,AWA,GTD,B,,Chevrolet Corvette Z06 GT3.R,M,,,,,,,,,,,Lars,Kern,Silver,"Wiernsheim, Germany",DEU,,,,,,,Matthew,Bell,Gold,"Newcastle Upon Tyne, United Kingdom",GBR,,,,,,,Orey,Fidani,Bronze,"Toronto, ON",CAN,,,,,,,,,,,,,,,,,,,,,,,,,
43,64,7,1:46.637,+12.772,+0.016,184.7,32,Ford Multimatic Motorsports,GTDPRO,,,Ford Mustang GT3,M,,,,,,,,,,,Mike,Rockenfeller,Platinum,"Altnau, Switzerland",DEU,,,,,,,Sebastian,Priaulx,Gold,"Guernsey, United Kingdom",GBR,,,,,,,,,,,,,,,,,,,,,,,,,,,,,,,
44,14,22,1:46.717,+12.852,+0.080,184.6,23,Vasser Sullivan Racing,GTDPRO,,,Lexus RC F GT3,M,,,,,,,,,,,Ben,Barnicoat,Platinum,"Chesterfield, United Kingdom",GBR,,,,,,,Aaron,Telitz,Gold,"Birchwood, WI",USA,,,,,,,,,,,,,,,,,,,,,,,,,,,,,,,
45,1,10,1:46.786,+12.921,+0.069,184.5,31,Paul Miller Racing,GTDPRO,,,BMW M4 GT3 EVO,M,,,,,,,,,,,Madison,Snow,Gold,"Salt Lake City, UT",USA,,,,,,,Neil,Verhagen,Gold,"Mooresville, NC",USA,,,,,,,Connor,De Phillippi,Gold,"Cornelius, NC",USA,,,,,,,,,,,,,,,,,,,,,,,,,
46,70,17,1:46.839,+12.974,+0.053,184.4,21,Inception Racing,GTD,B,,Ferrari 296 GT3,M,,,,,,,,,,,Brendan,Iribe,Bronze,"Los Angeles, CA",USA,,,,,,,Frederik,Schandorff,Gold,"Aarhus, Denmark",DNK,,,,,,,Ollie,Millroy,Silver,"Reading, United Kingdom",GBR,,,,,,,,,,,,,,,,,,,,,,,,,
47,47,32,1:46.881,+13.016,+0.042,184.3,36,CETILAR RACING,GTD,,,Ferrari 296 GT3,M,,,,,,,,,,,Lorenzo,Patrese,Silver,"Padua, Italy",ITA,,,,,,,Giorgio,Sernagiotto,Silver,"Asolo, Italy",ITA,,,,,,,Antonio,Fuoco,Platinum,Monaco,ITA,,,,,,,,,,,,,,,,,,,,,,,,,
48,96,8,1:46.972,+13.107,+0.091,184.1,36,Turner Motorsport,GTD,,,BMW M4 GT3 EVO,M,,,,,,,,,,,Patrick,Gallagher,Silver,"Thornville, OH",USA,,,,,,,Robby,Foley,Gold,"Randolph, NJ",USA,,,,,,,Jake,Walker,Silver,"Phoenixville, PA",USA,,,,,,,,,,,,,,,,,,,,,,,,,
49,45,11,1:47.043,+13.178,+0.071,184.0,24,Wayne Taylor Racing,GTD,,,Lamborghini Huracan GT3 EVO2,M,,,,,,,,,,,Danny,Formal,Silver,"San Jose, Costa Rica",CRI,,,,,,,Trent,Hindman,Gold,"Ocean Township, NJ",USA,,,,,,,Graham,Doyle,Silver,"Belleair, FL",USA,,,,,,,,,,,,,,,,,,,,,,,,,
50,34,11,1:47.137,+13.272,+0.094,183.9,35,Conquest Racing,GTD,,,Ferrari 296 GT3,M,,,,,,,,,,,Manny,Franco,Silver,"Milwaukee, WI",USA,,,,,,,Daniel,Serra,Platinum,"Sao Paulo, Brazil",BRA,,,,,,,Ben,Tuck,Silver,Biggleswade,GBR,,,,,,,,,,,,,,,,,,,,,,,,,
51,65,19,1:47.295,+13.430,+0.158,183.6,29,Ford Multimatic Motorsports,GTDPRO,,,Ford Mustang GT3,M,,,,,,,,,,,Christopher,Mies,Platinum,"Erkrath, Germany",DEU,,,,,,,Frederic,Vervisch,Gold,"Middelkerke, Belgium",BEL,,,,,,,,,,,,,,,,,,,,,,,,,,,,,,,
52,023,12,1:47.563,+13.698,+0.268,183.1,34,Triarsi Competizione,GTD,,,Ferrari 296 GT3,M,,,,,,,,,,,Onofrio,Triarsi,Silver,"Orlando, FL",USA,,,,,,,James,Calado,Platinum,"Cardiff, United Kingdom",GBR,,,,,,,Andrew,Waite,Silver,"Auckland, New Zealand",NZL,,,,,,,,,,,,,,,,,,,,,,,,,
53,120,28,1:47.713,+13.848,+0.150,182.9,29,Wright Motorsports,GTD,,,Porsche 911 GT3 R (992),M,,,,,,,,,,,Adam,Adelson,Silver,"Los Angeles, CA",USA,,,,,,,Elliott,Skeer,Gold,"San Diego, CA",USA,,,,,,,Tom,Sargent,Silver,"Young, Australia",AUS,,,,,,,,,,,,,,,,,,,,,,,,,
54,021,31,1:47.741,+13.876,+0.028,182.8,34,Triarsi Competizione,GTD,,,Ferrari 296 GT3,M,,,,,,,,,,,Alessandro,Balzan,Gold,"Rovigo, Italy",ITA,,,,,,,Jason,Hart,Silver,"Flower Mound, TX",USA,,,,,,,AJ,Muss,Silver,"Rumson, NJ",USA,,,,,,,,,,,,,,,,,,,,,,,,,
55,66,10,1:47.958,+14.093,+0.217,182.5,29,Gradient Racing,GTD,B,,Ford Mustang GT3,M,,,,,,,,,,,Joey,Hand,Gold,"Wilton, CA",USA,,,,,,,Till,Bechtolsheimer,Bronze,"Ampney St. Peter, United Kingdom",GBR,,,,,,,Tati,Calderon,Silver,"Bogota City, Colombia",COL,,,,,,,,,,,,,,,,,,,,,,,,,
