﻿POSITION,NUMBER,STATUS,LAPS,TOTAL_TIME,GAP_FIRST,GAP_PREVIOUS,FL_LAPNUM,FL_TIME,FL_KPH,TEAM,CLASS,GROUP,DIVISION,VEHICLE,TIRES,IMSA_CarId,IMSA_TeamId,IMSA_ClassId,IMSA_CarTypeId,IMSA_ManufacturerId,IMSA_TireId,IMSA_SponsorId,IMSA_EventEntryId,*Extra 9,*Extra 10,DRIVER1_FIRSTNAME,DRIVER1_SECONDNAME,DRIVER1_LICENSE,DRIVER1_HOMETOWN,DRIVER1_COUNTRY,DRIVER1_SHORTNAME,DRIVER1_IMSA_DriverId,DRIVER1_IMSA_DriverPlugId,DRIVER1_IMSA_DriverRatingLong,DRIVER1_*Extra 4,DRIVER1_*Extra 5,DRIVER2_FIRSTNAME,DRIVER2_SECONDNAME,DRIVER2_LICENSE,DRIVER2_HOMETOWN,DRIVER2_COUNTRY,DRIVER2_SHORTNAME,DRIVER2_IMSA_DriverId,DRIVER2_IMSA_DriverPlugId,DRIVER2_IMSA_DriverRatingLong,DRIVER2_*Extra 4,DRIVER2_*Extra 5,DRIVER3_FIRSTNAME,DRIVER3_SECONDNAME,DRIVER3_LICENSE,DRIVER3_HOMETOWN,DRIVER3_COUNTRY,DRIVER3_SHORTNAME,DRIVER3_IMSA_DriverId,DRIVER3_IMSA_DriverPlugId,DRIVER3_IMSA_DriverRatingLong,DRIVER3_*Extra 4,DRIVER3_*Extra 5,DRIVER4_FIRSTNAME,DRIVER4_SECONDNAME,DRIVER4_LICENSE,DRIVER4_HOMETOWN,DRIVER4_COUNTRY,DRIVER4_SHORTNAME,DRIVER4_IMSA_DriverId,DRIVER4_IMSA_DriverPlugId,DRIVER4_IMSA_DriverRatingLong,DRIVER4_*Extra 4,DRIVER4_*Extra 5,DRIVER5_FIRSTNAME,DRIVER5_SECONDNAME,DRIVER5_LICENSE,DRIVER5_HOMETOWN,DRIVER5_COUNTRY,DRIVER5_SHORTNAME,DRIVER5_IMSA_DriverId,DRIVER5_IMSA_DriverPlugId,DRIVER5_IMSA_DriverRatingLong,DRIVER5_*Extra 4,DRIVER5_*Extra 5,DRIVER6_FIRSTNAME,DRIVER6_SECONDNAME,DRIVER6_LICENSE,DRIVER6_HOMETOWN,DRIVER6_COUNTRY,DRIVER6_SHORTNAME,DRIVER6_IMSA_DriverId,DRIVER6_IMSA_DriverPlugId,DRIVER6_IMSA_DriverRatingLong,DRIVER6_*Extra 4,DRIVER6_*Extra 5,
1,6,Classified,124,2:40:27.070,-,-,46,1:14.637,173.7,Porsche Penske Motorsport,GTP,,,Porsche 963,M,,,,,,,,,,,Matt,Campbell,Platinum,"Warwick, Australia",AUS,,,,,,,Mathieu,Jaminet,Platinum,Andorra-La-Vella,FRA,,,,,,,,,,,,,,,,,,,,,,,,,,,,,,,
2,7,Classified,124,2:40:28.762,+1.692,+1.692,57,1:15.195,172.4,Porsche Penske Motorsport,GTP,,,Porsche 963,M,,,,,,,,,,,Nick,Tandy,Platinum,"Bedford, United Kingdom",GBR,,,,,,,Felipe,Nasr,Platinum,"Brasilia, Brazil",BRA,,,,,,,,,,,,,,,,,,,,,,,,,,,,,,,
3,24,Classified,124,2:41:00.478,+33.408,+31.716,90,1:14.809,173.3,BMW M Team RLL,GTP,,,BMW M Hybrid V8,M,,,,,,,,,,,Dries,Vanthoor,Platinum,"Zolder, Belgium",BEL,,,,,,,Philipp,Eng,Platinum,"Sankt Lorenz, Austria",AUT,,,,,,,,,,,,,,,,,,,,,,,,,,,,,,,
4,25,Classified,124,2:41:29.150,+1:02.080,+28.672,6,1:15.469,171.8,BMW M Team RLL,GTP,,,BMW M Hybrid V8,M,,,,,,,,,,,Sheldon,van der Linde,Platinum,"Johannesburg, South Africa",ZAF,,,,,,,Marco,Wittmann,Platinum,"Fuerth, Germany",DEU,,,,,,,,,,,,,,,,,,,,,,,,,,,,,,,
5,93,Classified,123,2:40:29.671,1 Lap,1 Lap,6,1:15.448,171.9,Acura Meyer Shank Racing w/Curb Agajanian,GTP,,,Acura ARX-06,M,,,,,,,,,,,Nick,Yelloly,Platinum,"Solihull, United Kingdom",GBR,,,,,,,Renger,van der Zande,Platinum,"Amsterdam, Netherlands",NLD,,,,,,,,,,,,,,,,,,,,,,,,,,,,,,,
6,31,Classified,123,2:40:30.186,1 Lap,+0.515,86,1:15.525,171.7,Cadillac Whelen,GTP,,,Cadillac V-Series.R,M,,,,,,,,,,,Frederik,Vesti,Platinum,"Billund, Denmark",DNK,,,,,,,Jack,Aitken,Platinum,"London, United Kingdom",GBR,,,,,,,,,,,,,,,,,,,,,,,,,,,,,,,
7,40,Classified,123,2:41:28.578,1 Lap,+58.392,6,1:15.289,172.2,Wayne Taylor Racing,GTP,,,Cadillac V-Series.R,M,,,,,,,,,,,Louis,Deletraz,Gold,"Geneva, Switzerland",SWZ,,,,,,,Jordan,Taylor,Platinum,"Orlando, FL",USA,,,,,,,,,,,,,,,,,,,,,,,,,,,,,,,
8,10,Classified,122,2:40:35.956,2 Laps,1 Lap,6,1:15.460,171.8,Wayne Taylor Racing,GTP,,,Cadillac V-Series.R,M,,,,,,,,,,,Filipe,Albuquerque,Platinum,"Coimbra, Portugal",PRT,,,,,,,Ricky,Taylor,Platinum,"Lake Mary, FL",USA,,,,,,,,,,,,,,,,,,,,,,,,,,,,,,,
9,85,Classified,122,2:41:05.074,2 Laps,+29.118,3,1:16.018,170.6,JDC Miller MotorSports,GTP,,,Porsche 963,M,,,,,,,,,,,Gianmaria,Bruni,Platinum,"Rome, Italy",ITA,,,,,,,Tijmen,van der Helm,Gold,Den Hoorn,NLD,,,,,,,,,,,,,,,,,,,,,,,,,,,,,,,
10,23,Classified,122,2:41:23.364,2 Laps,+18.290,37,1:16.105,170.4,ASTON MARTIN THOR Team,GTP,,,Aston Martin Valkyrie,M,,,,,,,,,,,Roman,De Angelis,Gold,"Windsor , ON",CAN,,,,,,,Ross,Gunn,Platinum,"Great Missenden, United Kingdom",GBR,,,,,,,,,,,,,,,,,,,,,,,,,,,,,,,
11,60,Classified,121,2:40:56.232,3 Laps,1 Lap,5,1:15.383,172.0,Acura Meyer Shank Racing w/Curb Agajanian,GTP,,,Acura ARX-06,M,,,,,,,,,,,Colin,Braun,Gold,"Ovalo, TX",USA,,,,,,,Tom,Blomqvist,Platinum,"Cambridge, UK",GBR,,,,,,,,,,,,,,,,,,,,,,,,,,,,,,,
12,77,Classified,115,2:41:23.215,9 Laps,6 Laps,31,1:21.753,158.6,AO Racing,GTDPRO,,,Porsche 911 GT3 R (992),M,,,,,,,,,,,Klaus,Bachler,Platinum,"Unzmarkt, Austria",AUT,,,,,,,Laurin,Heinrich,Gold,"Würzburg, Germany",DEU,,,,,,,,,,,,,,,,,,,,,,,,,,,,,,,
13,81,Classified,115,2:41:31.875,9 Laps,+8.660,36,1:21.650,158.8,DragonSpeed,GTDPRO,,,Ferrari 296 GT3,M,,,,,,,,,,,Giacomo,Altoè,Gold,"Adria, Italy",ITA,,,,,,,Albert,Costa,Platinum,Andorra,ESP,,,,,,,,,,,,,,,,,,,,,,,,,,,,,,,
14,3,Classified,114,2:40:27.290,10 Laps,1 Lap,6,1:22.163,157.8,Corvette Racing by Pratt Miller Motorsports,GTDPRO,,,Chevrolet Corvette Z06 GT3.R,M,,,,,,,,,,,Alexander,Sims,Platinum,"Kidderminster, United Kingdom",GBR,,,,,,,Antonio,Garcia,Platinum,"Madrid, Spain",ESP,,,,,,,,,,,,,,,,,,,,,,,,,,,,,,,
15,9,Classified,114,2:40:29.606,10 Laps,+2.316,76,1:22.309,157.5,Pfaff Motorsports,GTDPRO,,,Lamborghini Huracan GT3 EVO2,M,,,,,,,,,,,Marco,Mapelli,Platinum,"Lugano, Italy",ITA,,,,,,,Andrea,Caldarelli,Platinum,"Pescara, Italy",ITA,,,,,,,,,,,,,,,,,,,,,,,,,,,,,,,
16,57,Classified,114,2:40:36.059,10 Laps,+6.453,76,1:22.335,157.5,Winward Racing,GTD,,,Mercedes-AMG GT3,M,,,,,,,,,,,Philip,Ellis,Gold,"Munich, Germany",GBR,,,,,,,Russell,Ward,Silver,"Seabrook, TX",USA,,,,,,,,,,,,,,,,,,,,,,,,,,,,,,,
17,12,Classified,114,2:40:41.518,10 Laps,+5.459,71,1:22.275,157.6,Vasser Sullivan Racing,GTD,,,Lexus RC F GT3,M,,,,,,,,,,,Parker,Thompson,Silver,"Red Deer, AB",CAN,,,,,,,Jack,Hawksworth,Gold,"Bradford, United Kingdom",GBR,,,,,,,,,,,,,,,,,,,,,,,,,,,,,,,
18,48,Classified,114,2:40:51.983,10 Laps,+10.465,29,1:22.211,157.7,Paul Miller Racing,GTDPRO,,,BMW M4 GT3 EVO,M,,,,,,,,,,,Dan,Harper,Platinum,Belfast,GBR,,,,,,,Max,Hesse,Gold,"Wernau, Germany",DEU,,,,,,,,,,,,,,,,,,,,,,,,,,,,,,,
19,4,Classified,114,2:40:58.640,10 Laps,+6.657,6,1:22.170,157.8,Corvette Racing by Pratt Miller Motorsports,GTDPRO,,,Chevrolet Corvette Z06 GT3.R,M,,,,,,,,,,,Nicky,Catsburg,Platinum,"Amersfoort, Netherlands",NLD,,,,,,,Tommy,Milner,Platinum,"Middleburg, VA",USA,,,,,,,,,,,,,,,,,,,,,,,,,,,,,,,
20,34,Classified,114,2:41:12.575,10 Laps,+13.935,39,1:22.085,158.0,Conquest Racing,GTD,,,Ferrari 296 GT3,M,,,,,,,,,,,Daniel,Serra,Platinum,"Sao Paulo, Brazil",BRA,,,,,,,Manny,Franco,Silver,"Milwaukee, WI",USA,,,,,,,,,,,,,,,,,,,,,,,,,,,,,,,
21,32,Classified,114,2:41:14.414,10 Laps,+1.839,41,1:21.901,158.3,Korthoff Competition Motors,GTD,,,Mercedes-AMG GT3,M,,,,,,,,,,,Kenton,Koch,Silver,"Charlotte, NC",USA,,,,,,,Seth,Lucas,Silver,"Powell, OH",USA,,,,,,,,,,,,,,,,,,,,,,,,,,,,,,,
22,78,Classified,114,2:41:25.218,10 Laps,+10.804,39,1:22.421,157.3,Forte Racing,GTD,,,Lamborghini Huracan GT3 EVO2,M,,,,,,,,,,,Mario,Farnbacher,Gold,"Ansbach, Germany",DEU,,,,,,,Misha,Goikhberg,Silver,"Woodbridge, ON",CAN,,,,,,,,,,,,,,,,,,,,,,,,,,,,,,,
23,120,Classified,114,2:41:29.366,10 Laps,+4.148,38,1:22.163,157.8,Wright Motorsports,GTD,,,Porsche 911 GT3 R (992),M,,,,,,,,,,,Elliott,Skeer,Gold,"San Diego, CA",USA,,,,,,,Adam,Adelson,Silver,"Los Angeles, CA",USA,,,,,,,,,,,,,,,,,,,,,,,,,,,,,,,
24,023,Classified,114,2:41:31.362,10 Laps,+1.996,79,1:22.145,157.8,Triarsi Competizione,GTD,,,Ferrari 296 GT3,M,,,,,,,,,,,Riccardo,Agostini,Gold,"Padova, Italy",ITA,,,,,,,Onofrio,Triarsi,Silver,"Orlando, FL",USA,,,,,,,,,,,,,,,,,,,,,,,,,,,,,,,
25,14,Classified,114,2:41:38.017,10 Laps,+6.655,7,1:22.522,157.1,Vasser Sullivan Racing,GTDPRO,,,Lexus RC F GT3,M,,,,,,,,,,,Marvin,Kirchhöfer,Platinum,"Leipzig, Germany",DEU,,,,,,,Aaron,Telitz,Gold,"Birchwood, WI",USA,,,,,,,,,,,,,,,,,,,,,,,,,,,,,,,
26,45,Classified,114,2:41:42.023,10 Laps,+4.006,40,1:22.678,156.8,Wayne Taylor Racing,GTD,,,Lamborghini Huracan GT3 EVO2,M,,,,,,,,,,,Trent,Hindman,Gold,"Ocean Township, NJ",USA,,,,,,,Danny,Formal,Silver,"San Jose, Costa Rica",CRI,,,,,,,,,,,,,,,,,,,,,,,,,,,,,,,
27,65,Classified,114,2:41:49.379,10 Laps,+7.356,93,1:22.343,157.5,Ford Multimatic Motorsports,GTDPRO,,,Ford Mustang GT3,M,,,,,,,,,,,Frederic,Vervisch,Gold,"Middelkerke, Belgium",BEL,,,,,,,Christopher,Mies,Platinum,"Erkrath, Germany",DEU,,,,,,,,,,,,,,,,,,,,,,,,,,,,,,,
28,96,Classified,113,2:40:33.858,11 Laps,1 Lap,73,1:22.602,157.0,Turner Motorsport,GTD,,,BMW M4 GT3 EVO,M,,,,,,,,,,,Robby,Foley,Gold,"Randolph, NJ",USA,,,,,,,Patrick,Gallagher,Silver,"Thornville, OH",USA,,,,,,,,,,,,,,,,,,,,,,,,,,,,,,,
29,64,Classified,113,2:40:36.149,11 Laps,+2.291,66,1:22.504,157.2,Ford Multimatic Motorsports,GTDPRO,,,Ford Mustang GT3,M,,,,,,,,,,,Sebastian,Priaulx,Gold,"Guernsey, United Kingdom",GBR,,,,,,,Mike,Rockenfeller,Platinum,"Altnau, Switzerland",DEU,,,,,,,,,,,,,,,,,,,,,,,,,,,,,,,
30,1,Classified,113,2:40:51.337,11 Laps,+15.188,69,1:22.580,157.0,Paul Miller Racing,GTDPRO,,,BMW M4 GT3 EVO,M,,,,,,,,,,,Neil,Verhagen,Gold,"Mooresville, NC",USA,,,,,,,Madison,Snow,Gold,"Salt Lake City, UT",USA,,,,,,,,,,,,,,,,,,,,,,,,,,,,,,,
31,36,Classified,113,2:41:20.351,11 Laps,+29.014,4,1:22.687,156.8,DXDT Racing,GTD,,,Chevrolet Corvette Z06 GT3.R,M,,,,,,,,,,,Alec,Udell,Silver,"Austin, TX",USA,,,,,,,Robert,Wickens,Silver,"Guelph, ON",CAN,,,,,,,,,,,,,,,,,,,,,,,,,,,,,,,
32,021,Classified,113,2:41:28.166,11 Laps,+7.815,38,1:22.495,157.2,Triarsi Competizione,GTD,B,,Ferrari 296 GT3,M,,,,,,,,,,,Stevan,McAleer,Gold,"Glasgow, Scotland",GBR,,,,,,,Sheena,Monk,Bronze,"Newtown, PA",USA,,,,,,,,,,,,,,,,,,,,,,,,,,,,,,,
33,27,Classified,113,2:41:41.646,11 Laps,+13.480,27,1:22.515,157.1,Heart of Racing Team,GTD,,,Aston Martin Vantage GT3 Evo,M,,,,,,,,,,,Darren,Turner,Gold,"Stratford upon Avon, UK",GBR,,,,,,,Casper,Stevenson,Silver,London,GBR,,,,,,,,,,,,,,,,,,,,,,,,,,,,,,,
34,13,Classified,113,2:41:42.271,11 Laps,+0.625,86,1:22.346,157.5,AWA,GTD,B,,Chevrolet Corvette Z06 GT3.R,M,,,,,,,,,,,Matthew,Bell,Gold,"Newcastle Upon Tyne, United Kingdom",GBR,,,,,,,Orey,Fidani,Bronze,"Toronto, ON",CAN,,,,,,,,,,,,,,,,,,,,,,,,,,,,,,,
35,66,Classified,112,2:40:33.573,12 Laps,1 Lap,6,1:22.952,156.3,Gradient Racing,GTD,,,Ford Mustang GT3,M,,,,,,,,,,,Robert,Megennis,Silver,"New York City, NY",USA,,,,,,,Jenson,Altzman,Silver,"Phoenix, AZ",USA,,,,,,,,,,,,,,,,,,,,,,,,,,,,,,,
36,70,Classified,105,2:32:28.678,19 Laps,7 Laps,35,1:22.648,156.9,Inception Racing,GTD,B,,Ferrari 296 GT3,M,,,,,,,,,,,Frederik,Schandorff,Gold,"Aarhus, Denmark",DNK,,,,,,,Brendan,Iribe,Bronze,"Los Angeles, CA",USA,,,,,,,,,,,,,,,,,,,,,,,,,,,,,,,
