﻿NUMBER, DRIVER_NUMBER, LAP_NUMBER, LAP_TIME, LAP_IMPROVEMENT, CROSSING_FINISH_LINE_IN_PIT, S1, S1_IMPROVEMENT, S2, S2_IMPROVEMENT, S3, S3_IMPROVEMENT, KPH, ELAPSED, HOUR,S1_LARGE,S2_LARGE,S3_LARGE,TOP_SPEED,DRIVER_NAME,PIT_TIME,CLASS,GROUP,TEAM,MANUFACTURER,FLAG_AT_FL,
2,1,1,5:53.897,0,,4:34.689,0,49.934,0,29.274,0,41.6,5:53.897,16:40:53.897,4:34.689,0:49.934,0:29.274,,Niklas Kruetten,0:04:27.890,LMP3,,United Autosports USA,Ligier,GF,
2,1,2,1:23.076,0,,9.661,0,45.296,0,28.119,0,177.1,7:16.973,16:42:16.973,0:09.661,0:45.296,0:28.119,,Niklas Kruetten,,LMP3,,United Autosports USA,Ligier,GF,
2,1,3,1:18.124,0,,9.128,0,41.193,0,27.803,0,188.4,8:35.097,16:43:35.097,0:09.128,0:41.193,0:27.803,,Niklas Kruetten,,LMP3,,United Autosports USA,Ligier,GF,
2,1,4,1:16.879,0,,8.920,0,40.528,0,27.431,0,191.4,9:51.976,16:44:51.976,0:08.920,0:40.528,0:27.431,,Niklas Kruetten,,LMP3,,United Autosports USA,Ligier,GF,
2,1,5,1:16.080,0,,8.825,0,40.021,0,27.234,0,193.4,11:08.056,16:46:08.056,0:08.825,0:40.021,0:27.234,,Niklas Kruetten,,LMP3,,United Autosports USA,Ligier,GF,
2,1,6,1:16.098,0,,8.869,0,40.005,0,27.224,0,193.4,12:24.154,16:47:24.154,0:08.869,0:40.005,0:27.224,,Niklas Kruetten,,LMP3,,United Autosports USA,Ligier,GF,
2,1,7,1:15.782,0,,8.797,0,39.728,3,27.257,0,194.2,13:39.936,16:48:39.936,0:08.797,0:39.728,0:27.257,,Niklas Kruetten,,LMP3,,United Autosports USA,Ligier,GF,
2,1,8,1:16.185,0,,8.816,0,40.173,0,27.196,0,193.2,14:56.121,16:49:56.121,0:08.816,0:40.173,0:27.196,,Niklas Kruetten,,LMP3,,United Autosports USA,Ligier,GF,
2,1,9,1:15.664,3,,8.778,3,39.770,0,27.116,2,194.5,16:11.785,16:51:11.785,0:08.778,0:39.770,0:27.116,,Niklas Kruetten,,LMP3,,United Autosports USA,Ligier,FF,
30,1,1,4:09.584,0,B,50.846,0,57.248,0,2:21.490,0,59.0,4:09.584,16:39:09.584,0:50.846,0:57.248,2:21.490,,Ari Balogh,0:00:44.011,LMP3,,Jr III Racing,Ligier,GF,
30,1,2,1:59.822,0,,34.667,0,47.129,0,38.026,0,122.8,6:09.406,16:41:09.406,0:34.667,0:47.129,0:38.026,,Ari Balogh,0:02:12.097,LMP3,,Jr III Racing,Ligier,GF,
30,1,3,1:21.596,0,,10.019,0,43.253,0,28.324,0,180.3,7:31.002,16:42:31.002,0:10.019,0:43.253,0:28.324,,Ari Balogh,,LMP3,,Jr III Racing,Ligier,GF,
30,1,4,1:20.095,0,,9.593,0,42.414,0,28.088,0,183.7,8:51.097,16:43:51.097,0:09.593,0:42.414,0:28.088,,Ari Balogh,,LMP3,,Jr III Racing,Ligier,GF,
30,1,5,1:22.179,0,,9.567,0,42.107,0,30.505,0,179.1,10:13.276,16:45:13.276,0:09.567,0:42.107,0:30.505,,Ari Balogh,,LMP3,,Jr III Racing,Ligier,GF,
30,1,6,1:19.371,0,,9.522,0,41.945,0,27.904,0,185.4,11:32.647,16:46:32.647,0:09.522,0:41.945,0:27.904,,Ari Balogh,,LMP3,,Jr III Racing,Ligier,GF,
30,1,7,1:19.090,0,,9.593,0,41.714,2,27.783,2,186.1,12:51.737,16:47:51.737,0:09.593,0:41.714,0:27.783,,Ari Balogh,,LMP3,,Jr III Racing,Ligier,GF,
30,1,8,1:19.071,2,,9.402,2,41.854,0,27.815,0,186.1,14:10.808,16:49:10.808,0:09.402,0:41.854,0:27.815,,Ari Balogh,,LMP3,,Jr III Racing,Ligier,GF,
30,1,9,1:19.244,0,,9.434,0,41.989,0,27.821,0,185.7,15:30.052,16:50:30.052,0:09.434,0:41.989,0:27.821,,Ari Balogh,,LMP3,,Jr III Racing,Ligier,FF,
36,1,1,2:13.441,0,B,33.287,0,57.464,0,42.690,0,110.3,2:13.441,16:37:13.441,0:33.287,0:57.464,0:42.690,,Jarett Andretti,0:00:26.765,LMP3,,Andretti Autosport,Ligier,RF,
36,1,2,4:05.991,0,,2:33.270,0,1:00.487,0,32.234,0,59.8,6:19.432,16:41:19.432,2:33.270,1:00.487,0:32.234,,Jarett Andretti,0:02:36.106,LMP3,,Andretti Autosport,Ligier,GF,
36,1,3,1:22.194,0,,9.829,0,43.150,0,29.215,0,179.0,7:41.626,16:42:41.626,0:09.829,0:43.150,0:29.215,,Jarett Andretti,,LMP3,,Andretti Autosport,Ligier,GF,
36,1,4,1:18.521,0,,9.445,0,41.101,0,27.975,0,187.4,9:00.147,16:44:00.147,0:09.445,0:41.101,0:27.975,,Jarett Andretti,,LMP3,,Andretti Autosport,Ligier,GF,
36,1,5,1:17.334,0,,9.217,0,40.418,2,27.699,0,190.3,10:17.481,16:45:17.481,0:09.217,0:40.418,0:27.699,,Jarett Andretti,,LMP3,,Andretti Autosport,Ligier,GF,
36,1,6,1:27.042,0,,11.150,0,48.141,0,27.751,0,169.1,11:44.523,16:46:44.523,0:11.150,0:48.141,0:27.751,,Jarett Andretti,,LMP3,,Andretti Autosport,Ligier,GF,
36,1,7,1:17.613,0,,9.118,0,40.937,0,27.558,0,189.6,13:02.136,16:48:02.136,0:09.118,0:40.937,0:27.558,,Jarett Andretti,,LMP3,,Andretti Autosport,Ligier,GF,
36,1,8,1:17.142,0,,9.085,2,40.491,0,27.566,0,190.8,14:19.278,16:49:19.278,0:09.085,0:40.491,0:27.566,,Jarett Andretti,,LMP3,,Andretti Autosport,Ligier,GF,
36,1,9,1:17.122,2,,9.110,0,40.526,0,27.486,2,190.8,15:36.400,16:50:36.400,0:09.110,0:40.526,0:27.486,,Jarett Andretti,,LMP3,,Andretti Autosport,Ligier,FF,
38,2,1,3:12.366,0,B,1:27.624,0,53.516,0,51.226,0,76.5,3:12.366,16:38:12.366,1:27.624,0:53.516,0:51.226,,Rasmus Lindh,0:01:21.189,LMP3,,Performance Tech Motorsports,Ligier,RF,
38,2,2,2:43.627,0,,1:29.583,0,44.590,0,29.454,0,89.9,5:55.993,16:40:55.993,1:29.583,0:44.590,0:29.454,,Rasmus Lindh,0:01:33.429,LMP3,,Performance Tech Motorsports,Ligier,GF,
38,2,3,1:19.528,0,,9.144,0,42.832,0,27.552,0,185.0,7:15.521,16:42:15.521,0:09.144,0:42.832,0:27.552,,Rasmus Lindh,,LMP3,,Performance Tech Motorsports,Ligier,GF,
38,2,4,1:17.085,0,,9.028,0,40.736,0,27.321,0,190.9,8:32.606,16:43:32.606,0:09.028,0:40.736,0:27.321,,Rasmus Lindh,,LMP3,,Performance Tech Motorsports,Ligier,GF,
38,2,5,1:16.359,0,,8.876,0,40.261,0,27.222,0,192.7,9:48.965,16:44:48.965,0:08.876,0:40.261,0:27.222,,Rasmus Lindh,,LMP3,,Performance Tech Motorsports,Ligier,GF,
38,2,6,1:16.794,0,,8.880,0,40.710,0,27.204,0,191.6,11:05.759,16:46:05.759,0:08.880,0:40.710,0:27.204,,Rasmus Lindh,,LMP3,,Performance Tech Motorsports,Ligier,GF,
38,2,7,1:16.181,0,,8.876,0,40.205,0,27.100,0,193.2,12:21.940,16:47:21.940,0:08.876,0:40.205,0:27.100,,Rasmus Lindh,,LMP3,,Performance Tech Motorsports,Ligier,GF,
38,2,8,1:21.250,0,,8.842,0,45.191,0,27.217,0,181.1,13:43.190,16:48:43.190,0:08.842,0:45.191,0:27.217,,Rasmus Lindh,,LMP3,,Performance Tech Motorsports,Ligier,GF,
38,2,9,1:15.954,0,,8.886,0,40.089,0,26.979,0,193.7,14:59.144,16:49:59.144,0:08.886,0:40.089,0:26.979,,Rasmus Lindh,,LMP3,,Performance Tech Motorsports,Ligier,GF,
38,2,10,1:15.750,2,,8.829,2,39.958,2,26.963,3,194.3,16:14.894,16:51:14.894,0:08.829,0:39.958,0:26.963,,Rasmus Lindh,,LMP3,,Performance Tech Motorsports,Ligier,FF,
40,3,1,5:28.490,0,B,59.697,0,2:19.461,0,2:09.332,0,44.8,5:28.490,16:40:28.490,0:59.697,2:19.461,2:09.332,,Max Hanratty,0:00:52.218,LMP3,,FastMD Racing,Duqueine,GF,
40,3,2,1:58.705,0,,30.048,0,54.334,0,34.323,0,124.0,7:27.195,16:42:27.195,0:30.048,0:54.334,0:34.323,,Max Hanratty,0:01:48.652,LMP3,,FastMD Racing,Duqueine,GF,
40,3,3,1:22.918,0,,10.247,0,44.282,0,28.389,0,177.5,8:50.113,16:43:50.113,0:10.247,0:44.282,0:28.389,,Max Hanratty,,LMP3,,FastMD Racing,Duqueine,GF,
40,3,4,1:18.946,0,,9.342,0,41.784,0,27.820,0,186.4,10:09.059,16:45:09.059,0:09.342,0:41.784,0:27.820,,Max Hanratty,,LMP3,,FastMD Racing,Duqueine,GF,
40,3,5,1:18.112,2,,9.191,0,41.200,2,27.721,2,188.4,11:27.171,16:46:27.171,0:09.191,0:41.200,0:27.721,,Max Hanratty,,LMP3,,FastMD Racing,Duqueine,GF,
40,3,6,1:17.425,0,,9.184,0,40.793,0,27.448,0,190.1,12:44.596,16:47:44.596,0:09.184,0:40.793,0:27.448,,Max Hanratty,,LMP3,,FastMD Racing,Duqueine,GF,
40,3,7,1:19.668,0,,9.114,2,41.397,0,29.157,0,184.7,14:04.264,16:49:04.264,0:09.114,0:41.397,0:29.157,,Max Hanratty,,LMP3,,FastMD Racing,Duqueine,GF,
40,3,8,1:17.616,0,,9.139,0,41.023,0,27.454,0,189.6,15:21.880,16:50:21.880,0:09.139,0:41.023,0:27.454,,Max Hanratty,,LMP3,,FastMD Racing,Duqueine,FF,
7,3,1,4:17.869,0,B,38.065,0,56.052,0,2:43.752,0,57.1,4:17.869,16:39:17.869,0:38.065,0:56.052,2:43.752,,Stefan Rzadzinski,0:00:31.175,LMP3,,Forty7 Motorsports,Duqueine,GF,
7,3,2,1:54.462,0,,30.015,0,51.936,0,32.511,0,128.6,6:12.331,16:41:12.331,0:30.015,0:51.936,0:32.511,,Stefan Rzadzinski,0:02:30.319,LMP3,,Forty7 Motorsports,Duqueine,GF,
7,3,3,1:23.908,0,,10.797,0,44.273,0,28.838,0,175.4,7:36.239,16:42:36.239,0:10.797,0:44.273,0:28.838,,Stefan Rzadzinski,,LMP3,,Forty7 Motorsports,Duqueine,GF,
7,3,4,1:19.561,0,,9.690,0,41.940,0,27.931,0,185.0,8:55.800,16:43:55.800,0:09.690,0:41.940,0:27.931,,Stefan Rzadzinski,,LMP3,,Forty7 Motorsports,Duqueine,GF,
7,3,5,1:18.805,0,,9.501,0,41.628,0,27.676,0,186.7,10:14.605,16:45:14.605,0:09.501,0:41.628,0:27.676,,Stefan Rzadzinski,,LMP3,,Forty7 Motorsports,Duqueine,GF,
7,3,6,1:18.466,0,,9.323,0,41.185,0,27.958,0,187.5,11:33.071,16:46:33.071,0:09.323,0:41.185,0:27.958,,Stefan Rzadzinski,,LMP3,,Forty7 Motorsports,Duqueine,GF,
7,3,7,1:25.177,0,,10.950,0,45.975,0,28.252,0,172.8,12:58.248,16:47:58.248,0:10.950,0:45.975,0:28.252,,Stefan Rzadzinski,,LMP3,,Forty7 Motorsports,Duqueine,GF,
7,3,8,1:18.039,0,,9.282,0,41.190,0,27.567,0,188.6,14:16.287,16:49:16.287,0:09.282,0:41.190,0:27.567,,Stefan Rzadzinski,,LMP3,,Forty7 Motorsports,Duqueine,GF,
7,3,9,1:17.793,2,,9.245,2,41.074,2,27.474,2,189.2,15:34.080,16:50:34.080,0:09.245,0:41.074,0:27.474,,Stefan Rzadzinski,,LMP3,,Forty7 Motorsports,Duqueine,FF,
74,1,1,1:53.496,0,,26.652,0,53.185,0,33.659,0,129.7,1:53.496,16:36:53.496,0:26.652,0:53.185,0:33.659,,Gar Robinson,0:00:20.323,LMP3,,Riley Motorsports,Ligier,RF,
74,1,2,1:48.374,0,B,12.792,0,52.768,0,42.814,0,135.8,3:41.870,16:38:41.870,0:12.792,0:52.768,0:42.814,,Gar Robinson,,LMP3,,Riley Motorsports,Ligier,RF,
74,1,3,2:23.819,0,,1:00.816,0,46.577,0,36.426,0,102.3,6:05.689,16:41:05.689,1:00.816,0:46.577,0:36.426,,Gar Robinson,0:01:04.231,LMP3,,Riley Motorsports,Ligier,GF,
74,1,4,1:19.551,0,,9.188,0,41.874,0,28.489,0,185.0,7:25.240,16:42:25.240,0:09.188,0:41.874,0:28.489,,Gar Robinson,,LMP3,,Riley Motorsports,Ligier,GF,
74,1,5,1:18.176,0,,9.057,0,41.169,0,27.950,0,188.2,8:43.416,16:43:43.416,0:09.057,0:41.169,0:27.950,,Gar Robinson,,LMP3,,Riley Motorsports,Ligier,GF,
74,1,6,1:17.890,0,,9.062,0,40.962,0,27.866,0,188.9,10:01.306,16:45:01.306,0:09.062,0:40.962,0:27.866,,Gar Robinson,,LMP3,,Riley Motorsports,Ligier,GF,
74,1,7,1:17.710,0,,9.045,0,41.031,0,27.634,0,189.4,11:19.016,16:46:19.016,0:09.045,0:41.031,0:27.634,,Gar Robinson,,LMP3,,Riley Motorsports,Ligier,GF,
74,1,8,1:17.658,0,,9.056,0,40.931,0,27.671,0,189.5,12:36.674,16:47:36.674,0:09.056,0:40.931,0:27.671,,Gar Robinson,,LMP3,,Riley Motorsports,Ligier,GF,
74,1,9,1:17.582,0,,9.037,0,40.898,2,27.647,0,189.7,13:54.256,16:48:54.256,0:09.037,0:40.898,0:27.647,,Gar Robinson,,LMP3,,Riley Motorsports,Ligier,GF,
74,1,10,1:17.535,2,,8.989,2,40.957,0,27.589,2,189.8,15:11.791,16:50:11.791,0:08.989,0:40.957,0:27.589,,Gar Robinson,,LMP3,,Riley Motorsports,Ligier,FF,
83,3,1,3:08.273,0,B,24.212,0,1:48.159,0,55.902,0,78.2,3:08.273,16:38:08.273,0:24.212,1:48.159,0:55.902,,Josh Skelton,0:00:17.620,LMP3,,WIN Autosport,Duqueine,RF,
91,1,1,2:09.246,0,B,28.237,0,56.924,0,44.085,0,113.9,2:09.246,16:37:09.246,0:28.237,0:56.924,0:44.085,,Jim Cox,0:00:21.622,LMP3,,Riley Motorsports,Ligier,RF,
91,1,2,3:43.579,0,,2:23.011,0,50.550,0,30.018,0,65.8,5:52.825,16:40:52.825,2:23.011,0:50.550,0:30.018,,Jim Cox,0:02:27.998,LMP3,,Riley Motorsports,Ligier,GF,
91,1,3,1:26.413,0,,10.104,0,47.388,0,28.921,0,170.3,7:19.238,16:42:19.238,0:10.104,0:47.388,0:28.921,,Jim Cox,,LMP3,,Riley Motorsports,Ligier,GF,
91,1,4,1:20.019,0,,9.548,0,42.763,0,27.708,0,183.9,8:39.257,16:43:39.257,0:09.548,0:42.763,0:27.708,,Jim Cox,,LMP3,,Riley Motorsports,Ligier,GF,
91,1,5,1:18.356,0,,9.138,0,41.576,0,27.642,0,187.8,9:57.613,16:44:57.613,0:09.138,0:41.576,0:27.642,,Jim Cox,,LMP3,,Riley Motorsports,Ligier,GF,
91,1,6,1:17.555,0,,8.969,2,41.210,0,27.376,2,189.7,11:15.168,16:46:15.168,0:08.969,0:41.210,0:27.376,,Jim Cox,,LMP3,,Riley Motorsports,Ligier,GF,
91,1,7,1:17.544,0,,9.066,0,41.082,0,27.396,0,189.8,12:32.712,16:47:32.712,0:09.066,0:41.082,0:27.396,,Jim Cox,,LMP3,,Riley Motorsports,Ligier,GF,
91,1,8,1:17.403,2,,9.058,0,40.926,2,27.419,0,190.1,13:50.115,16:48:50.115,0:09.058,0:40.926,0:27.419,,Jim Cox,,LMP3,,Riley Motorsports,Ligier,GF,
91,1,9,1:38.894,0,B,9.115,0,49.042,0,40.737,0,148.8,15:29.009,16:50:29.009,0:09.115,0:49.042,0:40.737,,Jim Cox,,LMP3,,Riley Motorsports,Ligier,FF,
