﻿POS,NUMBER,LAP,TIME,GAP_FIRST,GAP_PREVIOUS,KPH, LAPS,TEAM,CLASS,GROUP,DIVISION,VEHICLE,TIRES,IMSA_CarId,IMSA_TeamId,IMSA_ClassId,IMSA_CarTypeId,IMSA_ManufacturerId,IMSA_TireId,IMSA_SponsorId,IMSA_EventEntryId,*Extra 9,*Extra 10,DRIVER1_FIRSTNAME,DRIVER1_SECONDNAME,DRIVER1_LICENSE,DRIVER1_HOMETOWN,DRIVER1_COUNTRY,DRIVER1_SHORTNAME,DRIVER1_IMSA_DriverId,DRIVER1_IMSA_DriverPlugId,DRIVER1_IMSA_DriverRatingLong,DRIVER1_*Extra 4,DRIVER1_*Extra 5,DRIVER2_FIRSTNAME,DRIVER2_SECONDNAME,DRIVER2_LICENSE,DRIVER2_HOMETOWN,DRIVER2_COUNTRY,DRIVER2_SHORTNAME,DRIVER2_IMSA_DriverId,DRIVER2_IMSA_DriverPlugId,DRIVER2_IMSA_DriverRatingLong,DRIVER2_*Extra 4,DRIVER2_*Extra 5,DRIVER3_FIRSTNAME,DRIVER3_SECONDNAME,DRIVER3_LICENSE,DRIVER3_HOMETOWN,DRIVER3_COUNTRY,DRIVER3_SHORTNAME,DRIVER3_IMSA_DriverId,DRIVER3_IMSA_DriverPlugId,DRIVER3_IMSA_DriverRatingLong,DRIVER3_*Extra 4,DRIVER3_*Extra 5,DRIVER4_FIRSTNAME,DRIVER4_SECONDNAME,DRIVER4_LICENSE,DRIVER4_HOMETOWN,DRIVER4_COUNTRY,DRIVER4_SHORTNAME,DRIVER4_IMSA_DriverId,DRIVER4_IMSA_DriverPlugId,DRIVER4_IMSA_DriverRatingLong,DRIVER4_*Extra 4,DRIVER4_*Extra 5,DRIVER5_FIRSTNAME,DRIVER5_SECONDNAME,DRIVER5_LICENSE,DRIVER5_HOMETOWN,DRIVER5_COUNTRY,DRIVER5_SHORTNAME,DRIVER5_IMSA_DriverId,DRIVER5_IMSA_DriverPlugId,DRIVER5_IMSA_DriverRatingLong,DRIVER5_*Extra 4,DRIVER5_*Extra 5,DRIVER6_FIRSTNAME,DRIVER6_SECONDNAME,DRIVER6_LICENSE,DRIVER6_HOMETOWN,DRIVER6_COUNTRY,DRIVER6_SHORTNAME,DRIVER6_IMSA_DriverId,DRIVER6_IMSA_DriverPlugId,DRIVER6_IMSA_DriverRatingLong,DRIVER6_*Extra 4,DRIVER6_*Extra 5,
1,1,8,1:19.272,-,-,185.6,9,Paul Miller Racing,GTD,,,Lamborghini Huracan GT3,M,938,34,4,13,1609,3,,11727,,,Bryan,Sellers,Gold,,USA,,18,1,Gold,,,Madison,Snow,Silver,,USA,,155,2,Silver,,,Corey,Lewis,Silver,,USA,,763,3,Silver,,,,,,,,,,,,,,,,,,,,,
2,42,8,1:19.273,+0.001,+0.001,185.6,11,NTE Sport,GTD,,,Audi R8 LMS GT3,M,974,353,4,12,909,3,,11737,,,Don,Yount,Bronze,,USA,,399,4,Bronze,,,Jaden,Conwright,Silver,,USA,,2204,3,Silver,,,Benja,Hites,Silver,,CHL,,1630,2,Silver,,,,,,,,,,,,,,,,,,,,,
3,96,5,1:19.295,+0.023,+0.022,185.6,10,Turner Motorsport,GTD,,,BMW M6 GT3,M,38,38,4,17,74,3,,11729,,,Bill,Auberlen,Gold,,USA,,39,1,Gold,,,Robby,Foley,Silver,,USA,,1302,2,Silver,,,Aidan,Read,Silver,,AUS,,2417,3,Silver,,,,,,,,,,,,,,,,,,,,,
4,14,5,1:19.308,+0.036,+0.013,185.6,7,VASSER SULLIVAN,GTD,,,Lexus RC F GT3,M,930,336,4,46,7644,3,,11725,,,Kyle,Kirkwood,Silver,,USA,,1755,3,Silver,,,Aaron,Telitz,Silver,,USA,,2230,1,Silver,,,Jack,Hawksworth,Gold,,GBR,,838,2,Gold,,,,,,,,,,,,,,,,,,,,,
5,12,6,1:19.456,+0.184,+0.148,185.2,7,VASSER SULLIVAN,GTD,,,Lexus RC F GT3,M,931,336,4,46,7644,3,,11726,,,Robert,Megennis,Silver,,USA,,2412,3,Silver,,,Frankie,Montecalvo,Silver,,USA,,1279,1,Silver,,,Zach,Veach,Gold,,USA,,961,2,Gold,,,,,,,,,,,,,,,,,,,,,
6,57,9,1:19.661,+0.389,+0.205,184.7,9,Winward Racing,GTD,,,Mercedes-AMG GT3,M,934,304,4,45,7643,3,,11735,,,Russell,Ward,Silver,,USA,,1252,1,Silver,,,Philip,Ellis,Silver,,CHE,,1936,2,Silver,,,Maro,Engel,Platinum,,DEU,,1092,3,Platinum,,,,,,,,,,,,,,,,,,,,,
7,16,7,1:19.722,+0.450,+0.061,184.6,9,Wright Motorsports,GTD,,,Porsche 911 GT3R,M,857,111,4,93,112,3,,11731,,,Trent,Hindman,Silver,,USA,,244,2,Silver,,,Patrick,Long,Platinum,,USA,,27,1,Platinum,,,Jan,Heylen,Silver,,BEL,,184,3,Silver,,,,,,,,,,,,,,,,,,,,,
8,9,6,1:19.791,+0.519,+0.069,184.4,8,Pfaff Motorsports,GTD,,,Porsche 911 GT3R,M,925,334,4,93,112,3,,11723,,,Zacharie,Robichon,Silver,,CAN,,1176,2,Silver,,,Laurens,Vanthoor,Platinum,,BEL,,1241,4,Platinum,,,Lars,Kern,Silver,,DEU,,1785,3,Silver,,,,,,,,,,,,,,,,,,,,,
9,70,6,1:19.800,+0.528,+0.009,184.4,7,Inception Racing,GTD,,,McLaren 720S GT3,M,1520,388,4,81,7651,3,,11734,,,Frederik,Schandorff,Silver,,DNK,,2630,2,Silver,,,Brendan,Iribe,Bronze,,USA,,2622,1,Bronze,,,Ben,Barnicoat,Gold,,GBR,,2620,3,Gold,,,,,,,,,,,,,,,,,,,,,
10,28,9,1:19.846,+0.574,+0.046,184.3,11,Alegra Motorsports,GTD,,,Mercedes-AMG GT3,M,941,122,4,45,7643,3,,11728,,,Daniel,Morad,Silver,,CAN,,1144,2,Silver,,,Michael,de Quesada,Silver,,USA,,1136,4,Silver,,,Daniel,Juncadella,Platinum,,ESP,,1584,3,Platinum,,,,,,,,,,,,,,,,,,,,,
11,19,9,1:20.068,+0.796,+0.222,183.8,10,GRT Grasser Racing Team,GTD,,,Lamborghini Huracan GT3,M,969,325,4,13,1609,3,,11733,,,Michele,Beretta,Silver,,ITA,,911,3,Silver,,,Misha,Goikhberg,Silver,,RUS,,168,1,Silver,,,Franck,Perera,Platinum,,FRA,,1617,2,Platinum,,,,,,,,,,,,,,,,,,,,,
12,88,7,1:20.079,+0.807,+0.011,183.8,11,Team Hardpoint,GTD,,,Porsche 911 GT3R,M,966,346,4,93,112,3,,11732,,,Rob,Ferriol,Bronze,,USA,,1589,1,Bronze,,,Katherine,Legge,Gold,,GBR,,2305,3,Gold,,,Andrew,Davis,Silver,,USA,,329,2,Silver,,,,,,,,,,,,,,,,,,,,,
13,32,6,1:20.353,+1.081,+0.274,183.1,9,Gilbert/Korthoff Motorsports,GTD,,,Mercedes-AMG GT3,M,1462,222,4,45,7643,3,,11736,,,Mike,Skeen,Silver,,USA,,830,4,Silver,,,Guy,Cosmo,Silver,,USA,,49,2,Silver,,,Stevan,McAleer,Silver,,GBR,,460,3,Silver,,,,,,,,,,,,,,,,,,,,,
14,23,7,1:20.554,+1.282,+0.201,182.7,10,Heart Of Racing Team,GTD,,,Aston Martin Vantage GT3,M,767,294,4,18,73,3,,11724,,,Roman,De Angelis,Silver,,CAN,,1379,2,Silver,,,Ross,Gunn,Gold,,GBR,,1905,4,Gold,,,Ian,James,Silver,,USA,,453,1,Silver,,,,,,,,,,,,,,,,,,,,,
15,44,7,1:21.317,+2.045,+0.763,181.0,11,Magnus with Archangel,GTD,,,Acura NSX GT3,M,961,343,4,43,7641,3,,11730,,,John,Potter,Bronze,,USA,,670,1,Bronze,,,Andy,Lally,Gold,,USA,,25,2,Gold,,,Spencer,Pumpelly,Silver,,USA,,64,3,Silver,,,,,,,,,,,,,,,,,,,,,
