﻿POS,NUMBER,LAP,TIME,GAP_FIRST,GAP_PREVIOUS,KPH, LAPS,TEAM,CLASS,GROUP,DIVISION,VEHICLE,TIRES,IMSA_CarId,IMSA_TeamId,IMSA_ClassId,IMSA_CarTypeId,IMSA_ManufacturerId,IMSA_TireId,IMSA_SponsorId,IMSA_EventEntryId,*Extra 9,*Extra 10,DRIVER1_FIRSTNAME,DRIVER1_SECONDNAME,DRIVER1_LICENSE,DRIVER1_HOMETOWN,DRIVER1_COUNTRY,DRIVER1_SHORTNAME,DRIVER1_IMSA_DriverId,DRIVER1_IMSA_DriverPlugId,DRIVER1_IMSA_DriverRatingLong,DRIVER1_*Extra 4,DRIVER1_*Extra 5,DRIVER2_FIRSTNAME,DRIVER2_SECONDNAME,DRIVER2_LICENSE,DRIVER2_HOMETOWN,DRIVER2_COUNTRY,DRIVER2_SHORTNAME,DRIVER2_IMSA_DriverId,DRIVER2_IMSA_DriverPlugId,DRIVER2_IMSA_DriverRatingLong,DRIVER2_*Extra 4,DRIVER2_*Extra 5,DRIVER3_FIRSTNAME,DRIVER3_SECONDNAME,DRIVER3_LICENSE,DRIVER3_HOMETOWN,DRIVER3_COUNTRY,DRIVER3_SHORTNAME,DRIVER3_IMSA_DriverId,DRIVER3_IMSA_DriverPlugId,DRIVER3_IMSA_DriverRatingLong,DRIVER3_*Extra 4,DRIVER3_*Extra 5,DRIVER4_FIRSTNAME,DRIVER4_SECONDNAME,DRIVER4_LICENSE,DRIVER4_HOMETOWN,DRIVER4_COUNTRY,DRIVER4_SHORTNAME,DRIVER4_IMSA_DriverId,DRIVER4_IMSA_DriverPlugId,DRIVER4_IMSA_DriverRatingLong,DRIVER4_*Extra 4,DRIVER4_*Extra 5,DRIVER5_FIRSTNAME,DRIVER5_SECONDNAME,DRIVER5_LICENSE,DRIVER5_HOMETOWN,DRIVER5_COUNTRY,DRIVER5_SHORTNAME,DRIVER5_IMSA_DriverId,DRIVER5_IMSA_DriverPlugId,DRIVER5_IMSA_DriverRatingLong,DRIVER5_*Extra 4,DRIVER5_*Extra 5,DRIVER6_FIRSTNAME,DRIVER6_SECONDNAME,DRIVER6_LICENSE,DRIVER6_HOMETOWN,DRIVER6_COUNTRY,DRIVER6_SHORTNAME,DRIVER6_IMSA_DriverId,DRIVER6_IMSA_DriverPlugId,DRIVER6_IMSA_DriverRatingLong,DRIVER6_*Extra 4,DRIVER6_*Extra 5,
1,01,29,1:11.626,-,-,205.5,55,Cadillac Racing,GTP,,,Cadillac V-Series.R,M,,,,,,,,,,,Scott,Dixon,Platinum,"Auckland, New Zealand",NZL,,,,,,,Sebastien,Bourdais,Platinum,"Le Mans, France",FRA,,,,,,,Renger,van der Zande,Platinum,"Amsterdam, Netherlands",NLD,,,,,,,,,,,,,,,,,,,,,,,,,
2,63,7,1:11.988,+0.362,+0.362,204.4,47,Lamborghini Iron Lynx,GTP,,,Lamborghini SC63,M,,,,,,,,,,,Romain,Grosjean,Platinum,"Geneva, Switzerland",CHE,,,,,,,Andrea,Caldarelli,Platinum,"Pescara, Italy",ITA,,,,,,,Matteo,Cairoli,Platinum,"Como, Italy",ITA,,,,,,,,,,,,,,,,,,,,,,,,,
3,7,26,1:11.997,+0.371,+0.009,204.4,50,Porsche Penske Motorsport,GTP,,,Porsche 963,M,,,,,,,,,,,Matt,Campbell,Platinum,"Warwick, Australia",AUS,,,,,,,Felipe,Nasr,Platinum,"Brasilia, Brazil",BRA,,,,,,,Dane,Cameron,Platinum,"Huntersville, NC",USA,,,,,,,,,,,,,,,,,,,,,,,,,
4,24,53,1:12.009,+0.383,+0.012,204.4,53,BMW M Team RLL,GTP,,,BMW M Hybrid V8,M,,,,,,,,,,,Augusto,Farfus,Platinum,Monaco,MCO,,,,,,,Philipp,Eng,Platinum,"Sankt Lorenz, Austria",AUT,,,,,,,Jesse,Krohn,Gold,"Helsinki, Finland",FIN,,,,,,,,,,,,,,,,,,,,,,,,,
5,6,12,1:12.081,+0.455,+0.072,204.2,47,Porsche Penske Motorsport,GTP,,,Porsche 963,M,,,,,,,,,,,Kevin,Estre,Platinum,"Lyon, France",FRA,,,,,,,Mathieu,Jaminet,Platinum,"Differdange, Luxembourg",LUX,,,,,,,Nick,Tandy,Platinum,"Bedford, United Kingdom",GBR,,,,,,,,,,,,,,,,,,,,,,,,,
6,10,23,1:12.128,+0.502,+0.047,204.0,33,Wayne Taylor Racing with Andretti,GTP,,,Acura ARX-06,M,,,,,,,,,,,Brendon,Hartley,Platinum,"Palmerston North, New Zealand",NZL,,,,,,,Filipe,Albuquerque,Platinum,"Coimbra, Portugal",PRT,,,,,,,Ricky,Taylor,Platinum,"Lake Mary, FL",USA,,,,,,,,,,,,,,,,,,,,,,,,,
7,31,35,1:12.175,+0.549,+0.047,203.9,55,Whelen Cadillac Racing,GTP,,,Cadillac V-Series.R,M,,,,,,,,,,,Tom,Blomqvist,Platinum,"Monaco, Monaco",MCO,,,,,,,Jack,Aitken,Platinum,"London, United Kingdom",GBR,,,,,,,Pipo,Derani,Platinum,"São Paulo, Brazil",BRA,,,,,,,,,,,,,,,,,,,,,,,,,
8,85,43,1:12.188,+0.562,+0.013,203.9,49,JDC-Miller MotorSports,GTP,,,Porsche 963,M,,,,,,,,,,,Phil,Hanson,Gold,"London, United Kingdom",GBR,,,,,,,Richard,Westbrook,Platinum,"Bath, United Kingdom",GBR,,,,,,,Tijmen,van der Helm,Gold,"Den Hoorn, Netherlands",NLD,,,,,,,,,,,,,,,,,,,,,,,,,
9,40,40,1:12.678,+1.052,+0.490,202.5,48,Wayne Taylor Racing with Andretti,GTP,,,Acura ARX-06,M,,,,,,,,,,,Colton,Herta,Gold,"Valencia, CA",USA,,,,,,,Louis,Deletraz,Gold,"Geneva, Switzerland",CHE,,,,,,,Jordan,Taylor,Platinum,"Orlando, FL",USA,,,,,,,,,,,,,,,,,,,,,,,,,
10,5,44,1:12.856,+1.230,+0.178,202.0,54,Proton Competition Mustang Sampling,GTP,,,Porsche 963,M,,,,,,,,,,,Alessio,Picariello,Gold,"Charleroi, Belgium",BEL,,,,,,,Bent,Viscaal,Gold,"Albergen, Netherlands.",NLD,,,,,,,Gianmaria,Bruni,Platinum,"Rome, Italy",ITA,,,,,,,,,,,,,,,,,,,,,,,,,
11,25,53,1:12.987,+1.361,+0.131,201.6,56,BMW M Team RLL,GTP,,,BMW M Hybrid V8,M,,,,,,,,,,,Maxime,Martin,Platinum,"Brussels, Belgium",BEL,,,,,,,Nick,Yelloly,Platinum,"Solihull, United Kingdom",GBR,,,,,,,Connor,De Phillippi,Gold,"Cornelius, NC",USA,,,,,,,,,,,,,,,,,,,,,,,,,
12,2,33,1:13.178,+1.552,+0.191,201.1,48,United Autosports USA,LMP2,,,ORECA LMP2 07,M,,,,,,,,,,,Nico,Pino,Silver,"Santiago, Chile",CHL,,,,,,,Ben,Hanley,Gold,"Accrington, United Kingdom",GBR,,,,,,,Ben,Keating,Bronze,"Victoria, TX",USA,,,,,,,,,,,,,,,,,,,,,,,,,
13,52,43,1:13.282,+1.656,+0.104,200.8,50,Inter Europol by PR1 Mathiasen Motorsports,LMP2,,,ORECA LMP2 07,M,,,,,,,,,,,Tom,Dillmann,Gold,"Mulhouse, France",FRA,,,,,,,Jakub,Smiechowski,Silver,"Warsaw, Poland",POL,,,,,,,Nick,Boulle,Bronze,"Dallas, TX",USA,,,,,,,,,,,,,,,,,,,,,,,,,
14,11,51,1:13.287,+1.661,+0.005,200.8,52,TDS Racing,LMP2,,,ORECA LMP2 07,M,,,,,,,,,,,Hunter,McElrea,Silver,"Gold Coast, Australia",AUS,,,,,,,Mikkel,Jensen,Platinum,"Aarhus, Denmark",DNK,,,,,,,Steven,Thomas,Bronze,"Carl Junction, MO",USA,,,,,,,,,,,,,,,,,,,,,,,,,
15,74,14,1:13.295,+1.669,+0.008,200.8,40,Riley,LMP2,,,ORECA LMP2 07,M,,,,,,,,,,,Josh,Burdon,Silver,"Hobart, Australia",AUS,,,,,,,Felipe,Fraga,Gold,"Palmas, Brazil",BRA,,,,,,,Gar,Robinson,Bronze,"Austin, TX",USA,,,,,,,,,,,,,,,,,,,,,,,,,
16,20,33,1:13.297,+1.671,+0.002,200.8,49,MDK by High Class Racing,LMP2,,,ORECA LMP2 07,M,,,,,,,,,,,Scott,Huffaker,Gold,"Menlo Park, CA",USA,,,,,,,Seth,Lucas,Silver,"Powell, OH",USA,,,,,,,Dennis,Andersen,Bronze,"Vejle, Denmark",DNK,,,,,,,,,,,,,,,,,,,,,,,,,
17,18,42,1:13.325,+1.699,+0.028,200.7,47,Era Motorsport,LMP2,,,ORECA LMP2 07,M,,,,,,,,,,,Connor,Zilisch,Silver,"Mooresville, NC",USA,,,,,,,Ryan,Dalziel,Gold,"Glasgow, Scotland",GBR,,,,,,,Dwight,Merriman,Bronze,"Middletown, OH",USA,,,,,,,,,,,,,,,,,,,,,,,,,
18,88,37,1:13.377,+1.751,+0.052,200.6,44,Richard Mille AF Corse,LMP2,,,ORECA LMP2 07,M,,,,,,,,,,,Lilou,Wadoux Ducellier,Silver,"Amiens, France",FRA,,,,,,,Nicklas,Nielsen,Platinum,"Uldum, Denmark",DNK,,,,,,,Luis,Perez Companc,Bronze,"Buenos Aires, Argentina",ARG,,,,,,,,,,,,,,,,,,,,,,,,,
19,8,44,1:13.923,+2.297,+0.546,199.1,49,Tower Motorsports,LMP2,,,ORECA LMP2 07,M,,,,,,,,,,,Sebastian,Alvarez,Silver,"Mexico City, Mexico",MEX,,,,,,,John,Farano,Bronze,"Toronto, ON",CAN,,,,,,,Frederik,Vesti,Platinium,,DNK,,,,,,,,,,,,,,,,,,,,,,,,,
20,22,17,1:14.166,+2.540,+0.243,198.4,21,United Autosports USA,LMP2,,,ORECA LMP2 07,M,,,,,,,,,,,Bijoy,Garg,Silver,"Atherton, CA",USA,,,,,,,Paul,Di Resta,Platinum,Monaco,MCO,,,,,,,Daniel,Goldburg,Bronze,"Delray Beach, FL",USA,,,,,,,,,,,,,,,,,,,,,,,,,
21,99,27,1:14.353,+2.727,+0.187,197.9,49,AO Racing,LMP2,,,ORECA LMP2 07,M,,,,,,,,,,,Matt,Brabham,Silver,"Indianapolis, IN",USA,,,,,,,Paul-Loup,Chatin,Gold,"Chartres, France",FRA,,,,,,,PJ,Hyett,Bronze,"West Chicago, IL",USA,,,,,,,,,,,,,,,,,,,,,,,,,
22,96,25,1:19.195,+7.569,+4.842,185.8,26,Turner Motorsport,GTD,,,BMW M4 GT3,M,,,,,,,,,,,Jake,Walker,Silver,"Phoenixville, PA",USA,,,,,,,Patrick,Gallagher,Silver,"Thornville, OH",USA,,,,,,,Robby,Foley,Gold,"Randolph, NJ",USA,,,,,,,,,,,,,,,,,,,,,,,,,
23,77,27,1:19.273,+7.647,+0.078,185.6,42,AO Racing,GTDPRO,,,Porsche 911 GT3 R (992),M,,,,,,,,,,,Julien,Andlauer,Gold,"Lyon, France",FRA,,,,,,,Michael,Christensen,Platinum,"Copenhagen, Denmark",DNK,,,,,,,Laurin,Heinrich,Gold,"Würzburg, Germany",DEU,,,,,,,,,,,,,,,,,,,,,,,,,
24,1,14,1:19.317,+7.691,+0.044,185.5,42,Paul Miller Racing,GTDPRO,,,BMW M4 GT3,M,,,,,,,,,,,Neil,Verhagen,Gold,"Mooresville, NC",USA,,,,,,,Madison,Snow,Gold,"Salt Lake City, UT",USA,,,,,,,Bryan,Sellers,Gold,"Flowery Branch, GA",USA,,,,,,,,,,,,,,,,,,,,,,,,,
25,4,25,1:19.377,+7.751,+0.060,185.4,44,Corvette Racing by Pratt Miller Motorsports,GTDPRO,,,Chevrolet Corvette Z06 GT3.R,M,,,,,,,,,,,Earl,Bamber,Platinum,"Wanganui, New Zealand",NZL,,,,,,,Nicky,Catsburg,Platinum,"Amersfoort, Netherlands",NLD,,,,,,,Tommy,Milner,Platinum,"Middleburg, VA",USA,,,,,,,,,,,,,,,,,,,,,,,,,
26,14,8,1:19.425,+7.799,+0.048,185.3,42,VasserSullivan,GTDPRO,,,Lexus RC F GT3,M,,,,,,,,,,,Kyle,Kirkwood,Gold,"Jupiter, FL",USA,,,,,,,Ben,Barnicoat,Platinum,"Chesterfield, United Kingdom",GBR,,,,,,,Jack,Hawksworth,Gold,"Bradford, United Kingdom",GBR,,,,,,,,,,,,,,,,,,,,,,,,,
27,86,44,1:19.430,+7.804,+0.005,185.3,47,MDK Motorsports,GTD,,,Porsche 911 GT3 R (992),M,,,,,,,,,,,Klaus,Bachler,Platinum,"Unzmarkt, Austria",AUT,,,,,,,Anders,Fjordbach,Silver,"Aalborg, Denmark",DNK,,,,,,,Kerong,Li,Silver,"Xian, China",CHN,,,,,,,,,,,,,,,,,,,,,,,,,
28,9,6,1:19.470,+7.844,+0.040,185.2,22,Pfaff Motorsports,GTDPRO,,,McLaren 720S GT3 EVO,M,,,,,,,,,,,James,Hinchcliffe,Gold,"Oakville, ON",CAN,,,,,,,Oliver,Jarvis,Platinum,"Newmarket, United Kingdom",GBR,,,,,,,Marvin,Kirchhöfer,Platinum,"Leipzig, Switzerland",CHE,,,,,,,,,,,,,,,,,,,,,,,,,
29,21,9,1:19.489,+7.863,+0.019,185.1,48,AF Corse,GTD,B,,Ferrari 296 GT3,M,,,,,,,,,,,Miguel,Molina,Platinum,"Lloret de Mar, Spain",ESP,,,,,,,Francois,Heriau,Bronze,"Rennes, France",FRA,,,,,,,Simon,Mann,Silver,"Lausanne, Switzerland",CHE,,,,,,,,,,,,,,,,,,,,,,,,,
30,62,8,1:19.594,+7.968,+0.105,184.9,43,Risi Competizione,GTDPRO,,,Ferrari 296 GT3,M,,,,,,,,,,,Alessandro,Pier Guidi,Platinum,"Tortona, Italy",ITA,,,,,,,Davide,Rigon,Platinum,"Cervia, Italy",ITA,,,,,,,Daniel,Serra,Platinum,"Sao Paulo, Brazil",BRA,,,,,,,,,,,,,,,,,,,,,,,,,
31,80,37,1:19.688,+8.062,+0.094,184.7,38,Lone Star Racing,GTD,,,Mercedes-AMG GT3,M,,,,,,,,,,,Scott,Andrews,Gold,"Torquay, Australia",AUS,,,,,,,Rui,Pinto de Andrade,Silver,"Luanda, Portugal",AGO,,,,,,,Salih,Yoluc,Silver,"London, United Kingdom",TUR,,,,,,,,,,,,,,,,,,,,,,,,,
32,12,8,1:19.704,+8.078,+0.016,184.6,42,VasserSullivan,GTD,,,Lexus RC F GT3,M,,,,,,,,,,,Aaron,Telitz,Gold,"Birchwood, WI",USA,,,,,,,Parker,Thompson,Silver,"Red Deer, AB",CAN,,,,,,,Frankie,Montecalvo,Silver,"Highlands, NJ",USA,,,,,,,,,,,,,,,,,,,,,,,,,
33,120,15,1:19.879,+8.253,+0.175,184.2,40,Wright Motorsports,GTD,,,Porsche 911 GT3 R (992),M,,,,,,,,,,,Jan,Heylen,Gold,"Dunedin, FL",USA,,,,,,,Elliott,Skeer,Silver,"San Diego, CA",USA,,,,,,,Adam,Adelson,Silver,"Los Angeles, CA",USA,,,,,,,,,,,,,,,,,,,,,,,,,
34,34,23,1:19.941,+8.315,+0.062,184.1,40,Conquest Racing,GTD,,,Ferrari 296 GT3,M,,,,,,,,,,,Cedric,Sbirrazzuoli,Silver,Monaco,MCO,,,,,,,Albert,Costa Balboa,Platinum,"Barcelona, Spain",ESP,,,,,,,Manny,Franco,Silver,"Milwaukee, WI",USA,,,,,,,,,,,,,,,,,,,,,,,,,
35,3,14,1:19.967,+8.341,+0.026,184.0,14,Corvette Racing by Pratt Miller Motorsports,GTDPRO,,,Chevrolet Corvette Z06 GT3.R,M,,,,,,,,,,,Daniel,Juncadella,Platinum,"Barcelona, Spain",ESP,,,,,,,Alexander,Sims,Platinum,"Alcester, United Kingdom",GBR,,,,,,,Antonio,Garcia,Platinum,"Madrid, Spain",ESP,,,,,,,,,,,,,,,,,,,,,,,,,
36,65,14,1:20.021,+8.395,+0.054,183.9,39,Ford Multimatic Motorsports,GTDPRO,,,Ford Mustang GT3,M,,,,,,,,,,,Frederic,Vervisch,Gold,"Middelkerke, Belgium",BEL,,,,,,,Dirk,Mueller,Platinum,"Taegerwilen, Switzerland",CHE,,,,,,,Joey,Hand,Gold,"Wilton, CA",USA,,,,,,,,,,,,,,,,,,,,,,,,,
37,23,10,1:20.047,+8.421,+0.026,183.8,26,Heart of Racing Team,GTDPRO,,,Aston Martin Vantage GT3 Evo,M,,,,,,,,,,,Roman,De Angelis,Gold,"Windsor , ON",CAN,,,,,,,Alex,Riberas,Gold,"Barcelona, Spain",ESP,,,,,,,Ross,Gunn,Platinum,"Great Missenden, United Kingdom",GBR,,,,,,,,,,,,,,,,,,,,,,,,,
38,45,25,1:20.113,+8.487,+0.066,183.7,44,Wayne Taylor Racing with Andretti,GTD,,,Lamborghini Huracan GT3 EVO2,M,,,,,,,,,,,Graham,Doyle,Silver,"Belleair, FL",USA,,,,,,,Danny,Formal,Silver,"San Jose, Costa Rica",CRI,,,,,,,Kyle,Marcelli,Gold,"Toronto, ON",CAN,,,,,,,,,,,,,,,,,,,,,,,,,
39,57,30,1:20.137,+8.511,+0.024,183.6,37,WINWARD RACING,GTD,,,Mercedes-AMG GT3,M,,,,,,,,,,,Indy,Dontje,Silver,"Amsterdam, Netherlands",NLD,,,,,,,Philip,Ellis,Gold,"Munich, Germany",GBR,,,,,,,Russell,Ward,Silver,"Seabrook, TX",USA,,,,,,,,,,,,,,,,,,,,,,,,,
40,66,23,1:20.323,+8.697,+0.186,183.2,42,Gradient Racing,GTD,B,,Acura NSX GT3,M,,,,,,,,,,,Stevan,McAleer,Gold,"Glasgow, Scotland",GBR,,,,,,,Tati,Calderon,Silver,"Bogota City, Colombia",COL,,,,,,,Sheena,Monk,Bronze,"Newtown, PA",USA,,,,,,,,,,,,,,,,,,,,,,,,,
41,55,29,1:20.333,+8.707,+0.010,183.2,41,Proton Competition,GTD,B,,Ford Mustang GT3,M,,,,,,,,,,,Corey,Lewis,Silver,"Nazareth, PA",USA,,,,,,,Giammarco,Levorato,Silver,"Padua, Italy",ITA,,,,,,,Ryan,Hardwick,Bronze,"Atlanta, GA",USA,,,,,,,,,,,,,,,,,,,,,,,,,
42,64,6,1:20.379,+8.753,+0.046,183.1,26,Ford Multimatic Motorsports,GTDPRO,,,Ford Mustang GT3,M,,,,,,,,,,,Christopher,Mies,Platinum,"Erkrath, Germany",DEU,,,,,,,Mike,Rockenfeller,Platinum,"Landschlacht, Switzerland",CHE,,,,,,,Harry,Tincknell,Platinum,"London, United Kingdom",GBR,,,,,,,,,,,,,,,,,,,,,,,,,
43,027,13,1:20.394,+8.768,+0.015,183.0,40,Heart of Racing Team,GTDPRO,,,Aston Martin Vantage GT3 Evo,M,,,,,,,,,,,Zacharie,Robichon,Silver,"Ottawa, ON",CAN,,,,,,,Marco,Sorensen,Platinum,"Godthaab, Denmark",DNK,,,,,,,Mario,Farnbacher,Gold,"Ansbach, Germany",DEU,,,,,,,,,,,,,,,,,,,,,,,,,
44,023,23,1:20.401,+8.775,+0.007,183.0,34,Triarsi Competizione,GTD,B,,Ferrari 296 GT3,M,,,,,,,,,,,Alessio,Rovera,Platinum,"Varese, Italy",ITA,,,,,,,Charles,Scardina,Bronze,"Miami, FL",USA,,,,,,,Onofrio,Triarsi,Silver,"Orlando, FL",USA,,,,,,,,,,,,,,,,,,,,,,,,,
45,19,21,1:20.413,+8.787,+0.012,183.0,39,Iron Lynx,GTDPRO,,,Lamborghini Huracan GT3 EVO2,M,,,,,,,,,,,Mirko,Bortolotti,Platinum,"Riva del Garda, Italy",ITA,,,,,,,Jordan,Pepper,Platinum,"Midrand, South Africa",ZAF,,,,,,,Franck,Perera,Platinum,"Montpellier, France",FRA,,,,,,,,,,,,,,,,,,,,,,,,,
46,70,27,1:20.413,+8.787,+0.000,183.0,35,Inception Racing,GTD,B,,Ferrari 296 GT3,M,,,,,,,,,,,Ollie,Millroy,Silver,"Reading, United Kingdom",GBR,,,,,,,Frederik,Schandorff,Gold,"Aarhus, Denmark",DNK,,,,,,,Brendan,Iribe,Bronze,"Los Angeles, CA",USA,,,,,,,,,,,,,,,,,,,,,,,,,
47,32,34,1:20.548,+8.922,+0.135,182.7,39,Korthoff/Preston Motorsports,GTD,,,Mercedes-AMG GT3,M,,,,,,,,,,,Mike,Skeen,Silver,"Charlotte, NC",USA,,,,,,,Kenton,Koch,Silver,"Charlotte, NC",USA,,,,,,,Mikael,Grenier,Gold,"Québec, QC",CAN,,,,,,,,,,,,,,,,,,,,,,,,,
48,82,8,1:20.584,+8.958,+0.036,182.6,30,DragonSpeed,GTDPRO,,,Ferrari 296 GT3,M,,,,,,,,,,,Vincent,Abril,Gold,Monaco,MCO,,,,,,,Thomas,Neubauer,Gold,Paris,FRA,,,,,,,Toni,Vilander,Platinum,"Kankaanpää, Finland",FIN,,,,,,,,,,,,,,,,,,,,,,,,,
49,83,34,1:20.689,+9.063,+0.105,182.4,37,Iron Dames,GTD,B,,Lamborghini Huracan GT3 EVO2,M,,,,,,,,,,,Sarah,Bovy,Bronze,"Brussels, Belgium",BEL,,,,,,,Michelle,Gatting,Gold,"Vedbaek, Denmark",DNK,,,,,,,Rahel,Frey,Silver,"Aedermannsdorf, Switzerland",CHE,,,,,,,,,,,,,,,,,,,,,,,,,
50,44,8,1:20.981,+9.355,+0.292,181.7,19,Magnus Racing,GTD,B,,Aston Martin Vantage GT3 Evo,M,,,,,,,,,,,Spencer,Pumpelly,Silver,"Atlanta, GA",USA,,,,,,,Andy,Lally,Gold,"Northport, NY",USA,,,,,,,John,Potter,Bronze,"Salt Lake City, UT",USA,,,,,,,,,,,,,,,,,,,,,,,,,
51,78,4,1:20.999,+9.373,+0.018,181.7,23,Forte Racing,GTD,,,Lamborghini Huracan GT3 EVO2,M,,,,,,,,,,,Devlin,Defrancesco,Silver,"Miami, FL",USA,,,,,,,Loris,Spinelli,Gold,"Montesilvano, Italy",ITA,,,,,,,Misha,Goikhberg,Silver,"Woodbridge, ON",CAN,,,,,,,,,,,,,,,,,,,,,,,,,
52,47,36,1:21.488,+9.862,+0.489,180.6,39,CETILAR RACING,GTD,B,,Ferrari 296 GT3,M,,,,,,,,,,,Antonio,Fuoco,Platinum,Monaco,MCO,,,,,,,Giorgio,Sernagiotto,Silver,"Asolo, Italy",ITA,,,,,,,Roberto,Lacorte,Bronze,"Pisa, Italy",ITA,,,,,,,,,,,,,,,,,,,,,,,,,
53,13,20,1:21.515,+9.889,+0.027,180.5,25,AWA,GTD,B,,Chevrolet Corvette Z06 GT3.R,M,,,,,,,,,,,Lars,Kern,Silver,"Wiernsheim, Germany",DEU,,,,,,,Matthew,Bell,Gold,"Newcastle Upon Tyne, United Kingdom",GBR,,,,,,,Orey,Fidani,Bronze,"Toronto, ON",CAN,,,,,,,,,,,,,,,,,,,,,,,,,
