﻿POS,NUMBER,LAP,TIME,GAP_FIRST,GAP_PREVIOUS,KPH, LAPS,TEAM,CLASS,GROUP,DIVISION,VEHICLE,TIRES,IMSA_CarId,IMSA_TeamId,IMSA_ClassId,IMSA_CarTypeId,IMSA_ManufacturerId,IMSA_TireId,IMSA_SponsorId,IMSA_EventEntryId,*Extra 9,*Extra 10,DRIVER1_FIRSTNAME,DRIVER1_SECONDNAME,DRIVER1_LICENSE,DRIVER1_HOMETOWN,DRIVER1_COUNTRY,DRIVER1_SHORTNAME,DRIVER1_IMSA_DriverId,DRIVER1_IMSA_DriverPlugId,DRIVER1_IMSA_DriverRatingLong,DRIVER1_*Extra 4,DRIVER1_*Extra 5,DRIVER2_FIRSTNAME,DRIVER2_SECONDNAME,DRIVER2_LICENSE,DRIVER2_HOMETOWN,DRIVER2_COUNTRY,DRIVER2_SHORTNAME,DRIVER2_IMSA_DriverId,DRIVER2_IMSA_DriverPlugId,DRIVER2_IMSA_DriverRatingLong,DRIVER2_*Extra 4,DRIVER2_*Extra 5,DRIVER3_FIRSTNAME,DRIVER3_SECONDNAME,DRIVER3_LICENSE,DRIVER3_HOMETOWN,DRIVER3_COUNTRY,DRIVER3_SHORTNAME,DRIVER3_IMSA_DriverId,DRIVER3_IMSA_DriverPlugId,DRIVER3_IMSA_DriverRatingLong,DRIVER3_*Extra 4,DRIVER3_*Extra 5,DRIVER4_FIRSTNAME,DRIVER4_SECONDNAME,DRIVER4_LICENSE,DRIVER4_HOMETOWN,DRIVER4_COUNTRY,DRIVER4_SHORTNAME,DRIVER4_IMSA_DriverId,DRIVER4_IMSA_DriverPlugId,DRIVER4_IMSA_DriverRatingLong,DRIVER4_*Extra 4,DRIVER4_*Extra 5,DRIVER5_FIRSTNAME,DRIVER5_SECONDNAME,DRIVER5_LICENSE,DRIVER5_HOMETOWN,DRIVER5_COUNTRY,DRIVER5_SHORTNAME,DRIVER5_IMSA_DriverId,DRIVER5_IMSA_DriverPlugId,DRIVER5_IMSA_DriverRatingLong,DRIVER5_*Extra 4,DRIVER5_*Extra 5,DRIVER6_FIRSTNAME,DRIVER6_SECONDNAME,DRIVER6_LICENSE,DRIVER6_HOMETOWN,DRIVER6_COUNTRY,DRIVER6_SHORTNAME,DRIVER6_IMSA_DriverId,DRIVER6_IMSA_DriverPlugId,DRIVER6_IMSA_DriverRatingLong,DRIVER6_*Extra 4,DRIVER6_*Extra 5,
1,01,50,1:11.013,-,-,207.2,51,Cadillac Racing,GTP,,,Cadillac V-Series.R,M,,,,,,,,,,,Scott,Dixon,Platinum,"Auckland, New Zealand",NZL,,,,,,,Sebastien,Bourdais,Platinum,"Le Mans, France",FRA,,,,,,,Renger,van der Zande,Platinum,"Amsterdam, Netherlands",NLD,,,,,,,,,,,,,,,,,,,,,,,,,
2,31,10,1:11.489,+0.476,+0.476,205.8,52,Whelen Cadillac Racing,GTP,,,Cadillac V-Series.R,M,,,,,,,,,,,Tom,Blomqvist,Platinum,"Monaco, Monaco",MCO,,,,,,,Jack,Aitken,Platinum,"London, United Kingdom",GBR,,,,,,,Pipo,Derani,Platinum,"São Paulo, Brazil",BRA,,,,,,,,,,,,,,,,,,,,,,,,,
3,6,15,1:11.627,+0.614,+0.138,205.5,52,Porsche Penske Motorsport,GTP,,,Porsche 963,M,,,,,,,,,,,Kevin,Estre,Platinum,"Lyon, France",FRA,,,,,,,Mathieu,Jaminet,Platinum,"Differdange, Luxembourg",LUX,,,,,,,Nick,Tandy,Platinum,"Bedford, United Kingdom",GBR,,,,,,,,,,,,,,,,,,,,,,,,,
4,24,52,1:11.655,+0.642,+0.028,205.4,55,BMW M Team RLL,GTP,,,BMW M Hybrid V8,M,,,,,,,,,,,Augusto,Farfus,Platinum,Monaco,MCO,,,,,,,Philipp,Eng,Platinum,"Sankt Lorenz, Austria",AUT,,,,,,,Jesse,Krohn,Gold,"Helsinki, Finland",FIN,,,,,,,,,,,,,,,,,,,,,,,,,
5,7,11,1:11.879,+0.866,+0.224,204.7,53,Porsche Penske Motorsport,GTP,,,Porsche 963,M,,,,,,,,,,,Matt,Campbell,Platinum,"Warwick, Australia",AUS,,,,,,,Felipe,Nasr,Platinum,"Brasilia, Brazil",BRA,,,,,,,Dane,Cameron,Platinum,"Huntersville, NC",USA,,,,,,,,,,,,,,,,,,,,,,,,,
6,85,8,1:12.017,+1.004,+0.138,204.3,55,JDC-Miller MotorSports,GTP,,,Porsche 963,M,,,,,,,,,,,Phil,Hanson,Gold,"London, United Kingdom",GBR,,,,,,,Richard,Westbrook,Platinum,"Bath, United Kingdom",GBR,,,,,,,Tijmen,van der Helm,Gold,"Den Hoorn, Netherlands",NLD,,,,,,,,,,,,,,,,,,,,,,,,,
7,25,33,1:12.033,+1.020,+0.016,204.3,55,BMW M Team RLL,GTP,,,BMW M Hybrid V8,M,,,,,,,,,,,Maxime,Martin,Platinum,"Brussels, Belgium",BEL,,,,,,,Nick,Yelloly,Platinum,"Solihull, United Kingdom",GBR,,,,,,,Connor,De Phillippi,Gold,"Cornelius, NC",USA,,,,,,,,,,,,,,,,,,,,,,,,,
8,63,23,1:12.097,+1.084,+0.064,204.1,57,Lamborghini Iron Lynx,GTP,,,Lamborghini SC63,M,,,,,,,,,,,Romain,Grosjean,Platinum,"Geneva, Switzerland",CHE,,,,,,,Andrea,Caldarelli,Platinum,"Pescara, Italy",ITA,,,,,,,Matteo,Cairoli,Platinum,"Como, Italy",ITA,,,,,,,,,,,,,,,,,,,,,,,,,
9,40,11,1:12.162,+1.149,+0.065,203.9,51,Wayne Taylor Racing with Andretti,GTP,,,Acura ARX-06,M,,,,,,,,,,,Colton,Herta,Gold,"Valencia, CA",USA,,,,,,,Louis,Deletraz,Gold,"Geneva, Switzerland",CHE,,,,,,,Jordan,Taylor,Platinum,"Orlando, FL",USA,,,,,,,,,,,,,,,,,,,,,,,,,
10,10,37,1:12.311,+1.298,+0.149,203.5,48,Wayne Taylor Racing with Andretti,GTP,,,Acura ARX-06,M,,,,,,,,,,,Brendon,Hartley,Platinum,"Palmerston North, New Zealand",NZL,,,,,,,Filipe,Albuquerque,Platinum,"Coimbra, Portugal",PRT,,,,,,,Ricky,Taylor,Platinum,"Lake Mary, FL",USA,,,,,,,,,,,,,,,,,,,,,,,,,
11,5,10,1:12.447,+1.434,+0.136,203.1,64,Proton Competition Mustang Sampling,GTP,,,Porsche 963,M,,,,,,,,,,,Alessio,Picariello,Gold,"Charleroi, Belgium",BEL,,,,,,,Bent,Viscaal,Gold,"Albergen, Netherlands.",NLD,,,,,,,Gianmaria,Bruni,Platinum,"Rome, Italy",ITA,,,,,,,,,,,,,,,,,,,,,,,,,
12,74,11,1:12.823,+1.810,+0.376,202.1,48,Riley,LMP2,,,ORECA LMP2 07,M,,,,,,,,,,,Josh,Burdon,Silver,"Hobart, Australia",AUS,,,,,,,Felipe,Fraga,Gold,"Palmas, Brazil",BRA,,,,,,,Gar,Robinson,Bronze,"Austin, TX",USA,,,,,,,,,,,,,,,,,,,,,,,,,
13,2,10,1:13.072,+2.059,+0.249,201.4,57,United Autosports USA,LMP2,,,ORECA LMP2 07,M,,,,,,,,,,,Nico,Pino,Silver,"Santiago, Chile",CHL,,,,,,,Ben,Hanley,Gold,"Accrington, United Kingdom",GBR,,,,,,,Ben,Keating,Bronze,"Victoria, TX",USA,,,,,,,,,,,,,,,,,,,,,,,,,
14,22,13,1:13.228,+2.215,+0.156,201.0,58,United Autosports USA,LMP2,,,ORECA LMP2 07,M,,,,,,,,,,,Bijoy,Garg,Silver,"Atherton, CA",USA,,,,,,,Paul,Di Resta,Platinum,Monaco,MCO,,,,,,,Daniel,Goldburg,Bronze,"Delray Beach, FL",USA,,,,,,,,,,,,,,,,,,,,,,,,,
15,8,13,1:13.256,+2.243,+0.028,200.9,56,Tower Motorsports,LMP2,,,ORECA LMP2 07,M,,,,,,,,,,,Sebastian,Alvarez,Silver,"Mexico City, Mexico",MEX,,,,,,,John,Farano,Bronze,"Toronto, ON",CAN,,,,,,,Frederik,Vesti,Platinium,,DNK,,,,,,,,,,,,,,,,,,,,,,,,,
16,11,33,1:13.297,+2.284,+0.041,200.8,63,TDS Racing,LMP2,,,ORECA LMP2 07,M,,,,,,,,,,,Hunter,McElrea,Silver,"Gold Coast, Australia",AUS,,,,,,,Mikkel,Jensen,Platinum,"Aarhus, Denmark",DNK,,,,,,,Steven,Thomas,Bronze,"Carl Junction, MO",USA,,,,,,,,,,,,,,,,,,,,,,,,,
17,20,12,1:13.428,+2.415,+0.131,200.4,54,MDK by High Class Racing,LMP2,,,ORECA LMP2 07,M,,,,,,,,,,,Scott,Huffaker,Gold,"Menlo Park, CA",USA,,,,,,,Seth,Lucas,Silver,"Powell, OH",USA,,,,,,,Dennis,Andersen,Bronze,"Vejle, Denmark",DNK,,,,,,,,,,,,,,,,,,,,,,,,,
18,99,13,1:13.511,+2.498,+0.083,200.2,60,AO Racing,LMP2,,,ORECA LMP2 07,M,,,,,,,,,,,Matt,Brabham,Silver,"Indianapolis, IN",USA,,,,,,,Paul-Loup,Chatin,Gold,"Chartres, France",FRA,,,,,,,PJ,Hyett,Bronze,"West Chicago, IL",USA,,,,,,,,,,,,,,,,,,,,,,,,,
19,88,29,1:13.932,+2.919,+0.421,199.0,51,Richard Mille AF Corse,LMP2,,,ORECA LMP2 07,M,,,,,,,,,,,Lilou,Wadoux Ducellier,Silver,"Amiens, France",FRA,,,,,,,Nicklas,Nielsen,Platinum,"Uldum, Denmark",DNK,,,,,,,Luis,Perez Companc,Bronze,"Buenos Aires, Argentina",ARG,,,,,,,,,,,,,,,,,,,,,,,,,
20,52,23,1:13.952,+2.939,+0.020,199.0,58,Inter Europol by PR1 Mathiasen Motorsports,LMP2,,,ORECA LMP2 07,M,,,,,,,,,,,Tom,Dillmann,Gold,"Mulhouse, France",FRA,,,,,,,Jakub,Smiechowski,Silver,"Warsaw, Poland",POL,,,,,,,Nick,Boulle,Bronze,"Dallas, TX",USA,,,,,,,,,,,,,,,,,,,,,,,,,
21,18,19,1:14.029,+3.016,+0.077,198.8,57,Era Motorsport,LMP2,,,ORECA LMP2 07,M,,,,,,,,,,,Connor,Zilisch,Silver,"Mooresville, NC",USA,,,,,,,Ryan,Dalziel,Gold,"Glasgow, Scotland",GBR,,,,,,,Dwight,Merriman,Bronze,"Middletown, OH",USA,,,,,,,,,,,,,,,,,,,,,,,,,
22,19,7,1:19.048,+8.035,+5.019,186.2,48,Iron Lynx,GTDPRO,,,Lamborghini Huracan GT3 EVO2,M,,,,,,,,,,,Mirko,Bortolotti,Platinum,"Riva del Garda, Italy",ITA,,,,,,,Jordan,Pepper,Platinum,"Midrand, South Africa",ZAF,,,,,,,Franck,Perera,Platinum,"Montpellier, France",FRA,,,,,,,,,,,,,,,,,,,,,,,,,
23,23,9,1:19.107,+8.094,+0.059,186.0,49,Heart of Racing Team,GTDPRO,,,Aston Martin Vantage GT3 Evo,M,,,,,,,,,,,Roman,De Angelis,Gold,"Windsor , ON",CAN,,,,,,,Alex,Riberas,Gold,"Barcelona, Spain",ESP,,,,,,,Ross,Gunn,Platinum,"Great Missenden, United Kingdom",GBR,,,,,,,,,,,,,,,,,,,,,,,,,
24,3,7,1:19.126,+8.113,+0.019,186.0,50,Corvette Racing by Pratt Miller Motorsports,GTDPRO,,,Chevrolet Corvette Z06 GT3.R,M,,,,,,,,,,,Daniel,Juncadella,Platinum,"Barcelona, Spain",ESP,,,,,,,Alexander,Sims,Platinum,"Alcester, United Kingdom",GBR,,,,,,,Antonio,Garcia,Platinum,"Madrid, Spain",ESP,,,,,,,,,,,,,,,,,,,,,,,,,
25,21,9,1:19.128,+8.115,+0.002,186.0,56,Af Corse,GTD,B,,Ferrari 296 GT3,M,,,,,,,,,,,Miguel,Molina,Platinum,"Lloret de Mar, Spain",ESP,,,,,,,Francois,Heriau,Bronze,"Rennes, France",FRA,,,,,,,Simon,Mann,Silver,"Lausanne, Switzerland",CHE,,,,,,,,,,,,,,,,,,,,,,,,,
26,4,5,1:19.261,+8.248,+0.133,185.7,12,Corvette Racing by Pratt Miller Motorsports,GTDPRO,,,Chevrolet Corvette Z06 GT3.R,M,,,,,,,,,,,Earl,Bamber,Platinum,"Wanganui, New Zealand",NZL,,,,,,,Nicky,Catsburg,Platinum,"Amersfoort, Netherlands",NLD,,,,,,,Tommy,Milner,Platinum,"Middleburg, VA",USA,,,,,,,,,,,,,,,,,,,,,,,,,
27,14,6,1:19.262,+8.249,+0.001,185.7,43,VasserSullivan,GTDPRO,,,Lexus RC F GT3,M,,,,,,,,,,,Kyle,Kirkwood,Gold,"Jupiter, FL",USA,,,,,,,Ben,Barnicoat,Platinum,"Chesterfield, United Kingdom",GBR,,,,,,,Jack,Hawksworth,Gold,"Bradford, United Kingdom",GBR,,,,,,,,,,,,,,,,,,,,,,,,,
28,77,16,1:19.345,+8.332,+0.083,185.5,42,AO Racing,GTDPRO,,,Porsche 911 GT3 R (992),M,,,,,,,,,,,Julien,Andlauer,Gold,"Lyon, France",FRA,,,,,,,Michael,Christensen,Platinum,"Copenhagen, Denmark",DNK,,,,,,,Laurin,Heinrich,Gold,"Würzburg, Germany",DEU,,,,,,,,,,,,,,,,,,,,,,,,,
29,78,11,1:19.364,+8.351,+0.019,185.4,48,Forte Racing,GTD,,,Lamborghini Huracan GT3 EVO2,M,,,,,,,,,,,Devlin,Defrancesco,Silver,"Miami, FL",USA,,,,,,,Loris,Spinelli,Gold,"Montesilvano, Italy",ITA,,,,,,,Misha,Goikhberg,Silver,"Woodbridge, ON",CAN,,,,,,,,,,,,,,,,,,,,,,,,,
30,44,8,1:19.400,+8.387,+0.036,185.3,23,Magnus Racing,GTD,B,,Aston Martin Vantage GT3 Evo,M,,,,,,,,,,,Spencer,Pumpelly,Silver,"Atlanta, GA",USA,,,,,,,Andy,Lally,Gold,"Northport, NY",USA,,,,,,,John,Potter,Bronze,"Salt Lake City, UT",USA,,,,,,,,,,,,,,,,,,,,,,,,,
31,64,6,1:19.401,+8.388,+0.001,185.3,44,Ford Multimatic Motorsports,GTDPRO,,,Ford Mustang GT3,M,,,,,,,,,,,Christopher,Mies,Platinum,"Erkrath, Germany",DEU,,,,,,,Mike,Rockenfeller,Platinum,"Landschlacht, Switzerland",CHE,,,,,,,Harry,Tincknell,Platinum,"London, United Kingdom",GBR,,,,,,,,,,,,,,,,,,,,,,,,,
32,9,13,1:19.421,+8.408,+0.020,185.3,56,Pfaff Motorsports,GTDPRO,,,McLaren 720S GT3 EVO,M,,,,,,,,,,,James,Hinchcliffe,Gold,"Oakville, ON",CAN,,,,,,,Oliver,Jarvis,Platinum,"Newmarket, United Kingdom",GBR,,,,,,,Marvin,Kirchhöfer,Platinum,"Leipzig, Switzerland",CHE,,,,,,,,,,,,,,,,,,,,,,,,,
33,1,12,1:19.423,+8.410,+0.002,185.3,42,Paul Miller Racing,GTDPRO,,,BMW M4 GT3,M,,,,,,,,,,,Neil,Verhagen,Gold,"Mooresville, NC",USA,,,,,,,Madison,Snow,Gold,"Salt Lake City, UT",USA,,,,,,,Bryan,Sellers,Gold,"Flowery Branch, GA",USA,,,,,,,,,,,,,,,,,,,,,,,,,
34,47,7,1:19.486,+8.473,+0.063,185.1,51,CETILAR RACING,GTD,B,,Ferrari 296 GT3,M,,,,,,,,,,,Antonio,Fuoco,Platinum,Monaco,MCO,,,,,,,Giorgio,Sernagiotto,Silver,"Asolo, Italy",ITA,,,,,,,Roberto,Lacorte,Bronze,"Pisa, Italy",ITA,,,,,,,,,,,,,,,,,,,,,,,,,
35,86,13,1:19.500,+8.487,+0.014,185.1,51,MDK Motorsports,GTD,,,Porsche 911 GT3 R (992),M,,,,,,,,,,,Klaus,Bachler,Platinum,"Unzmarkt, Austria",AUT,,,,,,,Anders,Fjordbach,Silver,"Aalborg, Denmark",DNK,,,,,,,Kerong,Li,Silver,"Xian, China",CHN,,,,,,,,,,,,,,,,,,,,,,,,,
36,96,12,1:19.564,+8.551,+0.064,185.0,48,Turner Motorsport,GTD,,,BMW M4 GT3,M,,,,,,,,,,,Jake,Walker,Silver,"Phoenixville, PA",USA,,,,,,,Patrick,Gallagher,Silver,"Thornville, OH",USA,,,,,,,Robby,Foley,Gold,"Randolph, NJ",USA,,,,,,,,,,,,,,,,,,,,,,,,,
37,65,9,1:19.585,+8.572,+0.021,184.9,41,Ford Multimatic Motorsports,GTDPRO,,,Ford Mustang GT3,M,,,,,,,,,,,Frederic,Vervisch,Gold,"Middelkerke, Belgium",BEL,,,,,,,Dirk,Mueller,Platinum,"Taegerwilen, Switzerland",CHE,,,,,,,Joey,Hand,Gold,"Wilton, CA",USA,,,,,,,,,,,,,,,,,,,,,,,,,
38,12,7,1:19.628,+8.615,+0.043,184.8,45,VasserSullivan,GTD,,,Lexus RC F GT3,M,,,,,,,,,,,Aaron,Telitz,Gold,"Birchwood, WI",USA,,,,,,,Parker,Thompson,Silver,"Red Deer, AB",CAN,,,,,,,Frankie,Montecalvo,Silver,"Highlands, NJ",USA,,,,,,,,,,,,,,,,,,,,,,,,,
39,45,8,1:19.635,+8.622,+0.007,184.8,50,Wayne Taylor Racing with Andretti,GTD,,,Lamborghini Huracan GT3 EVO2,M,,,,,,,,,,,Graham,Doyle,Silver,"Belleair, FL",USA,,,,,,,Danny,Formal,Silver,"San Jose, Costa Rica",CRI,,,,,,,Kyle,Marcelli,Gold,"Toronto, ON",CAN,,,,,,,,,,,,,,,,,,,,,,,,,
40,023,7,1:19.672,+8.659,+0.037,184.7,43,Triarsi Competizione,GTD,B,,Ferrari 296 GT3,M,,,,,,,,,,,Alessio,Rovera,Platinum,"Varese, Italy",ITA,,,,,,,Charles,Scardina,Bronze,"Miami, FL",USA,,,,,,,Onofrio,Triarsi,Silver,"Orlando, FL",USA,,,,,,,,,,,,,,,,,,,,,,,,,
41,62,15,1:19.755,+8.742,+0.083,184.5,47,Risi Competizione,GTDPRO,,,Ferrari 296 GT3,M,,,,,,,,,,,Alessandro,Pier Guidi,Platinum,"Tortona, Italy",ITA,,,,,,,Davide,Rigon,Platinum,"Cervia, Italy",ITA,,,,,,,Daniel,Serra,Platinum,"Sao Paulo, Brazil",BRA,,,,,,,,,,,,,,,,,,,,,,,,,
42,120,10,1:19.803,+8.790,+0.048,184.4,49,Wright Motorsports,GTD,,,Porsche 911 GT3 R (992),M,,,,,,,,,,,Jan,Heylen,Gold,"Dunedin, FL",USA,,,,,,,Elliott,Skeer,Silver,"San Diego, CA",USA,,,,,,,Adam,Adelson,Silver,"Los Angeles, CA",USA,,,,,,,,,,,,,,,,,,,,,,,,,
43,57,9,1:19.810,+8.797,+0.007,184.4,45,WINWARD RACING,GTD,,,Mercedes-AMG GT3,M,,,,,,,,,,,Indy,Dontje,Silver,"Amsterdam, Netherlands",NLD,,,,,,,Philip,Ellis,Gold,"Munich, Germany",GBR,,,,,,,Russell,Ward,Silver,"Seabrook, TX",USA,,,,,,,,,,,,,,,,,,,,,,,,,
44,70,7,1:19.812,+8.799,+0.002,184.4,44,Inception Racing,GTD,B,,Ferrari 296 GT3,M,,,,,,,,,,,Ollie,Millroy,Silver,"Reading, United Kingdom",GBR,,,,,,,Frederik,Schandorff,Gold,"Aarhus, Denmark",DNK,,,,,,,Brendan,Iribe,Bronze,"Los Angeles, CA",USA,,,,,,,,,,,,,,,,,,,,,,,,,
45,80,14,1:19.870,+8.857,+0.058,184.2,50,Lone Star Racing,GTD,,,Mercedes-AMG GT3,M,,,,,,,,,,,Scott,Andrews,Gold,"Torquay, Australia",AUS,,,,,,,Rui,Pinto de Andrade,Silver,"Luanda, Portugal",AGO,,,,,,,Salih,Yoluc,Silver,"London, United Kingdom",TUR,,,,,,,,,,,,,,,,,,,,,,,,,
46,32,8,1:19.872,+8.859,+0.002,184.2,43,Korthoff/Preston Motorsports,GTD,,,Mercedes-AMG GT3,M,,,,,,,,,,,Mike,Skeen,Silver,"Charlotte, NC",USA,,,,,,,Kenton,Koch,Silver,"Charlotte, NC",USA,,,,,,,Mikael,Grenier,Gold,"Québec, QC",CAN,,,,,,,,,,,,,,,,,,,,,,,,,
47,66,7,1:19.940,+8.927,+0.068,184.1,46,Gradient Racing,GTD,B,,Acura NSX GT3,M,,,,,,,,,,,Stevan,McAleer,Gold,"Glasgow, Scotland",GBR,,,,,,,Tati,Calderon,Silver,"Bogota City, Colombia",COL,,,,,,,Sheena,Monk,Bronze,"Newtown, PA",USA,,,,,,,,,,,,,,,,,,,,,,,,,
48,55,6,1:19.991,+8.978,+0.051,184.0,54,Proton Competition,GTD,B,,Ford Mustang GT3,M,,,,,,,,,,,Corey,Lewis,Silver,"Nazareth, PA",USA,,,,,,,Giammarco,Levorato,Silver,"Padua, Italy",ITA,,,,,,,Ryan,Hardwick,Bronze,"Atlanta, GA",USA,,,,,,,,,,,,,,,,,,,,,,,,,
49,027,14,1:20.078,+9.065,+0.087,183.8,51,Heart of Racing Team,GTDPRO,,,Aston Martin Vantage GT3 Evo,M,,,,,,,,,,,Zacharie,Robichon,Silver,"Ottawa, ON",CAN,,,,,,,Marco,Sorensen,Platinum,"Godthaab, Denmark",DNK,,,,,,,Mario,Farnbacher,Gold,"Ansbach, Germany",DEU,,,,,,,,,,,,,,,,,,,,,,,,,
50,34,15,1:20.118,+9.105,+0.040,183.7,49,Conquest Racing,GTD,,,Ferrari 296 GT3,M,,,,,,,,,,,Cedric,Sbirrazzuoli,Silver,Monaco,MCO,,,,,,,Albert,Costa Balboa,Platinum,"Barcelona, Spain",ESP,,,,,,,Manny,Franco,Silver,"Milwaukee, WI",USA,,,,,,,,,,,,,,,,,,,,,,,,,
51,82,18,1:20.262,+9.249,+0.144,183.3,41,DragonSpeed,GTDPRO,,,Ferrari 296 GT3,M,,,,,,,,,,,Vincent,Abril,Gold,Monaco,MCO,,,,,,,Thomas,Neubauer,Gold,Paris,FRA,,,,,,,Toni,Vilander,Platinum,"Kankaanpää, Finland",FIN,,,,,,,,,,,,,,,,,,,,,,,,,
52,13,30,1:20.396,+9.383,+0.134,183.0,48,AWA,GTD,B,,Chevrolet Corvette Z06 GT3.R,M,,,,,,,,,,,Lars,Kern,Silver,"Wiernsheim, Germany",DEU,,,,,,,Matthew,Bell,Gold,"Newcastle Upon Tyne, United Kingdom",GBR,,,,,,,Orey,Fidani,Bronze,"Toronto, ON",CAN,,,,,,,,,,,,,,,,,,,,,,,,,
53,83,13,1:20.742,+9.729,+0.346,182.3,55,Iron Dames,GTD,B,,Lamborghini Huracan GT3 EVO2,M,,,,,,,,,,,Sarah,Bovy,Bronze,"Brussels, Belgium",BEL,,,,,,,Michelle,Gatting,Gold,"Vedbaek, Denmark",DNK,,,,,,,Rahel,Frey,Silver,"Aedermannsdorf, Switzerland",CHE,,,,,,,,,,,,,,,,,,,,,,,,,
