﻿POS,NUMBER,LAP,TIME,GAP_FIRST,GAP_PREVIOUS,KPH, LAPS,TEAM,CLASS,GROUP,DIVISION,VEHICLE,TIRES,IMSA_CarId,IMSA_TeamId,IMSA_ClassId,IMSA_CarTypeId,IMSA_ManufacturerId,IMSA_TireId,IMSA_SponsorId,IMSA_EventEntryId,*Extra 9,*Extra 10,DRIVER1_FIRSTNAME,DRIVER1_SECONDNAME,DRIVER1_LICENSE,DRIVER1_HOMETOWN,DRIVER1_COUNTRY,DRIVER1_SHORTNAME,DRIVER1_IMSA_DriverId,DRIVER1_IMSA_DriverPlugId,DRIVER1_IMSA_DriverRatingLong,DRIVER1_*Extra 4,DRIVER1_*Extra 5,DRIVER2_FIRSTNAME,DRIVER2_SECONDNAME,DRIVER2_LICENSE,DRIVER2_HOMETOWN,DRIVER2_COUNTRY,DRIVER2_SHORTNAME,DRIVER2_IMSA_DriverId,DRIVER2_IMSA_DriverPlugId,DRIVER2_IMSA_DriverRatingLong,DRIVER2_*Extra 4,DRIVER2_*Extra 5,DRIVER3_FIRSTNAME,DRIVER3_SECONDNAME,DRIVER3_LICENSE,DRIVER3_HOMETOWN,DRIVER3_COUNTRY,DRIVER3_SHORTNAME,DRIVER3_IMSA_DriverId,DRIVER3_IMSA_DriverPlugId,DRIVER3_IMSA_DriverRatingLong,DRIVER3_*Extra 4,DRIVER3_*Extra 5,DRIVER4_FIRSTNAME,DRIVER4_SECONDNAME,DRIVER4_LICENSE,DRIVER4_HOMETOWN,DRIVER4_COUNTRY,DRIVER4_SHORTNAME,DRIVER4_IMSA_DriverId,DRIVER4_IMSA_DriverPlugId,DRIVER4_IMSA_DriverRatingLong,DRIVER4_*Extra 4,DRIVER4_*Extra 5,DRIVER5_FIRSTNAME,DRIVER5_SECONDNAME,DRIVER5_LICENSE,DRIVER5_HOMETOWN,DRIVER5_COUNTRY,DRIVER5_SHORTNAME,DRIVER5_IMSA_DriverId,DRIVER5_IMSA_DriverPlugId,DRIVER5_IMSA_DriverRatingLong,DRIVER5_*Extra 4,DRIVER5_*Extra 5,DRIVER6_FIRSTNAME,DRIVER6_SECONDNAME,DRIVER6_LICENSE,DRIVER6_HOMETOWN,DRIVER6_COUNTRY,DRIVER6_SHORTNAME,DRIVER6_IMSA_DriverId,DRIVER6_IMSA_DriverPlugId,DRIVER6_IMSA_DriverRatingLong,DRIVER6_*Extra 4,DRIVER6_*Extra 5,
1,6,24,1:48.465,-,-,199.8,58,Porsche Penske Motorsport,GTP,,,Porsche 963,M,,,,,,,,,,,Scott,McLaughlin,Platinum,"Christchurch, New Zealand",NZL,,,,,,,Kevin,Estre,Platinum,"Lyon, France",FRA,,,,,,,Matt,Campbell,Platinum,"Warwick, Australia",AUS,,,,,,,Mathieu,Jaminet,Platinum,Andorra-La-Vella,FRA,,,,,,,,,,,,,,,,,,,
2,60,41,1:49.146,+0.681,+0.681,198.5,57,Acura Meyer Shank Racing w/Curb Agajanian,GTP,,,Acura ARX-06,M,,,,,,,,,,,Scott,Dixon,Platinum,"Auckland, New Zealand",NZL,,,,,,,Colin,Braun,Gold,"Ovalo, TX",USA,,,,,,,Tom,Blomqvist,Platinum,"Cambridge, UK",GBR,,,,,,,,,,,,,,,,,,,,,,,,,
3,7,33,1:49.246,+0.781,+0.100,198.3,63,Porsche Penske Motorsport,GTP,,,Porsche 963,M,,,,,,,,,,,Josef,Newgarden,Platinum,"Nashville, TN",USA,,,,,,,Laurens,Vanthoor,Platinum,"Heusden-Zolder, Belgium",BEL,,,,,,,Nick,Tandy,Platinum,"Bedford, United Kingdom",GBR,,,,,,,Felipe,Nasr,Platinum,"Brasilia, Brazil",BRA,,,,,,,,,,,,,,,,,,,
4,31,5,1:49.353,+0.888,+0.107,198.1,10,Cadillac Whelen,GTP,,,Cadillac V-Series.R,M,,,,,,,,,,,Frederik,Vesti,Platinum,"Billund, Denmark",DNK,,,,,,,Earl,Bamber,Platinum,"Wanganui, New Zealand",NZL,,,,,,,Jack,Aitken,Platinum,"London, United Kingdom",GBR,,,,,,,,,,,,,,,,,,,,,,,,,
5,93,41,1:49.624,+1.159,+0.271,197.7,61,Acura Meyer Shank Racing w/Curb Agajanian,GTP,,,Acura ARX-06,M,,,,,,,,,,,Nick,Yelloly,Platinum,"Solihull, United Kingdom",GBR,,,,,,,Renger,van der Zande,Platinum,"Amsterdam, Netherlands",NLD,,,,,,,,,,,,,,,,,,,,,,,,,,,,,,,
6,10,40,1:49.826,+1.361,+0.202,197.3,56,Cadillac Wayne Taylor Racing,GTP,,,Cadillac V-Series.R,M,,,,,,,,,,,Louis,Deletraz,Gold,"Geneva, Switzerland",SWZ,,,,,,,Jordan,Taylor,Platinum,"Orlando, FL",USA,,,,,,,Filipe,Albuquerque,Platinum,"Coimbra, Portugal",PRT,,,,,,,Ricky,Taylor,Platinum,"Lake Mary, FL",USA,,,,,,,,,,,,,,,,,,,
7,24,59,1:49.892,+1.427,+0.066,197.2,62,BMW M Team RLL,GTP,,,BMW M Hybrid V8,M,,,,,,,,,,,Kevin,Magnussen,Platinum,"Roskilde, Denmark",DNK,,,,,,,Dries,Vanthoor,Platinum,"Zolder, Belgium",BEL,,,,,,,,,,,,,,,,,,,,,,,,,,,,,,,
8,63,48,1:49.931,+1.466,+0.039,197.1,57,Automobili Lamborghini Squadra Corse,GTP,,,Lamborghini SC63,M,,,,,,,,,,,Andrea,Caldarelli,Platinum,"Pescara, Italy",ITA,,,,,,,Romain,Grosjean,Platinum,"Geneva, Switzerland",FRA,,,,,,,,,,,,,,,,,,,,,,,,,,,,,,,
9,25,64,1:49.973,+1.508,+0.042,197.0,73,BMW M Team RLL,GTP,,,BMW M Hybrid V8,M,,,,,,,,,,,Sheldon,van der Linde,Platinum,"Johannesburg, South Africa",ZAF,,,,,,,Marco,Wittmann,Platinum,"Fuerth, Germany",DEU,,,,,,,,,,,,,,,,,,,,,,,,,,,,,,,
10,85,54,1:50.253,+1.788,+0.280,196.5,69,JDC Miller MotorSports,GTP,,,Porsche 963,M,,,,,,,,,,,Sennan,Fielding,Gold,Chesterfield,GBR,,,,,,,Gianmaria,Bruni,Platinum,"Rome, Italy",ITA,,,,,,,Tijmen,van der Helm,Gold,Den Hoorn,NLD,,,,,,,Antonio,Seravalle,,,CAN,,,,,,,,,,,,,,,,,,,
11,43,38,1:50.293,+1.828,+0.040,196.5,81,Inter Europol Competition,LMP2,,,ORECA LMP2 07,M,,,,,,,,,,,Bijoy,Garg,Silver,"Atherton, CA",USA,,,,,,,Jon,Field,Bronze,"Nashville, TN",USA,,,,,,,Tom,Dillmann,Gold,"Mulhouse, France",FRA,,,,,,,,,,,,,,,,,,,,,,,,,
12,52,46,1:50.986,+2.521,+0.693,195.2,62,PR1 Mathiasen Motorsports,LMP2,,,ORECA LMP2 07,M,,,,,,,,,,,Mathias,BECHE,Gold,Veigy,CHE,,,,,,,Benjamin,Pedersen,Silver,Copenhagen,USA,,,,,,,Rodrigo,Sales,Bronze,"Crystal Bay, NV",USA,,,,,,,,,,,,,,,,,,,,,,,,,
13,11,41,1:50.990,+2.525,+0.004,195.2,62,TDS RACING,LMP2,,,ORECA LMP2 07,M,,,,,,,,,,,Hunter,McElrea,Silver,"Gold Coast, Australia",NZL,,,,,,,Steven,Thomas,Bronze,"Carl Junction, MO",USA,,,,,,,,,,,,,,,,,,,,,,,,,,,,,,,
14,74,18,1:51.041,+2.576,+0.051,195.1,75,Riley,LMP2,,,ORECA LMP2 07,M,,,,,,,,,,,Josh,Burdon,Silver,"Hobart, Australia",AUS,,,,,,,Felipe,Fraga,Gold,"Palmas, Brazil",BRA,,,,,,,Gar,Robinson,Bronze,"Austin, TX",USA,,,,,,,,,,,,,,,,,,,,,,,,,
15,99,5,1:51.228,+2.763,+0.187,194.8,63,AO Racing,LMP2,,,ORECA LMP2 07,M,,,,,,,,,,,Jonny,Edgar,Silver,"Asby, United Kingdom",GBR,,,,,,,Dane,Cameron,Platinum,"Huntersville, NC",USA,,,,,,,PJ,Hyett,Bronze,"St Charles, IL",USA,,,,,,,,,,,,,,,,,,,,,,,,,
16,8,54,1:51.728,+3.263,+0.500,193.9,55,Tower Motorsports,LMP2,,,ORECA LMP2 07,M,,,,,,,,,,,Sebastian,Alvarez,Silver,"Mexico City, Mexico",MEX,,,,,,,Sebastien,Bourdais,Platinum,"Le Mans, France",FRA,,,,,,,John,Farano,Bronze,"Toronto, ON",CAN,,,,,,,,,,,,,,,,,,,,,,,,,
17,22,7,1:51.801,+3.336,+0.073,193.8,55,United Autosports USA,LMP2,,,ORECA LMP2 07,M,,,,,,,,,,,Rasmus,Lindh,Silver,"Gothenburg, Sweden",SWE,,,,,,,Paul,Di Resta,Platinum,Monaco,GBR,,,,,,,Daniel,Goldburg,Bronze,"Delray Beach, FL",USA,,,,,,,,,,,,,,,,,,,,,,,,,
18,23,3,1:52.987,+4.522,+1.186,191.8,4,ASTON MARTIN THOR Team,GTP,,,Aston Martin Valkyrie,M,,,,,,,,,,,Alex,Riberas,Gold,"Barcelona, Spain",ESP,,,,,,,Roman,De Angelis,Gold,"Windsor , ON",CAN,,,,,,,Ross,Gunn,Platinum,"Great Missenden, United Kingdom",GBR,,,,,,,,,,,,,,,,,,,,,,,,,
19,88,13,1:53.007,+4.542,+0.020,191.7,66,Af Corse,LMP2,,,ORECA LMP2 07,M,,,,,,,,,,,Dylan,Murry,Silver,"Cumming, GA",USA,,,,,,,Matias,Perez Companc,Silver,"Buenos Aires, Argentina",ARG,,,,,,,Luis,Perez Companc,Bronze,"Buenos Aires, Argentina",ARG,,,,,,,,,,,,,,,,,,,,,,,,,
20,18,14,1:53.019,+4.554,+0.012,191.7,55,Era Motorsport,LMP2,,,ORECA LMP2 07,M,,,,,,,,,,,Kaku,Ohta,Gold,"Kyoto,Japan",JPN,,,,,,,David Heinemeier,Hansson,Silver,"Malibu, CA",DNK,,,,,,,Ryan,Dalziel,Gold,"Glasgow, Scotland",GBR,,,,,,,,,,,,,,,,,,,,,,,,,
21,34,5,2:01.206,+12.741,+8.187,178.8,33,Conquest Racing,GTD,,,Ferrari 296 GT3,M,,,,,,,,,,,Jaden,Conwright,Silver,"Newark, CA",USA,,,,,,,Jan,Heylen,Gold,"Dunedin, FL",BEL,,,,,,,,,,,,,,,,,,,,,,,,,,,,,,,
22,32,14,2:01.287,+12.822,+0.081,178.7,52,Korthoff Competition Motors,GTD,,,Mercedes-AMG GT3,M,,,,,,,,,,,Maximilian,Goetz,Platinum,"Uffenheim, Germany",DEU,,,,,,,Kenton,Koch,Silver,"Charlotte, NC",USA,,,,,,,Seth,Lucas,Silver,"Powell, OH",USA,,,,,,,,,,,,,,,,,,,,,,,,,
23,57,47,2:01.327,+12.862,+0.040,178.6,58,Winward Racing,GTD,,,Mercedes-AMG GT3,M,,,,,,,,,,,Indy,Dontje,Silver,"Bergen, Netherlands",NLD,,,,,,,Philip,Ellis,Gold,"Munich, Germany",GBR,,,,,,,Russell,Ward,Silver,"Seabrook, TX",USA,,,,,,,,,,,,,,,,,,,,,,,,,
24,021,54,2:01.544,+13.079,+0.217,178.3,58,Triarsi Competizione,GTD,,,Ferrari 296 GT3,M,,,,,,,,,,,Mike,Skeen,Silver,"Charlotte, NC",USA,,,,,,,Stevan,McAleer,Gold,"Glasgow, Scotland",GBR,,,,,,,Sheena,Monk,Bronze,"Newtown, PA",USA,,,,,,,,,,,,,,,,,,,,,,,,,
25,80,4,2:01.549,+13.084,+0.005,178.3,60,Lone Star Racing,GTD,,,Mercedes-AMG GT3,M,,,,,,,,,,,Scott,Andrews,Gold,"Torquay, Australia",AUS,,,,,,,Eric,Filgueiras,Silver,"Cocoa, FL",USA,,,,,,,Dan,Knox,Bronze,"Celina, TX",USA,,,,,,,,,,,,,,,,,,,,,,,,,
26,27,11,2:01.665,+13.200,+0.116,178.1,52,Heart of Racing Team,GTD,,,Aston Martin Vantage GT3 Evo,M,,,,,,,,,,,Casper,Stevenson,Silver,London,GBR,,,,,,,Tom,Gamble,Gold,"Nottingham, United Kingdom",GBR,,,,,,,,,,,,,,,,,,,,,,,,,,,,,,,
27,023,52,2:01.773,+13.308,+0.108,177.9,54,Triarsi Competizione,GTD,,,Ferrari 296 GT3,M,,,,,,,,,,,Charles,Scardina,Bronze,"Miami, FL",USA,,,,,,,Onofrio,Triarsi,Silver,"Orlando, FL",USA,,,,,,,,,,,,,,,,,,,,,,,,,,,,,,,
28,12,9,2:02.166,+13.701,+0.393,177.4,57,Vasser Sullivan Racing,GTD,,,Lexus RC F GT3,M,,,,,,,,,,,Ben,Barnicoat,Platinum,"Chesterfield, United Kingdom",GBR,,,,,,,Frankie,Montecalvo,Silver,"Highlands, NJ",USA,,,,,,,Parker,Thompson,Silver,"Red Deer, AB",CAN,,,,,,,Jack,Hawksworth,Gold,"Bradford, United Kingdom",GBR,,,,,,,,,,,,,,,,,,,
29,13,19,2:02.193,+13.728,+0.027,177.3,69,AWA,GTD,,,Corvette Z06 GT3.R,M,,,,,,,,,,,Lars,Kern,Silver,"Wiernsheim, Germany",DEU,,,,,,,Matthew,Bell,Gold,"Newcastle Upon Tyne, United Kingdom",GBR,,,,,,,Orey,Fidani,Bronze,"Toronto, ON",CAN,,,,,,,,,,,,,,,,,,,,,,,,,
30,120,34,2:02.255,+13.790,+0.062,177.2,43,Wright Motorsports,GTD,,,Porsche 911 GT3 R (992),M,,,,,,,,,,,Tom,Sargent,Silver,"Young, Australia",AUS,,,,,,,Elliott,Skeer,Gold,"San Diego, CA",USA,,,,,,,Adam,Adelson,Silver,"Los Angeles, CA",USA,,,,,,,,,,,,,,,,,,,,,,,,,
31,45,21,2:02.313,+13.848,+0.058,177.2,55,Wayne Taylor Racing,GTD,,,Lamborghini Huracan GT3 EVO2,M,,,,,,,,,,,Graham,Doyle,Silver,"Belleair, FL",USA,,,,,,,Trent,Hindman,Gold,"Ocean Township, NJ",USA,,,,,,,Danny,Formal,Silver,"San Jose, Costa Rica",CRI,,,,,,,,,,,,,,,,,,,,,,,,,
32,96,12,2:02.332,+13.867,+0.019,177.1,61,Turner Motorsport,GTD,,,BMW M4 GT3 EVO,M,,,,,,,,,,,Jake,Walker,Silver,"Phoenixville, PA",USA,,,,,,,Robby,Foley,Gold,"Randolph, NJ",USA,,,,,,,Patrick,Gallagher,Silver,"Thornville, OH",USA,,,,,,,,,,,,,,,,,,,,,,,,,
33,78,9,2:02.366,+13.901,+0.034,177.1,66,Forte Racing,GTD,,,Lamborghini Huracan GT3 EVO2,M,,,,,,,,,,,Parker,Kligerman,Silver,"Westport, CT",USA,,,,,,,Franck,Perera,Platinum,"Montpellier, France",FRA,,,,,,,Mario,Farnbacher,Gold,"Ansbach, Germany",DEU,,,,,,,Misha,Goikhberg,Silver,"Woodbridge, ON",CAN,,,,,,,,,,,,,,,,,,,
34,48,30,2:02.413,+13.948,+0.047,177.0,59,Paul Miller Racing,GTDPRO,,,BMW M4 GT3 EVO,M,,,,,,,,,,,Jesse,Krohn,Gold,"Helsinki, Finland",FIN,,,,,,,Dan,Harper,Platinum,Belfast,GBR,,,,,,,Max,Hesse,Gold,"Wernau, Germany",DEU,,,,,,,,,,,,,,,,,,,,,,,,,
35,1,26,2:02.525,+14.060,+0.112,176.8,69,Paul Miller Racing,GTDPRO,,,BMW M4 GT3 EVO,M,,,,,,,,,,,Connor,De Phillippi,Gold,"Cornelius, NC",USA,,,,,,,Madison,Snow,Gold,"Salt Lake City, UT",USA,,,,,,,Neil,Verhagen,Gold,"Mooresville, NC",USA,,,,,,,,,,,,,,,,,,,,,,,,,
36,64,19,2:02.557,+14.092,+0.032,176.8,51,Ford Multimatic Motorsports,GTDPRO,,,Ford Mustang GT3,M,,,,,,,,,,,Ben,Barker,Gold,"Cambridge, UK",GBR,,,,,,,Sebastian,Priaulx,Gold,"Guernsey, United Kingdom",GBR,,,,,,,Mike,Rockenfeller,Platinum,"Altnau, Switzerland",DEU,,,,,,,,,,,,,,,,,,,,,,,,,
37,36,11,2:02.585,+14.120,+0.028,176.8,59,DXDT Racing,GTD,,,Corvette Z06 GT3.R,M,,,,,,,,,,,Charlie,Eastwood,Gold,"Belfast, Northern Ireland",IRL,,,,,,,Alec,Udell,Silver,"Austin, TX",USA,,,,,,,Salih,Yoluc,Silver,"London, United Kingdom",TUR,,,,,,,,,,,,,,,,,,,,,,,,,
38,65,29,2:02.671,+14.206,+0.086,176.6,54,Ford Multimatic Motorsports,GTDPRO,,,Ford Mustang GT3,M,,,,,,,,,,,Dennis,Olsen,Platinum,"Valer, Norway",NOR,,,,,,,Frederic,Vervisch,Gold,"Middelkerke, Belgium",BEL,,,,,,,Christopher,Mies,Platinum,"Erkrath, Germany",DEU,,,,,,,,,,,,,,,,,,,,,,,,,
39,77,38,2:02.799,+14.334,+0.128,176.5,44,AO Racing,GTDPRO,,,Porsche 911 GT3 R (992),M,,,,,,,,,,,Jonny,Edgar,Silver,"Asby, United Kingdom",GBR,,,,,,,Klaus,Bachler,Platinum,"Unzmarkt, Austria",AUT,,,,,,,Laurin,Heinrich,Gold,"Würzburg, Germany",DEU,,,,,,,,,,,,,,,,,,,,,,,,,
40,14,0,,,,,0,Vasser Sullivan Racing,GTDPRO,,,Lexus RC F GT3,M,,,,,,,,,,,Kyle,Kirkwood,Gold,"Jupiter, FL",USA,,,,,,,Aaron,Telitz,Gold,"Birchwood, WI",USA,,,,,,,Ben,Barnicoat,Platinum,"Chesterfield, United Kingdom",GBR,,,,,,,,,,,,,,,,,,,,,,,,,
