﻿POS,NUMBER,LAP,TIME,GAP_FIRST,GAP_PREVIOUS,KPH, LAPS,TEAM,CLASS,GROUP,DIVISION,VEHICLE,TIRES,IMSA_CarId,IMSA_TeamId,IMSA_ClassId,IMSA_CarTypeId,IMSA_ManufacturerId,IMSA_TireId,IMSA_SponsorId,IMSA_EventEntryId,*Extra 9,*Extra 10,DRIVER1_FIRSTNAME,DRIVER1_SECONDNAME,DRIVER1_LICENSE,DRIVER1_HOMETOWN,DRIVER1_COUNTRY,DRIVER1_SHORTNAME,DRIVER1_IMSA_DriverId,DRIVER1_IMSA_DriverPlugId,DRIVER1_IMSA_DriverRatingLong,DRIVER1_*Extra 4,DRIVER1_*Extra 5,DRIVER2_FIRSTNAME,DRIVER2_SECONDNAME,DRIVER2_LICENSE,DRIVER2_HOMETOWN,DRIVER2_COUNTRY,DRIVER2_SHORTNAME,DRIVER2_IMSA_DriverId,DRIVER2_IMSA_DriverPlugId,DRIVER2_IMSA_DriverRatingLong,DRIVER2_*Extra 4,DRIVER2_*Extra 5,DRIVER3_FIRSTNAME,DRIVER3_SECONDNAME,DRIVER3_LICENSE,DRIVER3_HOMETOWN,DRIVER3_COUNTRY,DRIVER3_SHORTNAME,DRIVER3_IMSA_DriverId,DRIVER3_IMSA_DriverPlugId,DRIVER3_IMSA_DriverRatingLong,DRIVER3_*Extra 4,DRIVER3_*Extra 5,DRIVER4_FIRSTNAME,DRIVER4_SECONDNAME,DRIVER4_LICENSE,DRIVER4_HOMETOWN,DRIVER4_COUNTRY,DRIVER4_SHORTNAME,DRIVER4_IMSA_DriverId,DRIVER4_IMSA_DriverPlugId,DRIVER4_IMSA_DriverRatingLong,DRIVER4_*Extra 4,DRIVER4_*Extra 5,DRIVER5_FIRSTNAME,DRIVER5_SECONDNAME,DRIVER5_LICENSE,DRIVER5_HOMETOWN,DRIVER5_COUNTRY,DRIVER5_SHORTNAME,DRIVER5_IMSA_DriverId,DRIVER5_IMSA_DriverPlugId,DRIVER5_IMSA_DriverRatingLong,DRIVER5_*Extra 4,DRIVER5_*Extra 5,DRIVER6_FIRSTNAME,DRIVER6_SECONDNAME,DRIVER6_LICENSE,DRIVER6_HOMETOWN,DRIVER6_COUNTRY,DRIVER6_SHORTNAME,DRIVER6_IMSA_DriverId,DRIVER6_IMSA_DriverPlugId,DRIVER6_IMSA_DriverRatingLong,DRIVER6_*Extra 4,DRIVER6_*Extra 5,
1,6,5,1:48.215,-,-,200.2,62,Porsche Penske Motorsport,GTP,,,Porsche 963,M,,,,,,,,,,,Scott,McLaughlin,Platinum,"Christchurch, New Zealand",NZL,,,,,,,Kevin,Estre,Platinum,"Lyon, France",FRA,,,,,,,Matt,Campbell,Platinum,"Warwick, Australia",AUS,,,,,,,Mathieu,Jaminet,Platinum,Andorra-La-Vella,FRA,,,,,,,,,,,,,,,,,,,
2,10,12,1:48.576,+0.361,+0.361,199.6,80,Cadillac Wayne Taylor Racing,GTP,,,Cadillac V-Series.R,M,,,,,,,,,,,Louis,Deletraz,Gold,"Geneva, Switzerland",SWZ,,,,,,,Jordan,Taylor,Platinum,"Orlando, FL",USA,,,,,,,Filipe,Albuquerque,Platinum,"Coimbra, Portugal",PRT,,,,,,,Ricky,Taylor,Platinum,"Lake Mary, FL",USA,,,,,,,,,,,,,,,,,,,
3,7,11,1:48.613,+0.398,+0.037,199.5,69,Porsche Penske Motorsport,GTP,,,Porsche 963,M,,,,,,,,,,,Josef,Newgarden,Platinum,"Nashville, TN",USA,,,,,,,Laurens,Vanthoor,Platinum,"Heusden-Zolder, Belgium",BEL,,,,,,,Nick,Tandy,Platinum,"Bedford, United Kingdom",GBR,,,,,,,Felipe,Nasr,Platinum,"Brasilia, Brazil",BRA,,,,,,,,,,,,,,,,,,,
4,31,49,1:48.734,+0.519,+0.121,199.3,81,Cadillac Whelen,GTP,,,Cadillac V-Series.R,M,,,,,,,,,,,Frederik,Vesti,Platinum,"Billund, Denmark",DNK,,,,,,,Earl,Bamber,Platinum,"Wanganui, New Zealand",NZL,,,,,,,Jack,Aitken,Platinum,"London, United Kingdom",GBR,,,,,,,,,,,,,,,,,,,,,,,,,
5,60,21,1:48.816,+0.601,+0.082,199.1,65,Acura Meyer Shank Racing w/Curb Agajanian,GTP,,,Acura ARX-06,M,,,,,,,,,,,Scott,Dixon,Platinum,"Auckland, New Zealand",NZL,,,,,,,Colin,Braun,Gold,"Ovalo, TX",USA,,,,,,,Tom,Blomqvist,Platinum,"Cambridge, UK",GBR,,,,,,,,,,,,,,,,,,,,,,,,,
6,25,33,1:48.902,+0.687,+0.086,199.0,94,BMW M Team RLL,GTP,,,BMW M Hybrid V8,M,,,,,,,,,,,Sheldon,van der Linde,Platinum,"Johannesburg, South Africa",ZAF,,,,,,,Marco,Wittmann,Platinum,"Fuerth, Germany",DEU,,,,,,,,,,,,,,,,,,,,,,,,,,,,,,,
7,24,45,1:49.005,+0.790,+0.103,198.8,62,BMW M Team RLL,GTP,,,BMW M Hybrid V8,M,,,,,,,,,,,Kevin,Magnussen,Platinum,"Roskilde, Denmark",DNK,,,,,,,Dries,Vanthoor,Platinum,"Zolder, Belgium",BEL,,,,,,,,,,,,,,,,,,,,,,,,,,,,,,,
8,85,58,1:49.107,+0.892,+0.102,198.6,89,JDC Miller MotorSports,GTP,,,Porsche 963,M,,,,,,,,,,,Sennan,Fielding,Gold,Chesterfield,GBR,,,,,,,Gianmaria,Bruni,Platinum,"Rome, Italy",ITA,,,,,,,Tijmen,van der Helm,Gold,Den Hoorn,NLD,,,,,,,Antonio,Seravalle,,,CAN,,,,,,,,,,,,,,,,,,,
9,93,7,1:49.129,+0.914,+0.022,198.6,73,Acura Meyer Shank Racing w/Curb Agajanian,GTP,,,Acura ARX-06,M,,,,,,,,,,,Nick,Yelloly,Platinum,"Solihull, United Kingdom",GBR,,,,,,,Renger,van der Zande,Platinum,"Amsterdam, Netherlands",NLD,,,,,,,,,,,,,,,,,,,,,,,,,,,,,,,
10,22,6,1:49.957,+1.742,+0.828,197.1,45,United Autosports USA,LMP2,,,ORECA LMP2 07,M,,,,,,,,,,,Rasmus,Lindh,Silver,"Gothenburg, Sweden",SWE,,,,,,,Paul,Di Resta,Platinum,Monaco,GBR,,,,,,,Daniel,Goldburg,Bronze,"Delray Beach, FL",USA,,,,,,,,,,,,,,,,,,,,,,,,,
11,43,14,1:49.999,+1.784,+0.042,197.0,83,Inter Europol Competition,LMP2,,,ORECA LMP2 07,M,,,,,,,,,,,Bijoy,Garg,Silver,"Atherton, CA",USA,,,,,,,Jon,Field,Bronze,"Nashville, TN",USA,,,,,,,Tom,Dillmann,Gold,"Mulhouse, France",FRA,,,,,,,,,,,,,,,,,,,,,,,,,
12,23,17,1:50.105,+1.890,+0.106,196.8,56,ASTON MARTIN THOR Team,GTP,,,Aston Martin Valkyrie,M,,,,,,,,,,,Alex,Riberas,Gold,"Barcelona, Spain",ESP,,,,,,,Roman,De Angelis,Gold,"Windsor , ON",CAN,,,,,,,Ross,Gunn,Platinum,"Great Missenden, United Kingdom",GBR,,,,,,,Tom,Gamble,Gold,,GBR,,,,,,,,,,,,,,,,,,,
13,11,54,1:50.426,+2.211,+0.321,196.2,55,TDS RACING,LMP2,,,ORECA LMP2 07,M,,,,,,,,,,,Hunter,McElrea,Silver,"Gold Coast, Australia",NZL,,,,,,,Steven,Thomas,Bronze,"Carl Junction, MO",USA,,,,,,,,,,,,,,,,,,,,,,,,,,,,,,,
14,88,14,1:50.614,+2.399,+0.188,195.9,68,Af Corse,LMP2,,,ORECA LMP2 07,M,,,,,,,,,,,Dylan,Murry,Silver,"Cumming, GA",USA,,,,,,,Matias,Perez Companc,Silver,"Buenos Aires, Argentina",ARG,,,,,,,Luis,Perez Companc,Bronze,"Buenos Aires, Argentina",ARG,,,,,,,,,,,,,,,,,,,,,,,,,
15,99,5,1:50.799,+2.584,+0.185,195.6,73,AO Racing,LMP2,,,ORECA LMP2 07,M,,,,,,,,,,,Jonny,Edgar,Silver,"Asby, United Kingdom",GBR,,,,,,,Dane,Cameron,Platinum,"Huntersville, NC",USA,,,,,,,PJ,Hyett,Bronze,"St Charles, IL",USA,,,,,,,,,,,,,,,,,,,,,,,,,
16,52,19,1:51.000,+2.785,+0.201,195.2,57,PR1 Mathiasen Motorsports,LMP2,,,ORECA LMP2 07,M,,,,,,,,,,,Mathias,BECHE,Gold,Veigy,CHE,,,,,,,Benjamin,Pedersen,Silver,Copenhagen,USA,,,,,,,Rodrigo,Sales,Bronze,"Crystal Bay, NV",USA,,,,,,,,,,,,,,,,,,,,,,,,,
17,74,34,1:51.117,+2.902,+0.117,195.0,76,Riley,LMP2,,,ORECA LMP2 07,M,,,,,,,,,,,Josh,Burdon,Silver,"Hobart, Australia",AUS,,,,,,,Felipe,Fraga,Gold,"Palmas, Brazil",BRA,,,,,,,Gar,Robinson,Bronze,"Austin, TX",USA,,,,,,,,,,,,,,,,,,,,,,,,,
18,8,54,1:51.168,+2.953,+0.051,194.9,58,Tower Motorsports,LMP2,,,ORECA LMP2 07,M,,,,,,,,,,,Sebastian,Alvarez,Silver,"Mexico City, Mexico",MEX,,,,,,,Sebastien,Bourdais,Platinum,"Le Mans, France",FRA,,,,,,,John,Farano,Bronze,"Toronto, ON",CAN,,,,,,,,,,,,,,,,,,,,,,,,,
19,18,19,1:51.178,+2.963,+0.010,194.9,35,Era Motorsport,LMP2,,,ORECA LMP2 07,M,,,,,,,,,,,Kaku,Ohta,Gold,"Kyoto,Japan",JPN,,,,,,,David Heinemeier,Hansson,Silver,"Malibu, CA",DNK,,,,,,,Ryan,Dalziel,Gold,"Glasgow, Scotland",GBR,,,,,,,,,,,,,,,,,,,,,,,,,
20,63,0,,,,,0,Automobili Lamborghini Squadra Corse,GTP,,,Lamborghini SC63,M,,,,,,,,,,,Andrea,Caldarelli,Platinum,"Pescara, Italy",ITA,,,,,,,Romain,Grosjean,Platinum,"Geneva, Switzerland",FRA,,,,,,,,,,,,,,,,,,,,,,,,,,,,,,,
