﻿POS,NUMBER,LAP,TIME,GAP_FIRST,GAP_PREVIOUS,KPH, LAPS,TEAM,CLASS,GROUP,DIVISION,VEHICLE,TIRES,IMSA_CarId,IMSA_TeamId,IMSA_ClassId,IMSA_CarTypeId,IMSA_ManufacturerId,IMSA_TireId,IMSA_SponsorId,IMSA_EventEntryId,*Extra 9,*Extra 10,DRIVER1_FIRSTNAME,DRIVER1_SECONDNAME,DRIVER1_LICENSE,DRIVER1_HOMETOWN,DRIVER1_COUNTRY,DRIVER1_SHORTNAME,DRIVER1_IMSA_DriverId,DRIVER1_IMSA_DriverPlugId,DRIVER1_IMSA_DriverRatingLong,DRIVER1_*Extra 4,DRIVER1_*Extra 5,DRIVER2_FIRSTNAME,DRIVER2_SECONDNAME,DRIVER2_LICENSE,DRIVER2_HOMETOWN,DRIVER2_COUNTRY,DRIVER2_SHORTNAME,DRIVER2_IMSA_DriverId,DRIVER2_IMSA_DriverPlugId,DRIVER2_IMSA_DriverRatingLong,DRIVER2_*Extra 4,DRIVER2_*Extra 5,DRIVER3_FIRSTNAME,DRIVER3_SECONDNAME,DRIVER3_LICENSE,DRIVER3_HOMETOWN,DRIVER3_COUNTRY,DRIVER3_SHORTNAME,DRIVER3_IMSA_DriverId,DRIVER3_IMSA_DriverPlugId,DRIVER3_IMSA_DriverRatingLong,DRIVER3_*Extra 4,DRIVER3_*Extra 5,DRIVER4_FIRSTNAME,DRIVER4_SECONDNAME,DRIVER4_LICENSE,DRIVER4_HOMETOWN,DRIVER4_COUNTRY,DRIVER4_SHORTNAME,DRIVER4_IMSA_DriverId,DRIVER4_IMSA_DriverPlugId,DRIVER4_IMSA_DriverRatingLong,DRIVER4_*Extra 4,DRIVER4_*Extra 5,DRIVER5_FIRSTNAME,DRIVER5_SECONDNAME,DRIVER5_LICENSE,DRIVER5_HOMETOWN,DRIVER5_COUNTRY,DRIVER5_SHORTNAME,DRIVER5_IMSA_DriverId,DRIVER5_IMSA_DriverPlugId,DRIVER5_IMSA_DriverRatingLong,DRIVER5_*Extra 4,DRIVER5_*Extra 5,DRIVER6_FIRSTNAME,DRIVER6_SECONDNAME,DRIVER6_LICENSE,DRIVER6_HOMETOWN,DRIVER6_COUNTRY,DRIVER6_SHORTNAME,DRIVER6_IMSA_DriverId,DRIVER6_IMSA_DriverPlugId,DRIVER6_IMSA_DriverRatingLong,DRIVER6_*Extra 4,DRIVER6_*Extra 5,
1,34,26,2:01.904,-,-,177.7,33,Conquest Racing,GTD,,,Ferrari 296 GT3,M,,,,,,,,,,,Jaden,Conwright,Silver,"Newark, CA",USA,,,,,,,Jan,Heylen,Gold,"Dunedin, FL",BEL,,,,,,,,,,,,,,,,,,,,,,,,,,,,,,,
2,57,20,2:02.133,+0.229,+0.229,177.4,49,Winward Racing,GTD,,,Mercedes-AMG GT3,M,,,,,,,,,,,Indy,Dontje,Silver,"Bergen, Netherlands",NLD,,,,,,,Philip,Ellis,Gold,"Munich, Germany",GBR,,,,,,,Russell,Ward,Silver,"Seabrook, TX",USA,,,,,,,,,,,,,,,,,,,,,,,,,
3,32,29,2:02.416,+0.512,+0.283,177.0,34,Korthoff Competition Motors,GTD,,,Mercedes-AMG GT3,M,,,,,,,,,,,Maximilian,Goetz,Platinum,"Uffenheim, Germany",DEU,,,,,,,Kenton,Koch,Silver,"Charlotte, NC",USA,,,,,,,Seth,Lucas,Silver,"Powell, OH",USA,,,,,,,,,,,,,,,,,,,,,,,,,
4,021,29,2:02.752,+0.848,+0.336,176.5,52,Triarsi Competizione,GTD,,,Ferrari 296 GT3,M,,,,,,,,,,,Mike,Skeen,Silver,"Charlotte, NC",USA,,,,,,,Stevan,McAleer,Gold,"Glasgow, Scotland",GBR,,,,,,,Sheena,Monk,Bronze,"Newtown, PA",USA,,,,,,,,,,,,,,,,,,,,,,,,,
5,80,11,2:02.793,+0.889,+0.041,176.5,33,Lone Star Racing,GTD,,,Mercedes-AMG GT3,M,,,,,,,,,,,Scott,Andrews,Gold,"Torquay, Australia",AUS,,,,,,,Eric,Filgueiras,Silver,"Cocoa, FL",USA,,,,,,,Dan,Knox,Bronze,"Celina, TX",USA,,,,,,,,,,,,,,,,,,,,,,,,,
6,023,48,2:02.800,+0.896,+0.007,176.5,51,Triarsi Competizione,GTD,,,Ferrari 296 GT3,M,,,,,,,,,,,Charles,Scardina,Bronze,"Miami, FL",USA,,,,,,,Onofrio,Triarsi,Silver,"Orlando, FL",USA,,,,,,,,,,,,,,,,,,,,,,,,,,,,,,,
7,14,19,2:03.019,+1.115,+0.219,176.1,38,Vasser Sullivan Racing,GTDPRO,,,Lexus RC F GT3,M,,,,,,,,,,,Kyle,Kirkwood,Gold,"Jupiter, FL",USA,,,,,,,Aaron,Telitz,Gold,"Birchwood, WI",USA,,,,,,,Ben,Barnicoat,Platinum,"Chesterfield, United Kingdom",GBR,,,,,,,,,,,,,,,,,,,,,,,,,
8,27,43,2:03.078,+1.174,+0.059,176.1,52,Heart of Racing Team,GTD,,,Aston Martin Vantage GT3 Evo,M,,,,,,,,,,,Casper,Stevenson,Silver,London,GBR,,,,,,,Tom,Gamble,Gold,"Nottingham, United Kingdom",GBR,,,,,,,,,,,,,,,,,,,,,,,,,,,,,,,
9,78,23,2:03.254,+1.350,+0.176,175.8,51,Forte Racing,GTD,,,Lamborghini Huracan GT3 EVO2,M,,,,,,,,,,,Parker,Kligerman,Silver,"Westport, CT",USA,,,,,,,Franck,Perera,Platinum,"Montpellier, France",FRA,,,,,,,Mario,Farnbacher,Gold,"Ansbach, Germany",DEU,,,,,,,Misha,Goikhberg,Silver,"Woodbridge, ON",CAN,,,,,,,,,,,,,,,,,,,
10,65,42,2:03.273,+1.369,+0.019,175.8,55,Ford Multimatic Motorsports,GTDPRO,,,Ford Mustang GT3,M,,,,,,,,,,,Dennis,Olsen,Platinum,"Valer, Norway",NOR,,,,,,,Frederic,Vervisch,Gold,"Middelkerke, Belgium",BEL,,,,,,,Christopher,Mies,Platinum,"Erkrath, Germany",DEU,,,,,,,,,,,,,,,,,,,,,,,,,
11,64,41,2:03.507,+1.603,+0.234,175.4,45,Ford Multimatic Motorsports,GTDPRO,,,Ford Mustang GT3,M,,,,,,,,,,,Ben,Barker,Gold,"Cambridge, UK",GBR,,,,,,,Sebastian,Priaulx,Gold,"Guernsey, United Kingdom",GBR,,,,,,,Mike,Rockenfeller,Platinum,"Altnau, Switzerland",DEU,,,,,,,,,,,,,,,,,,,,,,,,,
12,48,60,2:03.533,+1.629,+0.026,175.4,64,Paul Miller Racing,GTDPRO,,,BMW M4 GT3 EVO,M,,,,,,,,,,,Jesse,Krohn,Gold,"Helsinki, Finland",FIN,,,,,,,Dan,Harper,Platinum,Belfast,GBR,,,,,,,Max,Hesse,Gold,"Wernau, Germany",DEU,,,,,,,,,,,,,,,,,,,,,,,,,
13,77,11,2:03.553,+1.649,+0.020,175.4,36,AO Racing,GTDPRO,,,Porsche 911 GT3 R (992),M,,,,,,,,,,,Jonny,Edgar,Silver,"Asby, United Kingdom",GBR,,,,,,,Klaus,Bachler,Platinum,"Unzmarkt, Austria",AUT,,,,,,,Laurin,Heinrich,Gold,"Würzburg, Germany",DEU,,,,,,,,,,,,,,,,,,,,,,,,,
14,96,34,2:03.582,+1.678,+0.029,175.3,51,Turner Motorsport,GTD,,,BMW M4 GT3 EVO,M,,,,,,,,,,,Jake,Walker,Silver,"Phoenixville, PA",USA,,,,,,,Robby,Foley,Gold,"Randolph, NJ",USA,,,,,,,Patrick,Gallagher,Silver,"Thornville, OH",USA,,,,,,,,,,,,,,,,,,,,,,,,,
15,120,49,2:03.637,+1.733,+0.055,175.3,51,Wright Motorsports,GTD,,,Porsche 911 GT3 R (992),M,,,,,,,,,,,Tom,Sargent,Silver,"Young, Australia",AUS,,,,,,,Elliott,Skeer,Gold,"San Diego, CA",USA,,,,,,,Adam,Adelson,Silver,"Los Angeles, CA",USA,,,,,,,,,,,,,,,,,,,,,,,,,
16,13,18,2:03.646,+1.742,+0.009,175.2,29,AWA,GTD,,,Corvette Z06 GT3.R,M,,,,,,,,,,,Lars,Kern,Silver,"Wiernsheim, Germany",DEU,,,,,,,Matthew,Bell,Gold,"Newcastle Upon Tyne, United Kingdom",GBR,,,,,,,Orey,Fidani,Bronze,"Toronto, ON",CAN,,,,,,,,,,,,,,,,,,,,,,,,,
17,36,8,2:03.688,+1.784,+0.042,175.2,19,DXDT Racing,GTD,,,Corvette Z06 GT3.R,M,,,,,,,,,,,Charlie,Eastwood,Gold,"Belfast, Northern Ireland",IRL,,,,,,,Alec,Udell,Silver,"Austin, TX",USA,,,,,,,Salih,Yoluc,Silver,"London, United Kingdom",TUR,,,,,,,,,,,,,,,,,,,,,,,,,
18,45,16,2:03.719,+1.815,+0.031,175.1,49,Wayne Taylor Racing,GTD,,,Lamborghini Huracan GT3 EVO2,M,,,,,,,,,,,Graham,Doyle,Silver,"Belleair, FL",USA,,,,,,,Trent,Hindman,Gold,"Ocean Township, NJ",USA,,,,,,,Danny,Formal,Silver,"San Jose, Costa Rica",CRI,,,,,,,,,,,,,,,,,,,,,,,,,
19,1,26,2:03.890,+1.986,+0.171,174.9,41,Paul Miller Racing,GTDPRO,,,BMW M4 GT3 EVO,M,,,,,,,,,,,Connor,De Phillippi,Gold,"Cornelius, NC",USA,,,,,,,Madison,Snow,Gold,"Salt Lake City, UT",USA,,,,,,,Neil,Verhagen,Gold,"Mooresville, NC",USA,,,,,,,,,,,,,,,,,,,,,,,,,
20,12,0,,,,,0,Vasser Sullivan Racing,GTD,,,Lexus RC F GT3,M,,,,,,,,,,,Ben,Barnicoat,Platinum,"Chesterfield, United Kingdom",GBR,,,,,,,Frankie,Montecalvo,Silver,"Highlands, NJ",USA,,,,,,,Parker,Thompson,Silver,"Red Deer, AB",CAN,,,,,,,Jack,Hawksworth,Gold,"Bradford, United Kingdom",GBR,,,,,,,,,,,,,,,,,,,
