﻿POS,NUMBER,LAP,TIME,GAP_FIRST,GAP_PREVIOUS,KPH, LAPS,TEAM,CLASS,GROUP,DIVISION,VEHICLE,TIRES,IMSA_CarId,IMSA_TeamId,IMSA_ClassId,IMSA_CarTypeId,IMSA_ManufacturerId,IMSA_TireId,IMSA_SponsorId,IMSA_EventEntryId,*Extra 9,*Extra 10,DRIVER1_FIRSTNAME,DRIVER1_SECONDNAME,DRIVER1_LICENSE,DRIVER1_HOMETOWN,DRIVER1_COUNTRY,DRIVER1_SHORTNAME,DRIVER1_IMSA_DriverId,DRIVER1_IMSA_DriverPlugId,DRIVER1_IMSA_DriverRatingLong,DRIVER1_*Extra 4,DRIVER1_*Extra 5,DRIVER2_FIRSTNAME,DRIVER2_SECONDNAME,DRIVER2_LICENSE,DRIVER2_HOMETOWN,DRIVER2_COUNTRY,DRIVER2_SHORTNAME,DRIVER2_IMSA_DriverId,DRIVER2_IMSA_DriverPlugId,DRIVER2_IMSA_DriverRatingLong,DRIVER2_*Extra 4,DRIVER2_*Extra 5,DRIVER3_FIRSTNAME,DRIVER3_SECONDNAME,DRIVER3_LICENSE,DRIVER3_HOMETOWN,DRIVER3_COUNTRY,DRIVER3_SHORTNAME,DRIVER3_IMSA_DriverId,DRIVER3_IMSA_DriverPlugId,DRIVER3_IMSA_DriverRatingLong,DRIVER3_*Extra 4,DRIVER3_*Extra 5,DRIVER4_FIRSTNAME,DRIVER4_SECONDNAME,DRIVER4_LICENSE,DRIVER4_HOMETOWN,DRIVER4_COUNTRY,DRIVER4_SHORTNAME,DRIVER4_IMSA_DriverId,DRIVER4_IMSA_DriverPlugId,DRIVER4_IMSA_DriverRatingLong,DRIVER4_*Extra 4,DRIVER4_*Extra 5,DRIVER5_FIRSTNAME,DRIVER5_SECONDNAME,DRIVER5_LICENSE,DRIVER5_HOMETOWN,DRIVER5_COUNTRY,DRIVER5_SHORTNAME,DRIVER5_IMSA_DriverId,DRIVER5_IMSA_DriverPlugId,DRIVER5_IMSA_DriverRatingLong,DRIVER5_*Extra 4,DRIVER5_*Extra 5,DRIVER6_FIRSTNAME,DRIVER6_SECONDNAME,DRIVER6_LICENSE,DRIVER6_HOMETOWN,DRIVER6_COUNTRY,DRIVER6_SHORTNAME,DRIVER6_IMSA_DriverId,DRIVER6_IMSA_DriverPlugId,DRIVER6_IMSA_DriverRatingLong,DRIVER6_*Extra 4,DRIVER6_*Extra 5,
1,60,60,1:49.057,-,-,198.7,73,Acura Meyer Shank Racing w/Curb Agajanian,GTP,,,Acura ARX-06,M,,,,,,,,,,,Scott,Dixon,Platinum,"Auckland, New Zealand",NZL,,,,,,,Colin,Braun,Gold,"Ovalo, TX",USA,,,,,,,Tom,Blomqvist,Platinum,"Cambridge, UK",GBR,,,,,,,,,,,,,,,,,,,,,,,,,
2,6,16,1:49.060,+0.003,+0.003,198.7,71,Porsche Penske Motorsport,GTP,,,Porsche 963,M,,,,,,,,,,,Scott,McLaughlin,Platinum,"Christchurch, New Zealand",NZL,,,,,,,Kevin,Estre,Platinum,"Lyon, France",FRA,,,,,,,Matt,Campbell,Platinum,"Warwick, Australia",AUS,,,,,,,Mathieu,Jaminet,Platinum,Andorra-La-Vella,FRA,,,,,,,,,,,,,,,,,,,
3,31,14,1:49.165,+0.108,+0.105,198.5,74,Cadillac Whelen,GTP,,,Cadillac V-Series.R,M,,,,,,,,,,,Frederik,Vesti,Platinum,"Billund, Denmark",DNK,,,,,,,Earl,Bamber,Platinum,"Wanganui, New Zealand",NZL,,,,,,,Jack,Aitken,Platinum,"London, United Kingdom",GBR,,,,,,,,,,,,,,,,,,,,,,,,,
4,7,13,1:49.264,+0.207,+0.099,198.3,65,Porsche Penske Motorsport,GTP,,,Porsche 963,M,,,,,,,,,,,Josef,Newgarden,Platinum,"Nashville, TN",USA,,,,,,,Laurens,Vanthoor,Platinum,"Heusden-Zolder, Belgium",BEL,,,,,,,Nick,Tandy,Platinum,"Bedford, United Kingdom",GBR,,,,,,,Felipe,Nasr,Platinum,"Brasilia, Brazil",BRA,,,,,,,,,,,,,,,,,,,
5,85,20,1:49.270,+0.213,+0.006,198.3,65,JDC Miller MotorSports,GTP,,,Porsche 963,M,,,,,,,,,,,Sennan,Fielding,Gold,Chesterfield,GBR,,,,,,,Gianmaria,Bruni,Platinum,"Rome, Italy",ITA,,,,,,,Tijmen,van der Helm,Gold,Den Hoorn,NLD,,,,,,,Antonio,Seravalle,,,CAN,,,,,,,,,,,,,,,,,,,
6,93,35,1:49.273,+0.216,+0.003,198.3,72,Acura Meyer Shank Racing w/Curb Agajanian,GTP,,,Acura ARX-06,M,,,,,,,,,,,Nick,Yelloly,Platinum,"Solihull, United Kingdom",GBR,,,,,,,Renger,van der Zande,Platinum,"Amsterdam, Netherlands",NLD,,,,,,,,,,,,,,,,,,,,,,,,,,,,,,,
7,25,80,1:49.371,+0.314,+0.098,198.1,110,BMW M Team RLL,GTP,,,BMW M Hybrid V8,M,,,,,,,,,,,Sheldon,van der Linde,Platinum,"Johannesburg, South Africa",ZAF,,,,,,,Marco,Wittmann,Platinum,"Fuerth, Germany",DEU,,,,,,,,,,,,,,,,,,,,,,,,,,,,,,,
8,24,63,1:49.406,+0.349,+0.035,198.1,100,BMW M Team RLL,GTP,,,BMW M Hybrid V8,M,,,,,,,,,,,Kevin,Magnussen,Platinum,"Roskilde, Denmark",DNK,,,,,,,Dries,Vanthoor,Platinum,"Zolder, Belgium",BEL,,,,,,,,,,,,,,,,,,,,,,,,,,,,,,,
9,10,23,1:49.495,+0.438,+0.089,197.9,53,Cadillac Wayne Taylor Racing,GTP,,,Cadillac V-Series.R,M,,,,,,,,,,,Louis,Deletraz,Gold,"Geneva, Switzerland",SWZ,,,,,,,Jordan,Taylor,Platinum,"Orlando, FL",USA,,,,,,,Filipe,Albuquerque,Platinum,"Coimbra, Portugal",PRT,,,,,,,Ricky,Taylor,Platinum,"Lake Mary, FL",USA,,,,,,,,,,,,,,,,,,,
10,63,37,1:49.926,+0.869,+0.431,197.1,38,Automobili Lamborghini Squadra Corse,GTP,,,Lamborghini SC63,M,,,,,,,,,,,Andrea,Caldarelli,Platinum,"Pescara, Italy",ITA,,,,,,,Romain,Grosjean,Platinum,"Geneva, Switzerland",FRA,,,,,,,,,,,,,,,,,,,,,,,,,,,,,,,
11,43,90,1:50.065,+1.008,+0.139,196.9,100,Inter Europol Competition,LMP2,,,ORECA LMP2 07,M,,,,,,,,,,,Bijoy,Garg,Silver,"Atherton, CA",USA,,,,,,,Jon,Field,Bronze,"Nashville, TN",USA,,,,,,,Tom,Dillmann,Gold,"Mulhouse, France",FRA,,,,,,,,,,,,,,,,,,,,,,,,,
12,52,23,1:50.782,+1.725,+0.717,195.6,81,PR1 Mathiasen Motorsports,LMP2,,,ORECA LMP2 07,M,,,,,,,,,,,Mathias,BECHE,Gold,Veigy,CHE,,,,,,,Benjamin,Pedersen,Silver,Copenhagen,USA,,,,,,,Rodrigo,Sales,Bronze,"Crystal Bay, NV",USA,,,,,,,,,,,,,,,,,,,,,,,,,
13,11,42,1:50.785,+1.728,+0.003,195.6,59,TDS RACING,LMP2,,,ORECA LMP2 07,M,,,,,,,,,,,Hunter,McElrea,Silver,"Gold Coast, Australia",NZL,,,,,,,Steven,Thomas,Bronze,"Carl Junction, MO",USA,,,,,,,,,,,,,,,,,,,,,,,,,,,,,,,
14,23,53,1:51.316,+2.259,+0.531,194.7,56,ASTON MARTIN THOR Team,GTP,,,Aston Martin Valkyrie,M,,,,,,,,,,,Alex,Riberas,Gold,"Barcelona, Spain",ESP,,,,,,,Roman,De Angelis,Gold,"Windsor , ON",CAN,,,,,,,Ross,Gunn,Platinum,"Great Missenden, United Kingdom",GBR,,,,,,,,,,,,,,,,,,,,,,,,,
15,22,20,1:51.394,+2.337,+0.078,194.5,60,United Autosports USA,LMP2,,,ORECA LMP2 07,M,,,,,,,,,,,Rasmus,Lindh,Silver,"Gothenburg, Sweden",SWE,,,,,,,Paul,Di Resta,Platinum,Monaco,GBR,,,,,,,Daniel,Goldburg,Bronze,"Delray Beach, FL",USA,,,,,,,,,,,,,,,,,,,,,,,,,
16,74,30,1:51.438,+2.381,+0.044,194.4,47,Riley,LMP2,,,ORECA LMP2 07,M,,,,,,,,,,,Josh,Burdon,Silver,"Hobart, Australia",AUS,,,,,,,Felipe,Fraga,Gold,"Palmas, Brazil",BRA,,,,,,,Gar,Robinson,Bronze,"Austin, TX",USA,,,,,,,,,,,,,,,,,,,,,,,,,
17,8,45,1:51.447,+2.390,+0.009,194.4,56,Tower Motorsports,LMP2,,,ORECA LMP2 07,M,,,,,,,,,,,Sebastian,Alvarez,Silver,"Mexico City, Mexico",MEX,,,,,,,Sebastien,Bourdais,Platinum,"Le Mans, France",FRA,,,,,,,John,Farano,Bronze,"Toronto, ON",CAN,,,,,,,,,,,,,,,,,,,,,,,,,
18,99,29,1:51.681,+2.624,+0.234,194.0,36,AO Racing,LMP2,,,ORECA LMP2 07,M,,,,,,,,,,,Jonny,Edgar,Silver,"Asby, United Kingdom",GBR,,,,,,,Dane,Cameron,Platinum,"Huntersville, NC",USA,,,,,,,PJ,Hyett,Bronze,"St Charles, IL",USA,,,,,,,,,,,,,,,,,,,,,,,,,
19,88,61,1:51.883,+2.826,+0.202,193.7,85,Af Corse,LMP2,,,ORECA LMP2 07,M,,,,,,,,,,,Dylan,Murry,Silver,"Cumming, GA",USA,,,,,,,Matias,Perez Companc,Silver,"Buenos Aires, Argentina",ARG,,,,,,,Luis,Perez Companc,Bronze,"Buenos Aires, Argentina",ARG,,,,,,,,,,,,,,,,,,,,,,,,,
20,18,6,1:52.425,+3.368,+0.542,192.7,34,Era Motorsport,LMP2,,,ORECA LMP2 07,M,,,,,,,,,,,Kaku,Ohta,Gold,"Kyoto,Japan",JPN,,,,,,,David Heinemeier,Hansson,Silver,"Malibu, CA",DNK,,,,,,,Ryan,Dalziel,Gold,"Glasgow, Scotland",GBR,,,,,,,,,,,,,,,,,,,,,,,,,
21,021,24,2:01.011,+11.954,+8.586,179.1,57,Triarsi Competizione,GTD,,,Ferrari 296 GT3,M,,,,,,,,,,,Mike,Skeen,Silver,"Charlotte, NC",USA,,,,,,,Stevan,McAleer,Gold,"Glasgow, Scotland",GBR,,,,,,,Sheena,Monk,Bronze,"Newtown, PA",USA,,,,,,,,,,,,,,,,,,,,,,,,,
22,32,25,2:01.040,+11.983,+0.029,179.0,55,Korthoff Competition Motors,GTD,,,Mercedes-AMG GT3,M,,,,,,,,,,,Maximilian,Goetz,Platinum,"Uffenheim, Germany",DEU,,,,,,,Kenton,Koch,Silver,"Charlotte, NC",USA,,,,,,,Seth,Lucas,Silver,"Powell, OH",USA,,,,,,,,,,,,,,,,,,,,,,,,,
23,57,51,2:01.143,+12.086,+0.103,178.9,61,Winward Racing,GTD,,,Mercedes-AMG GT3,M,,,,,,,,,,,Indy,Dontje,Silver,"Bergen, Netherlands",NLD,,,,,,,Philip,Ellis,Gold,"Munich, Germany",GBR,,,,,,,Russell,Ward,Silver,"Seabrook, TX",USA,,,,,,,,,,,,,,,,,,,,,,,,,
24,023,4,2:01.254,+12.197,+0.111,178.7,48,Triarsi Competizione,GTD,,,Ferrari 296 GT3,M,,,,,,,,,,,Charles,Scardina,Bronze,"Miami, FL",USA,,,,,,,Onofrio,Triarsi,Silver,"Orlando, FL",USA,,,,,,,,,,,,,,,,,,,,,,,,,,,,,,,
25,80,66,2:01.407,+12.350,+0.153,178.5,81,Lone Star Racing,GTD,,,Mercedes-AMG GT3,M,,,,,,,,,,,Scott,Andrews,Gold,"Torquay, Australia",AUS,,,,,,,Eric,Filgueiras,Silver,"Cocoa, FL",USA,,,,,,,Dan,Knox,Bronze,"Celina, TX",USA,,,,,,,,,,,,,,,,,,,,,,,,,
26,78,74,2:01.596,+12.539,+0.189,178.2,77,Forte Racing,GTD,,,Lamborghini Huracan GT3 EVO2,M,,,,,,,,,,,Parker,Kligerman,Silver,"Westport, CT",USA,,,,,,,Franck,Perera,Platinum,"Montpellier, France",FRA,,,,,,,Mario,Farnbacher,Gold,"Ansbach, Germany",DEU,,,,,,,Misha,Goikhberg,Silver,"Woodbridge, ON",CAN,,,,,,,,,,,,,,,,,,,
27,34,50,2:01.646,+12.589,+0.050,178.1,59,Conquest Racing,GTD,,,Ferrari 296 GT3,M,,,,,,,,,,,Jaden,Conwright,Silver,"Newark, CA",USA,,,,,,,Jan,Heylen,Gold,"Dunedin, FL",BEL,,,,,,,,,,,,,,,,,,,,,,,,,,,,,,,
28,27,46,2:01.646,+12.589,+0.000,178.1,61,Heart of Racing Team,GTD,,,Aston Martin Vantage GT3 Evo,M,,,,,,,,,,,Casper,Stevenson,Silver,London,GBR,,,,,,,Tom,Gamble,Gold,"Nottingham, United Kingdom",GBR,,,,,,,,,,,,,,,,,,,,,,,,,,,,,,,
29,12,24,2:01.817,+12.760,+0.171,177.9,78,Vasser Sullivan Racing,GTD,,,Lexus RC F GT3,M,,,,,,,,,,,Ben,Barnicoat,Platinum,"Chesterfield, United Kingdom",GBR,,,,,,,Frankie,Montecalvo,Silver,"Highlands, NJ",USA,,,,,,,Parker,Thompson,Silver,"Red Deer, AB",CAN,,,,,,,Jack,Hawksworth,Gold,"Bradford, United Kingdom",GBR,,,,,,,,,,,,,,,,,,,
30,13,30,2:01.971,+12.914,+0.154,177.7,46,AWA,GTD,,,Corvette Z06 GT3.R,M,,,,,,,,,,,Lars,Kern,Silver,"Wiernsheim, Germany",DEU,,,,,,,Matthew,Bell,Gold,"Newcastle Upon Tyne, United Kingdom",GBR,,,,,,,Orey,Fidani,Bronze,"Toronto, ON",CAN,,,,,,,,,,,,,,,,,,,,,,,,,
31,45,5,2:02.169,+13.112,+0.198,177.4,38,Wayne Taylor Racing,GTD,,,Lamborghini Huracan GT3 EVO2,M,,,,,,,,,,,Graham,Doyle,Silver,"Belleair, FL",USA,,,,,,,Trent,Hindman,Gold,"Ocean Township, NJ",USA,,,,,,,Danny,Formal,Silver,"San Jose, Costa Rica",CRI,,,,,,,,,,,,,,,,,,,,,,,,,
32,48,56,2:02.237,+13.180,+0.068,177.3,57,Paul Miller Racing,GTDPRO,,,BMW M4 GT3 EVO,M,,,,,,,,,,,Jesse,Krohn,Gold,"Helsinki, Finland",FIN,,,,,,,Dan,Harper,Platinum,Belfast,GBR,,,,,,,Max,Hesse,Gold,"Wernau, Germany",DEU,,,,,,,,,,,,,,,,,,,,,,,,,
33,64,33,2:02.368,+13.311,+0.131,177.1,60,Ford Multimatic Motorsports,GTDPRO,,,Ford Mustang GT3,M,,,,,,,,,,,Ben,Barker,Gold,"Cambridge, UK",GBR,,,,,,,Sebastian,Priaulx,Gold,"Guernsey, United Kingdom",GBR,,,,,,,Mike,Rockenfeller,Platinum,"Altnau, Switzerland",DEU,,,,,,,,,,,,,,,,,,,,,,,,,
34,96,13,2:02.460,+13.403,+0.092,176.9,62,Turner Motorsport,GTD,,,BMW M4 GT3 EVO,M,,,,,,,,,,,Jake,Walker,Silver,"Phoenixville, PA",USA,,,,,,,Robby,Foley,Gold,"Randolph, NJ",USA,,,,,,,Patrick,Gallagher,Silver,"Thornville, OH",USA,,,,,,,,,,,,,,,,,,,,,,,,,
35,77,34,2:02.589,+13.532,+0.129,176.8,79,AO Racing,GTDPRO,,,Porsche 911 GT3 R (992),M,,,,,,,,,,,Jonny,Edgar,Silver,"Asby, United Kingdom",GBR,,,,,,,Klaus,Bachler,Platinum,"Unzmarkt, Austria",AUT,,,,,,,Laurin,Heinrich,Gold,"Würzburg, Germany",DEU,,,,,,,,,,,,,,,,,,,,,,,,,
36,1,18,2:02.607,+13.550,+0.018,176.7,24,Paul Miller Racing,GTDPRO,,,BMW M4 GT3 EVO,M,,,,,,,,,,,Connor,De Phillippi,Gold,"Cornelius, NC",USA,,,,,,,Madison,Snow,Gold,"Salt Lake City, UT",USA,,,,,,,Neil,Verhagen,Gold,"Mooresville, NC",USA,,,,,,,,,,,,,,,,,,,,,,,,,
37,120,7,2:02.646,+13.589,+0.039,176.7,44,Wright Motorsports,GTD,,,Porsche 911 GT3 R (992),M,,,,,,,,,,,Tom,Sargent,Silver,"Young, Australia",AUS,,,,,,,Elliott,Skeer,Gold,"San Diego, CA",USA,,,,,,,Adam,Adelson,Silver,"Los Angeles, CA",USA,,,,,,,,,,,,,,,,,,,,,,,,,
38,36,25,2:02.770,+13.713,+0.124,176.5,44,DXDT Racing,GTD,,,Corvette Z06 GT3.R,M,,,,,,,,,,,Charlie,Eastwood,Gold,"Belfast, Northern Ireland",IRL,,,,,,,Alec,Udell,Silver,"Austin, TX",USA,,,,,,,Salih,Yoluc,Silver,"London, United Kingdom",TUR,,,,,,,,,,,,,,,,,,,,,,,,,
39,65,63,2:02.824,+13.767,+0.054,176.4,78,Ford Multimatic Motorsports,GTDPRO,,,Ford Mustang GT3,M,,,,,,,,,,,Dennis,Olsen,Platinum,"Valer, Norway",NOR,,,,,,,Frederic,Vervisch,Gold,"Middelkerke, Belgium",BEL,,,,,,,Christopher,Mies,Platinum,"Erkrath, Germany",DEU,,,,,,,,,,,,,,,,,,,,,,,,,
40,14,0,,,,,0,Vasser Sullivan Racing,GTDPRO,,,Lexus RC F GT3,M,,,,,,,,,,,Kyle,Kirkwood,Gold,"Jupiter, FL",USA,,,,,,,Aaron,Telitz,Gold,"Birchwood, WI",USA,,,,,,,Ben,Barnicoat,Platinum,"Chesterfield, United Kingdom",GBR,,,,,,,,,,,,,,,,,,,,,,,,,
