﻿POS,NUMBER,LAP,TIME,GAP_FIRST,GAP_PREVIOUS,KPH, LAPS,TEAM,CLASS,GROUP,DIVISION,VEHICLE,TIRES,IMSA_CarId,IMSA_TeamId,IMSA_ClassId,IMSA_CarTypeId,IMSA_ManufacturerId,IMSA_TireId,IMSA_SponsorId,IMSA_EventEntryId,*Extra 9,*Extra 10,DRIVER1_FIRSTNAME,DRIVER1_SECONDNAME,DRIVER1_LICENSE,DRIVER1_HOMETOWN,DRIVER1_COUNTRY,DRIVER1_SHORTNAME,DRIVER1_IMSA_DriverId,DRIVER1_IMSA_DriverPlugId,DRIVER1_IMSA_DriverRatingLong,DRIVER1_*Extra 4,DRIVER1_*Extra 5,DRIVER2_FIRSTNAME,DRIVER2_SECONDNAME,DRIVER2_LICENSE,DRIVER2_HOMETOWN,DRIVER2_COUNTRY,DRIVER2_SHORTNAME,DRIVER2_IMSA_DriverId,DRIVER2_IMSA_DriverPlugId,DRIVER2_IMSA_DriverRatingLong,DRIVER2_*Extra 4,DRIVER2_*Extra 5,DRIVER3_FIRSTNAME,DRIVER3_SECONDNAME,DRIVER3_LICENSE,DRIVER3_HOMETOWN,DRIVER3_COUNTRY,DRIVER3_SHORTNAME,DRIVER3_IMSA_DriverId,DRIVER3_IMSA_DriverPlugId,DRIVER3_IMSA_DriverRatingLong,DRIVER3_*Extra 4,DRIVER3_*Extra 5,DRIVER4_FIRSTNAME,DRIVER4_SECONDNAME,DRIVER4_LICENSE,DRIVER4_HOMETOWN,DRIVER4_COUNTRY,DRIVER4_SHORTNAME,DRIVER4_IMSA_DriverId,DRIVER4_IMSA_DriverPlugId,DRIVER4_IMSA_DriverRatingLong,DRIVER4_*Extra 4,DRIVER4_*Extra 5,DRIVER5_FIRSTNAME,DRIVER5_SECONDNAME,DRIVER5_LICENSE,DRIVER5_HOMETOWN,DRIVER5_COUNTRY,DRIVER5_SHORTNAME,DRIVER5_IMSA_DriverId,DRIVER5_IMSA_DriverPlugId,DRIVER5_IMSA_DriverRatingLong,DRIVER5_*Extra 4,DRIVER5_*Extra 5,DRIVER6_FIRSTNAME,DRIVER6_SECONDNAME,DRIVER6_LICENSE,DRIVER6_HOMETOWN,DRIVER6_COUNTRY,DRIVER6_SHORTNAME,DRIVER6_IMSA_DriverId,DRIVER6_IMSA_DriverPlugId,DRIVER6_IMSA_DriverRatingLong,DRIVER6_*Extra 4,DRIVER6_*Extra 5,
1,65,56,1:47.822,-,-,191.3,69,Ford Multimatic Motorsports,GTDPRO,,,Ford Mustang GT3,M,,,,,,,,,,,Dennis,Olsen,Platinum,"Valer, Norway",NOR,,,,,,,Christopher,Mies,Platinum,"Erkrath, Germany",DEU,,,,,,,Frederic,Vervisch,Gold,"Middelkerke, Belgium",BEL,,,,,,,,,,,,,,,,,,,,,,,,,
2,64,5,1:48.091,+0.269,+0.269,190.8,52,Ford Multimatic Motorsports,GTDPRO,,,Ford Mustang GT3,M,,,,,,,,,,,Mike,Rockenfeller,Platinum,"Landschlacht, Switzerland",CHE,,,,,,,Seb,Priaulx,Gold,"Guernsey, United Kingdom",GBR,,,,,,,Ben,Barker,Gold,"Cambridge, UK",GBR,,,,,,,,,,,,,,,,,,,,,,,,,
3,77,4,1:48.160,+0.338,+0.069,190.7,73,AO Racing,GTDPRO,,,Porsche 911 GT3 R (992),M,,,,,,,,,,,Klaus,Bachler,Platinum,"Unzmarkt, Austria",AUT,,,,,,,Tom,Sargent,Silver,"Young, Australia",AUS,,,,,,,,,,,,,,,,,,,,,,,,,,,,,,,
4,120,15,1:48.221,+0.399,+0.061,190.6,60,Wright Motorsports,GTD,,,Porsche 911 GT3 R (992),M,,,,,,,,,,,Adam,Adelson,Silver,"Los Angeles, CA",USA,,,,,,,Elliott,Skeer,Silver,"San Diego, CA",USA,,,,,,,Loek,Hartog,Silver,Amsterdam,NLD,,,,,,,,,,,,,,,,,,,,,,,,,
5,14,21,1:48.868,+1.046,+0.647,189.5,69,VasserSullivan,GTDPRO,,,Lexus RC F GT3,M,,,,,,,,,,,Jack,Hawksworth,Gold,"Bradford, United Kingdom",GBR,,,,,,,Ben,Barnicoat,Platinum,"Chesterfield, United Kingdom",GBR,,,,,,,Kyle,Kirkwood,Gold,"Jupiter, FL",USA,,,,,,,Esteban,Masson,Silver,,FRA,,,,,,,,,,,,,,,,,,,
6,44,90,1:48.868,+1.046,+0.000,189.5,100,Magnus Racing,GTD,,,Aston Martin Vantage GT3 Evo,M,,,,,,,,,,,John,Potter,Bronze,"Salt Lake City, UT",USA,,,,,,,Andy,Lally,Gold,"Northport, NY",USA,,,,,,,Spencer,Pumpelly,Silver,"Atlanta, GA",USA,,,,,,,,,,,,,,,,,,,,,,,,,
7,19,38,1:49.072,+1.250,+0.204,189.1,92,van der Steur Racing,GTD,,,Aston Martin Vantage GT3 Evo,M,,,,,,,,,,,Eric,Filgueiras,Silver,,USA,,,,,,,Rory,van der Steur,Silver,"Chesapeake City, MD",USA,,,,,,,Valentin,Hasse-Clot,Gold,"Paris, France",FRA,,,,,,,Maxime,Robin,Silver,Le Mans,FRA,,,,,,,Brady,Behrman,Bronze,"Virginia Beach, VA",USA,,,,,,,,,,,,,
8,1,6,1:49.131,+1.309,+0.059,189.0,73,Paul Miller Racing,GTDPRO,,,BMW M4 GT3 EVO,M,,,,,,,,,,,Madison,Snow,Gold,"Salt Lake City, UT",USA,,,,,,,Neil,Verhagen,Gold,"Mooresville, NC",USA,,,,,,,,,,,,,,,,,,,,,,,,,,,,,,,
9,70,7,1:49.132,+1.310,+0.001,189.0,76,Inception Racing,GTD,,,Ferrari 296 GT3,M,,,,,,,,,,,Brendan,Iribe,Bronze,"Los Angeles, CA",USA,,,,,,,Frederik,Schandorff,Gold,"Aarhus, Denmark",DNK,,,,,,,Ollie,Millroy,Silver,"Reading, United Kingdom",GBR,,,,,,,Davide,Rigon,Platinum,"Cervia, Italy",ITA,,,,,,,,,,,,,,,,,,,
10,34,15,1:49.233,+1.411,+0.101,188.8,67,Conquest Racing,GTD,,,Ferrari 296 GT3,M,,,,,,,,,,,Manny,Franco,Silver,"Milwaukee, WI",USA,,,,,,,Cedric,Sbirrazzuoli,Silver,Monaco,MCO,,,,,,,Giacomo,Altoe,Gold,Adria,ITA,,,,,,,,,,,,,,,,,,,,,,,,,
11,36,6,1:49.484,+1.662,+0.251,188.4,87,DXDT Racing,GTD,,,Corvette Z06 GT3.R,M,,,,,,,,,,,Salih,Yoluc,Silver,"London, United Kingdom",GBR,,,,,,,Alec,Udell,Silver,"Austin, TX",USA,,,,,,,Charlie,Eastwood,Gold,"Belfast, Northern Ireland",IRL,,,,,,,Pipo,Derani,Platinum,"Sao Paulo, Brazil",BRA,,,,,,,,,,,,,,,,,,,
12,83,31,1:49.704,+1.882,+0.220,188.0,72,Iron Dames,GTD,,,Porsche 911 GT3 R (992),M,,,,,,,,,,,Claudio,Schiavoni,Bronze,"Bologna, Italy",ITA,,,,,,,Matteo,Cressoni,Silver,"Volta Mantovana, Italy",ITA,,,,,,,Rahel,Frey,Silver,"Aedermannsdorf, Switzerland",CHE,,,,,,,Karen,Gaillard,Silver,"Riaz, Fribourg",CHE,,,,,,,,,,,,,,,,,,,
