﻿POS,NUMBER,LAP,TIME,GAP_FIRST,GAP_PREVIOUS,KPH, LAPS,TEAM,CLASS,GROUP,DIVISION,VEHICLE,TIRES,IMSA_CarId,IMSA_TeamId,IMSA_ClassId,IMSA_CarTypeId,IMSA_ManufacturerId,IMSA_TireId,IMSA_SponsorId,IMSA_EventEntryId,*Extra 9,*Extra 10,DRIVER1_FIRSTNAME,DRIVER1_SECONDNAME,DRIVER1_LICENSE,DRIVER1_HOMETOWN,DRIVER1_COUNTRY,DRIVER1_SHORTNAME,DRIVER1_IMSA_DriverId,DRIVER1_IMSA_DriverPlugId,DRIVER1_IMSA_DriverRatingLong,DRIVER1_*Extra 4,DRIVER1_*Extra 5,DRIVER2_FIRSTNAME,DRIVER2_SECONDNAME,DRIVER2_LICENSE,DRIVER2_HOMETOWN,DRIVER2_COUNTRY,DRIVER2_SHORTNAME,DRIVER2_IMSA_DriverId,DRIVER2_IMSA_DriverPlugId,DRIVER2_IMSA_DriverRatingLong,DRIVER2_*Extra 4,DRIVER2_*Extra 5,DRIVER3_FIRSTNAME,DRIVER3_SECONDNAME,DRIVER3_LICENSE,DRIVER3_HOMETOWN,DRIVER3_COUNTRY,DRIVER3_SHORTNAME,DRIVER3_IMSA_DriverId,DRIVER3_IMSA_DriverPlugId,DRIVER3_IMSA_DriverRatingLong,DRIVER3_*Extra 4,DRIVER3_*Extra 5,DRIVER4_FIRSTNAME,DRIVER4_SECONDNAME,DRIVER4_LICENSE,DRIVER4_HOMETOWN,DRIVER4_COUNTRY,DRIVER4_SHORTNAME,DRIVER4_IMSA_DriverId,DRIVER4_IMSA_DriverPlugId,DRIVER4_IMSA_DriverRatingLong,DRIVER4_*Extra 4,DRIVER4_*Extra 5,DRIVER5_FIRSTNAME,DRIVER5_SECONDNAME,DRIVER5_LICENSE,DRIVER5_HOMETOWN,DRIVER5_COUNTRY,DRIVER5_SHORTNAME,DRIVER5_IMSA_DriverId,DRIVER5_IMSA_DriverPlugId,DRIVER5_IMSA_DriverRatingLong,DRIVER5_*Extra 4,DRIVER5_*Extra 5,DRIVER6_FIRSTNAME,DRIVER6_SECONDNAME,DRIVER6_LICENSE,DRIVER6_HOMETOWN,DRIVER6_COUNTRY,DRIVER6_SHORTNAME,DRIVER6_IMSA_DriverId,DRIVER6_IMSA_DriverPlugId,DRIVER6_IMSA_DriverRatingLong,DRIVER6_*Extra 4,DRIVER6_*Extra 5,
1,65,19,1:47.838,-,-,191.3,57,Ford Multimatic Motorsports,GTDPRO,,,Ford Mustang GT3,M,,,,,,,,,,,Dennis,Olsen,Platinum,"Valer, Norway",NOR,,,,,,,Christopher,Mies,Platinum,"Erkrath, Germany",DEU,,,,,,,Frederic,Vervisch,Gold,"Middelkerke, Belgium",BEL,,,,,,,,,,,,,,,,,,,,,,,,,
2,64,21,1:48.119,+0.281,+0.281,190.8,39,Ford Multimatic Motorsports,GTDPRO,,,Ford Mustang GT3,M,,,,,,,,,,,Mike,Rockenfeller,Platinum,"Landschlacht, Switzerland",CHE,,,,,,,Seb,Priaulx,Gold,"Guernsey, United Kingdom",GBR,,,,,,,Ben,Barker,Gold,"Cambridge, UK",GBR,,,,,,,,,,,,,,,,,,,,,,,,,
3,120,5,1:48.412,+0.574,+0.293,190.3,67,Wright Motorsports,GTD,,,Porsche 911 GT3 R (992),M,,,,,,,,,,,Adam,Adelson,Silver,"Los Angeles, CA",USA,,,,,,,Elliott,Skeer,Silver,"San Diego, CA",USA,,,,,,,Loek,Hartog,Silver,Amsterdam,NLD,,,,,,,,,,,,,,,,,,,,,,,,,
4,83,46,1:48.553,+0.715,+0.141,190.0,60,Iron Dames,GTD,,,Porsche 911 GT3 R (992),M,,,,,,,,,,,Claudio,Schiavoni,Bronze,"Bologna, Italy",ITA,,,,,,,Matteo,Cressoni,Silver,"Volta Mantovana, Italy",ITA,,,,,,,Rahel,Frey,Silver,"Aedermannsdorf, Switzerland",CHE,,,,,,,Karen,Gaillard,Silver,"Riaz, Fribourg",CHE,,,,,,,,,,,,,,,,,,,
5,44,43,1:48.817,+0.979,+0.264,189.5,71,Magnus Racing,GTD,,,Aston Martin Vantage GT3 Evo,M,,,,,,,,,,,John,Potter,Bronze,"Salt Lake City, UT",USA,,,,,,,Andy,Lally,Gold,"Northport, NY",USA,,,,,,,Spencer,Pumpelly,Silver,"Atlanta, GA",USA,,,,,,,,,,,,,,,,,,,,,,,,,
6,77,10,1:48.926,+1.088,+0.109,189.4,51,AO Racing,GTDPRO,,,Porsche 911 GT3 R (992),M,,,,,,,,,,,Klaus,Bachler,Platinum,"Unzmarkt, Austria",AUT,,,,,,,Tom,Sargent,Silver,"Young, Australia",AUS,,,,,,,,,,,,,,,,,,,,,,,,,,,,,,,
7,70,4,1:48.944,+1.106,+0.018,189.3,55,Inception Racing,GTD,,,Ferrari 296 GT3,M,,,,,,,,,,,Brendan,Iribe,Bronze,"Los Angeles, CA",USA,,,,,,,Frederik,Schandorff,Gold,"Aarhus, Denmark",DNK,,,,,,,Ollie,Millroy,Silver,"Reading, United Kingdom",GBR,,,,,,,Davide,Rigon,Platinum,"Cervia, Italy",ITA,,,,,,,,,,,,,,,,,,,
8,1,5,1:49.050,+1.212,+0.106,189.1,46,Paul Miller Racing,GTDPRO,,,BMW M4 GT3 EVO,M,,,,,,,,,,,Madison,Snow,Gold,"Salt Lake City, UT",USA,,,,,,,Neil,Verhagen,Gold,"Mooresville, NC",USA,,,,,,,,,,,,,,,,,,,,,,,,,,,,,,,
9,14,33,1:49.224,+1.386,+0.174,188.8,52,VasserSullivan,GTDPRO,,,Lexus RC F GT3,M,,,,,,,,,,,Jack,Hawksworth,Gold,"Bradford, United Kingdom",GBR,,,,,,,Ben,Barnicoat,Platinum,"Chesterfield, United Kingdom",GBR,,,,,,,Kyle,Kirkwood,Gold,"Jupiter, FL",USA,,,,,,,Esteban,Masson,Silver,,FRA,,,,,,,,,,,,,,,,,,,
10,19,27,1:49.236,+1.398,+0.012,188.8,78,van der Steur Racing,GTD,,,Aston Martin Vantage GT3 Evo,M,,,,,,,,,,,Eric,Filgueiras,Silver,,USA,,,,,,,Rory,van der Steur,Silver,"Chesapeake City, MD",USA,,,,,,,Valentin,Hasse-Clot,Gold,"Paris, France",FRA,,,,,,,Maxime,Robin,Silver,Le Mans,FRA,,,,,,,Brady,Behrman,Bronze,"Virginia Beach, VA",USA,,,,,,,,,,,,,
11,34,10,1:49.404,+1.566,+0.168,188.5,48,Conquest Racing,GTD,,,Ferrari 296 GT3,M,,,,,,,,,,,Manny,Franco,Silver,"Milwaukee, WI",USA,,,,,,,Cedric,Sbirrazzuoli,Silver,Monaco,MCO,,,,,,,Giacomo,Altoe,Gold,Adria,ITA,,,,,,,,,,,,,,,,,,,,,,,,,
12,36,15,1:50.079,+2.241,+0.675,187.4,43,DXDT Racing,GTD,,,Corvette Z06 GT3.R,M,,,,,,,,,,,Salih,Yoluc,Silver,"London, United Kingdom",GBR,,,,,,,Alec,Udell,Silver,"Austin, TX",USA,,,,,,,Charlie,Eastwood,Gold,"Belfast, Northern Ireland",IRL,,,,,,,Pipo,Derani,Platinum,"Sao Paulo, Brazil",BRA,,,,,,,,,,,,,,,,,,,
