﻿POS,NUMBER,LAP,TIME,GAP_FIRST,GAP_PREVIOUS,KPH, LAPS,TEAM,CLASS,GROUP,DIVISION,VEHICLE,TIRES,IMSA_CarId,IMSA_TeamId,IMSA_ClassId,IMSA_CarTypeId,IMSA_ManufacturerId,IMSA_TireId,IMSA_SponsorId,IMSA_EventEntryId,*Extra 9,*Extra 10,DRIVER1_FIRSTNAME,DRIVER1_SECONDNAME,DRIVER1_LICENSE,DRIVER1_HOMETOWN,DRIVER1_COUNTRY,DRIVER1_SHORTNAME,DRIVER1_IMSA_DriverId,DRIVER1_IMSA_DriverPlugId,DRIVER1_IMSA_DriverRatingLong,DRIVER1_*Extra 4,DRIVER1_*Extra 5,DRIVER2_FIRSTNAME,DRIVER2_SECONDNAME,DRIVER2_LICENSE,DRIVER2_HOMETOWN,DRIVER2_COUNTRY,DRIVER2_SHORTNAME,DRIVER2_IMSA_DriverId,DRIVER2_IMSA_DriverPlugId,DRIVER2_IMSA_DriverRatingLong,DRIVER2_*Extra 4,DRIVER2_*Extra 5,DRIVER3_FIRSTNAME,DRIVER3_SECONDNAME,DRIVER3_LICENSE,DRIVER3_HOMETOWN,DRIVER3_COUNTRY,DRIVER3_SHORTNAME,DRIVER3_IMSA_DriverId,DRIVER3_IMSA_DriverPlugId,DRIVER3_IMSA_DriverRatingLong,DRIVER3_*Extra 4,DRIVER3_*Extra 5,DRIVER4_FIRSTNAME,DRIVER4_SECONDNAME,DRIVER4_LICENSE,DRIVER4_HOMETOWN,DRIVER4_COUNTRY,DRIVER4_SHORTNAME,DRIVER4_IMSA_DriverId,DRIVER4_IMSA_DriverPlugId,DRIVER4_IMSA_DriverRatingLong,DRIVER4_*Extra 4,DRIVER4_*Extra 5,DRIVER5_FIRSTNAME,DRIVER5_SECONDNAME,DRIVER5_LICENSE,DRIVER5_HOMETOWN,DRIVER5_COUNTRY,DRIVER5_SHORTNAME,DRIVER5_IMSA_DriverId,DRIVER5_IMSA_DriverPlugId,DRIVER5_IMSA_DriverRatingLong,DRIVER5_*Extra 4,DRIVER5_*Extra 5,DRIVER6_FIRSTNAME,DRIVER6_SECONDNAME,DRIVER6_LICENSE,DRIVER6_HOMETOWN,DRIVER6_COUNTRY,DRIVER6_SHORTNAME,DRIVER6_IMSA_DriverId,DRIVER6_IMSA_DriverPlugId,DRIVER6_IMSA_DriverRatingLong,DRIVER6_*Extra 4,DRIVER6_*Extra 5,
1,01,56,1:11.637,-,-,159.2,57,Cadillac Racing,GTP,,,Cadillac V-Series.R,M,2398,339,44,200,7646,3,,16926,,,Renger,van der Zande,Platinum,,NLD,,3170,1,Platinum,,,Sebastien,Bourdais,Platinum,,FRA,,602,2,Platinum,,,,,,,,,,,,,,,,,,,,,,,,,,,
2,25,34,1:12.121,+0.484,+0.484,158.1,50,BMW M Team RLL,GTP,,,BMW M Hybrid V8,M,2155,395,44,190,74,3,,16924,,,Connor,De Phillippi,Gold,,USA,,698,2,Gold,,,Nick,Yelloly,Platinum,,GBR,,2205,1,Platinum,,,,,,,,,,,,,,,,,,,,,,,,,,,
3,31,46,1:12.218,+0.581,+0.097,157.9,52,Whelen Cadillac Racing,GTP,,,Cadillac V-Series.R,M,2399,344,44,200,7646,3,,16929,,,Pipo,Derani,Platinum,,BRA,,1083,3,Platinum,,,Jack,Aitken,Platinum,,GBR,,2986,4,Platinum,,,,,,,,,,,,,,,,,,,,,,,,,,,
4,24,35,1:12.454,+0.817,+0.236,157.4,43,BMW M Team RLL,GTP,,,BMW M Hybrid V8,M,2154,395,44,190,74,3,,16925,,,Jesse,Krohn,Gold,,FIN,,2414,2,Gold,,,Philipp,Eng,Platinum,,AUT,,883,1,Platinum,,,,,,,,,,,,,,,,,,,,,,,,,,,
5,6,7,1:12.579,+0.942,+0.125,157.1,46,Porsche Penske Motorsport,GTP,,,Porsche 963,M,2189,200,44,193,112,3,,16922,,,Nick,Tandy,Platinum,,GBR,,124,1,Platinum,,,Mathieu,Jaminet,Platinum,,LUX,,2707,2,Platinum,,,,,,,,,,,,,,,,,,,,,,,,,,,
6,7,20,1:12.740,+1.103,+0.161,156.7,43,Porsche Penske Motorsport,GTP,,,Porsche 963,M,2190,200,44,193,112,3,,16923,,,Dane,Cameron,Platinum,,USA,,54,1,Platinum,,,Felipe,Nasr,Platinum,,BRA,,1598,2,Platinum,,,,,,,,,,,,,,,,,,,,,,,,,,,
7,85,42,1:12.838,+1.201,+0.098,156.5,43,JDC-Miller MotorSports,GTP,,,Porsche 963,M,2538,15,44,193,112,3,,16930,,,Tijmen,van der Helm,Gold,,NLD,,2687,1,Gold,,,Richard,Westbrook,Platinum,,GBR,,3198,2,Platinum,,,,,,,,,,,,,,,,,,,,,,,,,,,
8,40,47,1:13.064,+1.427,+0.226,156.1,50,Wayne Taylor Racing with Andretti,GTP,,,Acura ARX-06,M,2529,277,44,195,7641,3,,16928,,,Jordan,Taylor,Platinum,,USA,,13,1,Platinum,,,Louis,Deletraz,Gold,,CHE,,3171,2,Gold,,,,,,,,,,,,,,,,,,,,,,,,,,,
9,10,20,1:13.112,+1.475,+0.048,156.0,49,Wayne Taylor Racing with Andretti,GTP,,,Acura ARX-06,M,2528,277,44,195,7641,3,,16927,,,Ricky,Taylor,Platinum,,USA,,608,1,Platinum,,,Filipe,Albuquerque,Platinum,,PRT,,1194,2,Platinum,,,,,,,,,,,,,,,,,,,,,,,,,,,
10,5,57,1:13.325,+1.688,+0.213,155.5,64,Proton Competition Mustang Sampling,GTP,,,Porsche 963,M,2632,536,44,193,112,3,,16931,,,Gianmaria,Bruni,Platinum,,ITA,,22,1,Platinum,,,Mike,Rockenfeller,Platinum,,CHE,,625,2,Platinum,,,,,,,,,,,,,,,,,,,,,,,,,,,
11,66,50,1:18.259,+6.622,+4.934,145.7,50,Gradient Racing,GTD,,,Acura NSX GT3,M,1416,328,4,43,7641,3,,16909,,,Sheena,Monk,Bronze,,USA,,1532,3,Bronze,,,Stevan,McAleer,Gold,,GBR,,460,2,Gold,,,,,,,,,,,,,,,,,,,,,,,,,,,
12,45,16,1:18.361,+6.724,+0.102,145.5,49,Wayne Taylor Racing with Andretti,GTD,,,Lamborghini Huracan GT3 EVO2,M,2530,277,4,194,1609,3,,16910,,,Kyle,Marcelli,Gold,,CAN,,88,1,Gold,,,Danny,Formal,Silver,,CRI,,2130,2,Silver,,,,,,,,,,,,,,,,,,,,,,,,,,,
13,34,34,1:18.382,+6.745,+0.021,145.5,52,Conquest Racing,GTD,,,Ferrari 296 GT3,M,2536,284,4,191,106,3,,16914,,,Manny,Franco,Silver,,USA,,2584,1,Silver,,,Albert,Costa Balboa,Platinum,,ESP,,3213,2,Platinum,,,,,,,,,,,,,,,,,,,,,,,,,,,
14,13,46,1:18.452,+6.815,+0.070,145.3,47,AWA,GTD,,,Chevrolet Corvette Z06 GT3.R,M,2514,217,4,232,105,3,,16906,,,Orey,Fidani,Bronze,,CAN,,973,1,Bronze,,,Matthew,Bell,Gold,,GBR,,424,2,Gold,,,,,,,,,,,,,,,,,,,,,,,,,,,
15,78,36,1:18.458,+6.821,+0.006,145.3,51,Forte Racing,GTD,,,Lamborghini Huracan GT3 EVO2,M,2531,499,4,194,1609,3,,16912,,,Misha,Goikhberg,Silver,,CAN,,168,1,Silver,,,Loris,Spinelli,Gold,,ITA,,2901,2,Gold,,,,,,,,,,,,,,,,,,,,,,,,,,,
16,27,41,1:18.524,+6.887,+0.066,145.2,43,Heart of Racing Team,GTD,,,Aston Martin Vantage GT3 Evo,M,1510,294,4,18,73,3,,16908,,,Roman,De Angelis,Gold,,CAN,,1379,1,Gold,,,Spencer,Pumpelly,Silver,,USA,,64,3,Silver,,,,,,,,,,,,,,,,,,,,,,,,,,,
17,120,40,1:18.531,+6.894,+0.007,145.2,54,Wright Motorsports,GTD,,,Porsche 911 GT3 R (992),M,2546,111,4,192,112,3,,16919,,,Adam,Adelson,Silver,,USA,,2868,1,Silver,,,Elliott,Skeer,Silver,,USA,,788,2,Silver,,,,,,,,,,,,,,,,,,,,,,,,,,,
18,12,32,1:18.581,+6.944,+0.050,145.1,53,VasserSullivan,GTD,,,Lexus RC F GT3,M,931,336,4,46,7644,3,,16916,,,Frankie,Montecalvo,Silver,,USA,,1279,1,Silver,,,Jack,Hawksworth,Gold,,GBR,,838,2,Gold,,,,,,,,,,,,,,,,,,,,,,,,,,,
19,70,15,1:18.657,+7.020,+0.076,145.0,47,Inception Racing,GTD,,,McLaren 720S GT3 EVO,M,1520,388,4,81,7651,3,,16915,,,Brendan,Iribe,Bronze,,USA,,2622,1,Bronze,,,Frederik,Schandorff,Gold,,DNK,,3179,2,Gold,,,,,,,,,,,,,,,,,,,,,,,,,,,
20,89,10,1:18.660,+7.023,+0.003,145.0,47,VasserSullivan,GTD,,,Lexus RC F GT3,M,2707,336,4,46,7644,3,,16918,,,Ben,Barnicoat,Platinum,,GBR,,2620,1,Platinum,,,Parker,Thompson,Silver,,CAN,,1877,2,Silver,,,,,,,,,,,,,,,,,,,,,,,,,,,
21,96,56,1:18.660,+7.023,+0.000,145.0,58,Turner Motorsport,GTD,,,BMW M4 GT3,M,1553,38,4,111,74,3,,16911,,,Robby,Foley,Gold,,USA,,1302,2,Gold,,,Patrick,Gallagher,Silver,,USA,,1593,1,Silver,,,,,,,,,,,,,,,,,,,,,,,,,,,
22,55,18,1:18.849,+7.212,+0.189,144.6,49,Proton Competition,GTD,,,Ford Mustang GT3,M,2549,461,4,231,107,3,,16920,,,Giammarco,Levorato,Silver,,ITA,,3257,3,,,,Corey,Lewis,Silver,,USA,,763,4,Silver,,,,,,,,,,,,,,,,,,,,,,,,,,,
23,43,30,1:18.968,+7.331,+0.119,144.4,52,Andretti Motorsports,GTD,,,Porsche 911 GT3 R (992),M,2533,500,4,192,112,3,,16913,,,Jarett,Andretti,Silver,,USA,,2292,1,Silver,,,Gabby,Chaves,Gold,,USA,,600,2,Gold,,,,,,,,,,,,,,,,,,,,,,,,,,,
24,86,25,1:18.984,+7.347,+0.016,144.4,60,MDK Motorsports,GTD,,,Porsche 911 GT3 R (992),M,2543,428,4,192,112,3,,16917,,,Kerong,Li,Silver,,CHN,,2627,1,Silver,,,Anders,Fjordbach,Silver,,DNK,,3177,2,Silver,,,,,,,,,,,,,,,,,,,,,,,,,,,
25,57,50,1:19.089,+7.452,+0.105,144.2,56,WINWARD RACING,GTD,,,Mercedes-AMG GT3,M,2330,304,4,224,7643,3,,16905,,,Russell,Ward,Silver,,USA,,1252,1,Silver,,,Philip,Ellis,Gold,,GBR,,1936,2,Gold,,,,,,,,,,,,,,,,,,,,,,,,,,,
26,28,57,1:19.311,+7.674,+0.222,143.8,57,Flying Lizard Motorsports,GTD,,,Aston Martin Vantage GT3 Evo,M,2708,91,4,18,73,3,,16921,,,Elias,Sabo,Bronze,,USA,,1269,1,Bronze,,,Andy,Lee,Silver,,USA,,1120,2,Silver,,,,,,,,,,,,,,,,,,,,,,,,,,,
27,32,0,,,,,0,Korthoff/Preston Motorsports,GTD,,,Mercedes-AMG GT3,M,2517,497,4,224,7643,3,,16907,,,Mike,Skeen,Silver,,USA,,830,4,Silver,,,Mikael,Grenier,Gold,,CAN,,1624,3,Gold,,,,,,,,,,,,,,,,,,,,,,,,,,,
