﻿POS,NUMBER,LAP,TIME,GAP_FIRST,GAP_PREVIOUS,KPH, LAPS,TEAM,CLASS,GROUP,DIVISION,VEHICLE,TIRES,IMSA_CarId,IMSA_TeamId,IMSA_ClassId,IMSA_CarTypeId,IMSA_ManufacturerId,IMSA_TireId,IMSA_SponsorId,IMSA_EventEntryId,*Extra 9,*Extra 10,DRIVER1_FIRSTNAME,DRIVER1_SECONDNAME,DRIVER1_LICENSE,DRIVER1_HOMETOWN,DRIVER1_COUNTRY,DRIVER1_SHORTNAME,DRIVER1_IMSA_DriverId,DRIVER1_IMSA_DriverPlugId,DRIVER1_IMSA_DriverRatingLong,DRIVER1_*Extra 4,DRIVER1_*Extra 5,DRIVER2_FIRSTNAME,DRIVER2_SECONDNAME,DRIVER2_LICENSE,DRIVER2_HOMETOWN,DRIVER2_COUNTRY,DRIVER2_SHORTNAME,DRIVER2_IMSA_DriverId,DRIVER2_IMSA_DriverPlugId,DRIVER2_IMSA_DriverRatingLong,DRIVER2_*Extra 4,DRIVER2_*Extra 5,DRIVER3_FIRSTNAME,DRIVER3_SECONDNAME,DRIVER3_LICENSE,DRIVER3_HOMETOWN,DRIVER3_COUNTRY,DRIVER3_SHORTNAME,DRIVER3_IMSA_DriverId,DRIVER3_IMSA_DriverPlugId,DRIVER3_IMSA_DriverRatingLong,DRIVER3_*Extra 4,DRIVER3_*Extra 5,DRIVER4_FIRSTNAME,DRIVER4_SECONDNAME,DRIVER4_LICENSE,DRIVER4_HOMETOWN,DRIVER4_COUNTRY,DRIVER4_SHORTNAME,DRIVER4_IMSA_DriverId,DRIVER4_IMSA_DriverPlugId,DRIVER4_IMSA_DriverRatingLong,DRIVER4_*Extra 4,DRIVER4_*Extra 5,DRIVER5_FIRSTNAME,DRIVER5_SECONDNAME,DRIVER5_LICENSE,DRIVER5_HOMETOWN,DRIVER5_COUNTRY,DRIVER5_SHORTNAME,DRIVER5_IMSA_DriverId,DRIVER5_IMSA_DriverPlugId,DRIVER5_IMSA_DriverRatingLong,DRIVER5_*Extra 4,DRIVER5_*Extra 5,DRIVER6_FIRSTNAME,DRIVER6_SECONDNAME,DRIVER6_LICENSE,DRIVER6_HOMETOWN,DRIVER6_COUNTRY,DRIVER6_SHORTNAME,DRIVER6_IMSA_DriverId,DRIVER6_IMSA_DriverPlugId,DRIVER6_IMSA_DriverRatingLong,DRIVER6_*Extra 4,DRIVER6_*Extra 5,
1,31,27,1:13.477,-,-,155.2,30,Whelen Cadillac Racing,GTP,,,Cadillac VSeries.R,M,2399,344,44,200,7646,3,,16929,,,Pipo,Derani,Platinum,,BRA,,1083,3,Platinum,,,Jack,Aitken,Platinum,,GBR,,2986,4,Platinum,,,,,,,,,,,,,,,,,,,,,,,,,,,
2,25,28,1:13.503,+0.026,+0.026,155.1,28,BMW M Team RLL,GTP,,,BMW M Hybrid V8,M,2155,395,44,190,74,3,,16924,,,Connor,De Phillippi,Gold,,USA,,698,2,Gold,,,Nick,Yelloly,Platinum,,GBR,,2205,1,Platinum,,,,,,,,,,,,,,,,,,,,,,,,,,,
3,01,7,1:13.531,+0.054,+0.028,155.1,9,Cadillac Racing,GTP,,,Cadillac VSeries.R,M,2398,339,44,200,7646,3,,16926,,,Renger,van der Zande,Platinum,,NLD,,3170,1,Platinum,,,Sebastien,Bourdais,Platinum,,FRA,,602,2,Platinum,,,,,,,,,,,,,,,,,,,,,,,,,,,
4,6,9,1:14.056,+0.579,+0.525,154.0,28,Porsche Penske Motorsport,GTP,,,Porsche 963,M,2189,200,44,193,112,3,,16922,,,Nick,Tandy,Platinum,,GBR,,124,1,Platinum,,,Mathieu,Jaminet,Platinum,,LUX,,2707,2,Platinum,,,,,,,,,,,,,,,,,,,,,,,,,,,
5,24,29,1:14.213,+0.736,+0.157,153.6,30,BMW M Team RLL,GTP,,,BMW M Hybrid V8,M,2154,395,44,190,74,3,,16925,,,Jesse,Krohn,Gold,,FIN,,2414,2,Gold,,,Philipp,Eng,Platinum,,AUT,,883,1,Platinum,,,,,,,,,,,,,,,,,,,,,,,,,,,
6,7,11,1:14.424,+0.947,+0.211,153.2,26,Porsche Penske Motorsport,GTP,,,Porsche 963,M,2190,200,44,193,112,3,,16923,,,Dane,Cameron,Platinum,,USA,,54,1,Platinum,,,Felipe,Nasr,Platinum,,BRA,,1598,2,Platinum,,,,,,,,,,,,,,,,,,,,,,,,,,,
7,85,24,1:14.598,+1.121,+0.174,152.8,27,JDC-Miller MotorSports,GTP,,,Porsche 963,M,2538,15,44,193,112,3,,16930,,,Tijmen,van der Helm,Gold,,NLD,,2687,1,Gold,,,Richard,Westbrook,Platinum,,GBR,,3198,2,Platinum,,,,,,,,,,,,,,,,,,,,,,,,,,,
8,5,8,1:15.235,+1.758,+0.637,151.6,33,Proton Competition Mustang Sampling,GTP,,,Porsche 963,M,2632,536,44,193,112,3,,16931,,,Gianmaria,Bruni,Platinum,,ITA,,22,1,Platinum,,,Mike,Rockenfeller,Platinum,,CHE,,625,2,Platinum,,,,,,,,,,,,,,,,,,,,,,,,,,,
9,10,14,1:15.239,+1.762,+0.004,151.5,23,Wayne Taylor Racing with Andretti,GTP,,,Acura ARX-06,M,2528,277,44,195,7641,3,,16927,,,Ricky,Taylor,Platinum,,USA,,608,1,Platinum,,,Filipe,Albuquerque,Platinum,,PRT,,1194,2,Platinum,,,,,,,,,,,,,,,,,,,,,,,,,,,
10,40,9,1:15.286,+1.809,+0.047,151.4,23,Wayne Taylor Racing with Andretti,GTP,,,Acura ARX-06,M,2529,277,44,195,7641,3,,16928,,,Jordan,Taylor,Platinum,,USA,,13,1,Platinum,,,Louis,Deletraz,Gold,,CHE,,3171,2,Gold,,,,,,,,,,,,,,,,,,,,,,,,,,,
11,13,26,1:18.911,+5.434,+3.625,144.5,29,AWA,GTD,,,Chevrolet Corvette Z06 GT3.R,M,2514,217,4,232,105,3,,16906,,,Orey,Fidani,Bronze,,CAN,,973,1,Bronze,,,Matthew,Bell,Gold,,GBR,,424,2,Gold,,,,,,,,,,,,,,,,,,,,,,,,,,,
12,89,27,1:19.055,+5.578,+0.144,144.2,28,VasserSullivan,GTD,,,Lexus RC F GT3,M,2707,336,4,46,7644,3,,16918,,,Ben,Barnicoat,Platinum,,GBR,,2620,1,Platinum,,,Parker,Thompson,Silver,,CAN,,1877,2,Silver,,,,,,,,,,,,,,,,,,,,,,,,,,,
13,45,29,1:19.150,+5.673,+0.095,144.1,29,Wayne Taylor Racing with Andretti,GTD,,,Lamborghini Huracan GT3 EVO2,M,2530,277,4,194,1609,3,,16910,,,Kyle,Marcelli,Gold,,CAN,,88,1,Gold,,,Danny,Formal,Silver,,CRI,,2130,2,Silver,,,,,,,,,,,,,,,,,,,,,,,,,,,
14,12,8,1:19.153,+5.676,+0.003,144.0,28,VasserSullivan,GTD,,,Lexus RC F GT3,M,931,336,4,46,7644,3,,16916,,,Frankie,Montecalvo,Silver,,USA,,1279,1,Silver,,,Jack,Hawksworth,Gold,,GBR,,838,2,Gold,,,,,,,,,,,,,,,,,,,,,,,,,,,
15,70,8,1:19.198,+5.721,+0.045,144.0,13,Inception Racing,GTD,,,McLaren 720S GT3 EVO,M,1520,388,4,81,7651,3,,16915,,,Brendan,Iribe,Bronze,,USA,,2622,1,Bronze,,,Frederik,Schandorff,Gold,,DNK,,3179,2,Gold,,,,,,,,,,,,,,,,,,,,,,,,,,,
16,96,14,1:19.203,+5.726,+0.005,144.0,24,Turner Motorsport,GTD,,,BMW M4 GT3,M,1553,38,4,111,74,3,,16911,,,Robby,Foley,Gold,,USA,,1302,2,Gold,,,Patrick,Gallagher,Silver,,USA,,1593,1,Silver,,,,,,,,,,,,,,,,,,,,,,,,,,,
17,120,29,1:19.210,+5.733,+0.007,143.9,30,Wright Motorsports,GTD,,,Porsche 911 GT3 R (992),M,2546,111,4,192,112,3,,16919,,,Adam,Adelson,Silver,,USA,,2868,1,Silver,,,Elliott,Skeer,Silver,,USA,,788,2,Silver,,,,,,,,,,,,,,,,,,,,,,,,,,,
18,78,9,1:19.293,+5.816,+0.083,143.8,28,Forte Racing,GTD,,,Lamborghini Huracan GT3 EVO2,M,2531,499,4,194,1609,3,,16912,,,Misha,Goikhberg,Silver,,CAN,,168,1,Silver,,,Loris,Spinelli,Gold,,ITA,,2901,2,Gold,,,,,,,,,,,,,,,,,,,,,,,,,,,
19,32,12,1:19.411,+5.934,+0.118,143.6,14,Korthoff/Preston Motorsports,GTD,,,Mercedes-AMG GT3,M,2517,497,4,224,7643,3,,16907,,,Mike,Skeen,Silver,,USA,,830,4,Silver,,,Mikael,Grenier,Gold,,CAN,,1624,3,Gold,,,,,,,,,,,,,,,,,,,,,,,,,,,
20,27,9,1:19.418,+5.941,+0.007,143.6,26,Heart of Racing Team,GTD,,,Aston Martin Vantage GT3 Evo,M,1510,294,4,18,73,3,,16908,,,Roman,De Angelis,Gold,,CAN,,1379,1,Gold,,,Spencer,Pumpelly,Silver,,USA,,64,3,Silver,,,,,,,,,,,,,,,,,,,,,,,,,,,
21,34,12,1:19.441,+5.964,+0.023,143.5,27,Conquest Racing,GTD,,,Ferrari 296 GT3,M,2536,284,4,191,106,3,,16914,,,Manny,Franco,Silver,,USA,,2584,1,Silver,,,Albert,Costa Balboa,Platinum,,ESP,,3213,2,Platinum,,,,,,,,,,,,,,,,,,,,,,,,,,,
22,43,17,1:19.445,+5.968,+0.004,143.5,28,Andretti Motorsports,GTD,,,Porsche 911 GT3 R (992),M,2533,500,4,192,112,3,,16913,,,Jarett,Andretti,Silver,,USA,,2292,1,Silver,,,Gabby,Chaves,Gold,,USA,,600,2,Gold,,,,,,,,,,,,,,,,,,,,,,,,,,,
23,57,27,1:19.666,+6.189,+0.221,143.1,29,WINWARD RACING,GTD,,,Mercedes-AMG GT3,M,2330,304,4,224,7643,3,,16905,,,Russell,Ward,Silver,,USA,,1252,1,Silver,,,Philip,Ellis,Gold,,GBR,,1936,2,Gold,,,,,,,,,,,,,,,,,,,,,,,,,,,
24,66,28,1:19.689,+6.212,+0.023,143.1,28,Gradient Racing,GTD,,,Acura NSX GT3,M,1416,328,4,43,7641,3,,16909,,,Sheena,Monk,Bronze,,USA,,1532,3,Bronze,,,Stevan,McAleer,Gold,,GBR,,460,2,Gold,,,,,,,,,,,,,,,,,,,,,,,,,,,
25,55,8,1:19.755,+6.278,+0.066,143.0,26,Proton Competition,GTD,,,Ford Mustang GT3,M,2549,461,4,231,107,3,,16920,,,Giammarco,Levorato,Silver,,ITA,,3257,3,,,,Corey,Lewis,Silver,,USA,,763,4,Silver,,,,,,,,,,,,,,,,,,,,,,,,,,,
26,86,18,1:20.051,+6.574,+0.296,142.4,29,MDK Motorsports,GTD,,,Porsche 911 GT3 R (992),M,2543,428,4,192,112,3,,16917,,,Kerong,Li,Silver,,CHN,,2627,1,Silver,,,Anders,Fjordbach,Silver,,DNK,,3177,2,Silver,,,,,,,,,,,,,,,,,,,,,,,,,,,
27,28,13,1:20.407,+6.930,+0.356,141.8,32,Flying Lizard Motorsports,GTD,,,Aston Martin Vantage GT3 Evo,M,2708,91,4,18,73,3,,16921,,,Elias,Sabo,Bronze,,USA,,1269,1,Bronze,,,Andy,Lee,Silver,,USA,,1120,2,Silver,,,,,,,,,,,,,,,,,,,,,,,,,,,
