﻿POS,NUMBER,LAP,TIME,GAP_FIRST,GAP_PREVIOUS,KPH, LAPS,TEAM,CLASS,GROUP,DIVISION,VEHICLE,TIRES,IMSA_CarId,IMSA_TeamId,IMSA_ClassId,IMSA_CarTypeId,IMSA_ManufacturerId,IMSA_TireId,IMSA_SponsorId,IMSA_EventEntryId,*Extra 9,*Extra 10,DRIVER1_FIRSTNAME,DRIVER1_SECONDNAME,DRIVER1_LICENSE,DRIVER1_HOMETOWN,DRIVER1_COUNTRY,DRIVER1_SHORTNAME,DRIVER1_IMSA_DriverId,DRIVER1_IMSA_DriverPlugId,DRIVER1_IMSA_DriverRatingLong,DRIVER1_*Extra 4,DRIVER1_*Extra 5,DRIVER2_FIRSTNAME,DRIVER2_SECONDNAME,DRIVER2_LICENSE,DRIVER2_HOMETOWN,DRIVER2_COUNTRY,DRIVER2_SHORTNAME,DRIVER2_IMSA_DriverId,DRIVER2_IMSA_DriverPlugId,DRIVER2_IMSA_DriverRatingLong,DRIVER2_*Extra 4,DRIVER2_*Extra 5,DRIVER3_FIRSTNAME,DRIVER3_SECONDNAME,DRIVER3_LICENSE,DRIVER3_HOMETOWN,DRIVER3_COUNTRY,DRIVER3_SHORTNAME,DRIVER3_IMSA_DriverId,DRIVER3_IMSA_DriverPlugId,DRIVER3_IMSA_DriverRatingLong,DRIVER3_*Extra 4,DRIVER3_*Extra 5,DRIVER4_FIRSTNAME,DRIVER4_SECONDNAME,DRIVER4_LICENSE,DRIVER4_HOMETOWN,DRIVER4_COUNTRY,DRIVER4_SHORTNAME,DRIVER4_IMSA_DriverId,DRIVER4_IMSA_DriverPlugId,DRIVER4_IMSA_DriverRatingLong,DRIVER4_*Extra 4,DRIVER4_*Extra 5,DRIVER5_FIRSTNAME,DRIVER5_SECONDNAME,DRIVER5_LICENSE,DRIVER5_HOMETOWN,DRIVER5_COUNTRY,DRIVER5_SHORTNAME,DRIVER5_IMSA_DriverId,DRIVER5_IMSA_DriverPlugId,DRIVER5_IMSA_DriverRatingLong,DRIVER5_*Extra 4,DRIVER5_*Extra 5,DRIVER6_FIRSTNAME,DRIVER6_SECONDNAME,DRIVER6_LICENSE,DRIVER6_HOMETOWN,DRIVER6_COUNTRY,DRIVER6_SHORTNAME,DRIVER6_IMSA_DriverId,DRIVER6_IMSA_DriverPlugId,DRIVER6_IMSA_DriverRatingLong,DRIVER6_*Extra 4,DRIVER6_*Extra 5,
1,7,6,1:48.651,-,-,199.4,30,Porsche Penske Motorsport,GTP,,,Porsche 963,M,,,,,,,,,,,Felipe,Nasr,Platinum,"Brasilia, Brazil",BRA,,,,,,,Nick,Tandy,Platinum,"Bedford, United Kingdom",GBR,,,,,,,Laurens,Vanthoor,Platinum,"Heusden-Zolder, Belgium",BEL,,,,,,,,,,,,,,,,,,,,,,,,,
2,93,7,1:48.796,+0.145,+0.145,199.2,27,Acura Meyer Shank Racing w/Curb Agajanian,GTP,,,Acura ARX-06,M,,,,,,,,,,,Renger,van der Zande,Platinum,"Amsterdam, Netherlands",NLD,,,,,,,Nick,Yelloly,Platinum,"Solihull, United Kingdom",GBR,,,,,,,Alex,Palou,Platinum,"Barcelona, Spain",ESP,,,,,,,,,,,,,,,,,,,,,,,,,
3,60,4,1:48.832,+0.181,+0.036,199.1,29,Acura Meyer Shank Racing w/Curb Agajanian,GTP,,,Acura ARX-06,M,,,,,,,,,,,Tom,Blomqvist,Platinum,"Cambridge, UK",GBR,,,,,,,Colin,Braun,Gold,"Ovalo, TX",USA,,,,,,,Scott,Dixon,Platinum,"Auckland, New Zealand",NZL,,,,,,,,,,,,,,,,,,,,,,,,,
4,6,4,1:49.006,+0.355,+0.174,198.8,15,Porsche Penske Motorsport,GTP,,,Porsche 963,M,,,,,,,,,,,Mathieu,Jaminet,Platinum,Andorra-La-Vella,FRA,,,,,,,Matt,Campbell,Platinum,"Warwick, Australia",AUS,,,,,,,Kevin,Estre,Platinum,"Lyon, France",FRA,,,,,,,,,,,,,,,,,,,,,,,,,
5,24,27,1:49.040,+0.389,+0.034,198.7,33,BMW M Team RLL,GTP,,,BMW M Hybrid V8,M,,,,,,,,,,,Philipp,Eng,Platinum,"Sankt Lorenz, Austria",AUT,,,,,,,Dries,Vanthoor,Platinum,"Zolder, Belgium",BEL,,,,,,,Kevin,Magnussen,Platinum,"Roskilde, Denmark",DNK,,,,,,,,,,,,,,,,,,,,,,,,,
6,10,19,1:49.050,+0.399,+0.010,198.7,29,Wayne Taylor Racing,GTP,,,Cadillac V-Series.R,M,,,,,,,,,,,Ricky,Taylor,Platinum,"Lake Mary, FL",USA,,,,,,,Filipe,Albuquerque,Platinum,"Coimbra, Portugal",PRT,,,,,,,Will,Stevens,Platinum,"Walton on Thames, United Kingdom",GBR,,,,,,,,,,,,,,,,,,,,,,,,,
7,31,7,1:49.185,+0.534,+0.135,198.5,28,Cadillac Whelen,GTP,,,Cadillac V-Series.R,M,,,,,,,,,,,Jack,Aitken,Platinum,"London, United Kingdom",GBR,,,,,,,Earl,Bamber,Platinum,"Wanganui, New Zealand",NZL,,,,,,,Frederik,Vesti,Platinum,"Billund, Denmark",DNK,,,,,,,,,,,,,,,,,,,,,,,,,
8,25,30,1:49.529,+0.878,+0.344,197.8,30,BMW M Team RLL,GTP,,,BMW M Hybrid V8,M,,,,,,,,,,,Marco,Wittmann,Platinum,"Fuerth, Germany",DEU,,,,,,,Sheldon,van der Linde,Platinum,"Johannesburg, South Africa",ZAF,,,,,,,Robin,Frijns,Platinum,Kreuzlingen,NLD,,,,,,,,,,,,,,,,,,,,,,,,,
9,85,7,1:49.550,+0.899,+0.021,197.8,30,JDC Miller MotorSports,GTP,,,Porsche 963,M,,,,,,,,,,,Tijmen,van der Helm,Gold,Den Hoorn,NLD,,,,,,,Gianmaria,Bruni,Platinum,"Rome, Italy",ITA,,,,,,,Nico,Mueller,Platinum,"Murgenthal, Switzerland",CHE,,,,,,,,,,,,,,,,,,,,,,,,,
10,5,17,1:49.782,+1.131,+0.232,197.4,30,Proton Competition,GTP,,,Porsche 963,M,,,,,,,,,,,Neel,Jani,Platinum,"Bellmund, Switzerland",CHE,,,,,,,Tristan,Vautier,Gold,"Grenoble, France",FRA,,,,,,,Nico,Pino,Silver,"Santiago, Chile",USA,,,,,,,,,,,,,,,,,,,,,,,,,
11,63,5,1:49.839,+1.188,+0.057,197.3,24,Automobili Lamborghini Squadra Corse,GTP,,,Lamborghini SC63,M,,,,,,,,,,,Mirko,Bortolotti,Platinum,"Riva del Garda, Italy",ITA,,,,,,,Romain,Grosjean,Platinum,"Geneva, Switzerland",FRA,,,,,,,Daniil,Kvyat,Platinum,"Ufa, Russia",RUS,,,,,,,,,,,,,,,,,,,,,,,,,
12,40,16,1:49.972,+1.321,+0.133,197.0,29,Wayne Taylor Racing,GTP,,,Cadillac V-Series.R,M,,,,,,,,,,,Jordan,Taylor,Platinum,"Orlando, FL",USA,,,,,,,Louis,Deletraz,Gold,"Geneva, Switzerland",SWZ,,,,,,,Brendon,Hartley,Platinum,"Palmerston North, New Zealand",NZL,,,,,,,,,,,,,,,,,,,,,,,,,
13,88,17,1:50.403,+1.752,+0.431,196.3,29,Af Corse,LMP2,,,ORECA LMP2 07,M,,,,,,,,,,,Luis,Perez Companc,Bronze,"Buenos Aires, Argentina",ARG,,,,,,,Matias,Perez Companc,Silver,"Buenos Aires, Argentina",ARG,,,,,,,Nicklas,Nielsen,Platinum,"Uldum, Denmark",DNK,,,,,,,,,,,,,,,,,,,,,,,,,
14,8,17,1:50.508,+1.857,+0.105,196.1,27,Tower Motorsports,LMP2,,,ORECA LMP2 07,M,,,,,,,,,,,John,Farano,Bronze,"Toronto, ON",CAN,,,,,,,Sebastian,Alvarez,Silver,"Mexico City, Mexico",MEX,,,,,,,Sebastien,Bourdais,Platinum,"Le Mans, France",FRA,,,,,,,,,,,,,,,,,,,,,,,,,
15,43,9,1:50.840,+2.189,+0.332,195.5,28,Inter Europol Competition,LMP2,,,ORECA LMP2 07,M,,,,,,,,,,,Tom,Dillmann,Gold,"Mulhouse, France",FRA,,,,,,,Bijoy,Garg,Silver,"Atherton, CA",USA,,,,,,,Jeremy,Clarke,Bronze,"Manhattan Beach, CA",USA,,,,,,,,,,,,,,,,,,,,,,,,,
16,74,8,1:50.868,+2.217,+0.028,195.4,28,Riley,LMP2,,,ORECA LMP2 07,M,,,,,,,,,,,Gar,Robinson,Bronze,"Austin, TX",USA,,,,,,,Felipe,Fraga,Gold,"Palmas, Brazil",BRA,,,,,,,Josh,Burdon,Silver,"Hobart, Australia",AUS,,,,,,,,,,,,,,,,,,,,,,,,,
17,22,4,1:50.886,+2.235,+0.018,195.4,25,United Autosports USA,LMP2,,,ORECA LMP2 07,M,,,,,,,,,,,Daniel,Goldburg,Bronze,"Delray Beach, FL",USA,,,,,,,Paul,Di Resta,Platinum,Monaco,GBR,,,,,,,Rasmus,Lindh,Silver,"Gothenburg, Sweden",SWE,,,,,,,,,,,,,,,,,,,,,,,,,
18,99,9,1:51.029,+2.378,+0.143,195.2,27,AO Racing,LMP2,,,ORECA LMP2 07,M,,,,,,,,,,,PJ,Hyett,Bronze,"St Charles, IL",USA,,,,,,,Dane,Cameron,Platinum,"Huntersville, NC",USA,,,,,,,Jonny,Edgar,Silver,"Asby, United Kingdom",GBR,,,,,,,,,,,,,,,,,,,,,,,,,
19,2,8,1:51.183,+2.532,+0.154,194.9,28,United Autosports USA,LMP2,,,ORECA LMP2 07,M,,,,,,,,,,,Nick,Boulle,Bronze,"Dallas, TX",USA,,,,,,,Juan,Correa,Silver,"Miami, FL",USA,,,,,,,Ben,Hanley,Gold,"Accrington, United Kingdom",GBR,,,,,,,,,,,,,,,,,,,,,,,,,
20,23,11,1:51.304,+2.653,+0.121,194.7,19,ASTON MARTIN THOR Team,GTP,,,Aston Martin Valkyrie,M,,,,,,,,,,,Ross,Gunn,Platinum,"Great Missenden, United K",GBR,,,,,,,Roman,De Angelis,Gold,"Windsor , ON",CAN,,,,,,,Alex,Riberas,Gold,"Barcelona, Spain",ESP,,,,,,,,,,,,,,,,,,,,,,,,,
21,11,13,1:51.415,+2.764,+0.111,194.5,28,TDS RACING,LMP2,,,ORECA LMP2 07,M,,,,,,,,,,,Steven,Thomas,Bronze,"Carl Junction, MO",USA,,,,,,,Mikkel,Jensen,Platinum,"Aarhus, Denmark",DNK,,,,,,,Hunter,McElrea,Silver,"Gold Coast, Australia",NZL,,,,,,,,,,,,,,,,,,,,,,,,,
22,04,7,1:51.484,+2.833,+0.069,194.4,30,Crowdstrike Racing by APR,LMP2,,,ORECA LMP2 07,M,,,,,,,,,,,George,Kurtz,Bronze,"Scottsdale, AZ",USA,,,,,,,Malthe,Jakobsen,Gold,Sennels,DNK,,,,,,,Toby,Sowery,Silver,"Cambridge, United Kingdom",GBR,,,,,,,,,,,,,,,,,,,,,,,,,
23,18,6,1:51.993,+3.342,+0.509,193.5,27,Era Motorsport,LMP2,,,ORECA LMP2 07,M,,,,,,,,,,,Kaku,Ohta,Gold,"Kyoto,Japan",JPN,,,,,,,David Heinemeier,Hansson,Silver,"Malibu, CA",DNK,,,,,,,Tobi,Lutke,Bronze,"Toronto, Canada",CAN,,,,,,,,,,,,,,,,,,,,,,,,,
24,52,5,1:52.394,+3.743,+0.401,192.8,27,PR1 Mathiasen Motorsports,LMP2,,,ORECA LMP2 07,M,,,,,,,,,,,Rodrigo,Sales,Bronze,"Crystal Bay, NV",USA,,,,,,,Benjamin,Pedersen,Silver,Copenhagen,USA,,,,,,,Mathias,Beche,Gold,Veigy,CHE,,,,,,,,,,,,,,,,,,,,,,,,,
25,73,13,1:53.868,+5.217,+1.474,190.3,27,Pratt Miller Motorsports,LMP2,,,ORECA LMP2 07,M,,,,,,,,,,,Pietro,Fittipaldi,Gold,"Miami, FL",BRA,,,,,,,James,Roe,Silver,Naas,IRL,,,,,,,Chris,Cumming,Bronze,Vancouver,CAN,,,,,,,,,,,,,,,,,,,,,,,,,
26,57,21,2:00.767,+12.116,+6.899,179.4,24,Winward Racing,GTD,,,Mercedes-AMG GT3,M,,,,,,,,,,,Russell,Ward,Silver,"Seabrook, TX",USA,,,,,,,Philip,Ellis,Gold,"Munich, Germany",GBR,,,,,,,Indy,Dontje,Silver,"Bergen, Netherlands",NLD,,,,,,,,,,,,,,,,,,,,,,,,,
27,32,25,2:00.839,+12.188,+0.072,179.3,25,Korthoff Competition Motors,GTD,,,Mercedes-AMG GT3,M,,,,,,,,,,,Seth,Lucas,Silver,"Powell, OH",USA,,,,,,,Kenton,Koch,Silver,"Charlotte, NC",USA,,,,,,,Maximilian,Goetz,Platinum,"Uffenheim, Germany",DEU,,,,,,,,,,,,,,,,,,,,,,,,,
28,81,7,2:00.866,+12.215,+0.027,179.3,27,DragonSpeed,GTDPRO,,,Ferrari 296 GT3,M,,,,,,,,,,,Albert,Costa,Platinum,Andorra,ESP,,,,,,,Davide,Rigon,Platinum,"Cervia, Italy",ITA,,,,,,,Giacomo,Altoè,Gold,"Adria, Italy",ITA,,,,,,,,,,,,,,,,,,,,,,,,,
29,77,7,2:00.900,+12.249,+0.034,179.2,26,AO Racing,GTDPRO,,,Porsche 911 GT3 R (992),M,,,,,,,,,,,Laurin,Heinrich,Gold,"Würzburg, Germany",DEU,,,,,,,Klaus,Bachler,Platinum,"Unzmarkt, Austria",AUT,,,,,,,Alessio,Picariello,Gold,"Namur, Belgium",BEL,,,,,,,,,,,,,,,,,,,,,,,,,
30,34,5,2:00.922,+12.271,+0.022,179.2,24,Conquest Racing,GTD,,,Ferrari 296 GT3,M,,,,,,,,,,,Manny,Franco,Silver,"Milwaukee, WI",USA,,,,,,,Daniel,Serra,Platinum,"Sao Paulo, Brazil",BRA,,,,,,,Cedric,Sbirrazzuoli,Silver,Monaco,MCO,,,,,,,,,,,,,,,,,,,,,,,,,
31,21,9,2:00.936,+12.285,+0.014,179.2,21,Af Corse,GTD,,,Ferrari 296 GT3,M,,,,,,,,,,,Simon,Mann,Silver,"Lausanne, Switzerland",USA,,,,,,,Lilou,Wadoux Ducellier,Silver,"Amiens, France",FRA,,,,,,,Alessandro,Pier Guidi,Platinum,"Tortona, Italy",ITA,,,,,,,,,,,,,,,,,,,,,,,,,
32,12,6,2:00.959,+12.308,+0.023,179.1,23,Vasser Sullivan Racing,GTD,,,Lexus RC F GT3,M,,,,,,,,,,,Jack,Hawksworth,Gold,"Bradford, United Kingdom",GBR,,,,,,,Parker,Thompson,Silver,"Red Deer, AB",CAN,,,,,,,Frankie,Montecalvo,Silver,"Highlands, NJ",USA,,,,,,,,,,,,,,,,,,,,,,,,,
33,64,7,2:01.049,+12.398,+0.090,179.0,22,Ford Multimatic Motorsports,GTDPRO,,,Ford Mustang GT3,M,,,,,,,,,,,Mike,Rockenfeller,Platinum,"Altnau, Switzerland",DEU,,,,,,,Sebastian,Priaulx,Gold,"Guernsey, United Kingdom",GBR,,,,,,,Ben,Barker,Gold,"Cambridge, UK",GBR,,,,,,,,,,,,,,,,,,,,,,,,,
34,1,4,2:01.058,+12.407,+0.009,179.0,24,Paul Miller Racing,GTDPRO,,,BMW M4 GT3 EVO,M,,,,,,,,,,,Madison,Snow,Gold,"Salt Lake City, UT",USA,,,,,,,Neil,Verhagen,Gold,"Mooresville, NC",USA,,,,,,,Connor,De Phillippi,Gold,"Cornelius, NC",USA,,,,,,,,,,,,,,,,,,,,,,,,,
35,13,13,2:01.086,+12.435,+0.028,178.9,24,AWA,GTD,,,Chevrolet Corvette Z06 GT3.R,M,,,,,,,,,,,Orey,Fidani,Bronze,"Toronto, ON",CAN,,,,,,,Matthew,Bell,Gold,"Newcastle Upon Tyne, United Kingdom",GBR,,,,,,,Lars,Kern,Silver,"Wiernsheim, Germany",DEU,,,,,,,,,,,,,,,,,,,,,,,,,
36,3,8,2:01.189,+12.538,+0.103,178.8,27,Corvette Racing by Pratt Miller Motorsports,GTDPRO,,,Chevrolet Corvette Z06 GT3.R,M,,,,,,,,,,,Antonio,Garcia,Platinum,"Madrid, Spain",ESP,,,,,,,Alexander,Sims,Platinum,"Kidderminster, United Kingdom",GBR,,,,,,,Daniel,Juncadella,Platinum,"Barcelona, Spain",ESP,,,,,,,,,,,,,,,,,,,,,,,,,
37,78,4,2:01.202,+12.551,+0.013,178.8,22,Forte Racing,GTD,,,Lamborghini Huracan GT3 EVO2,M,,,,,,,,,,,Misha,Goikhberg,Silver,"Woodbridge, ON",CAN,,,,,,,Mario,Farnbacher,Gold,"Ansbach, Germany",DEU,,,,,,,Parker,Kligerman,Silver,"Westport, CT",USA,,,,,,,,,,,,,,,,,,,,,,,,,
38,4,26,2:01.252,+12.601,+0.050,178.7,28,Corvette Racing by Pratt Miller Motorsports,GTDPRO,,,Chevrolet Corvette Z06 GT3.R,M,,,,,,,,,,,Tommy,Milner,Platinum,"Middleburg, VA",USA,,,,,,,Nicky,Catsburg,Platinum,"Amersfoort, Netherlands",NLD,,,,,,,Nico,Varrone,Gold,"Escobar, Argentina",ARG,,,,,,,,,,,,,,,,,,,,,,,,,
39,48,13,2:01.262,+12.611,+0.010,178.7,26,Paul Miller Racing,GTDPRO,,,BMW M4 GT3 EVO,M,,,,,,,,,,,Max,Hesse,Gold,"Wernau, Germany",DEU,,,,,,,Dan,Harper,Platinum,Belfast,GBR,,,,,,,Jesse,Krohn,Gold,"Helsinki, Finland",FIN,,,,,,,,,,,,,,,,,,,,,,,,,
40,47,5,2:01.286,+12.635,+0.024,178.7,26,CETILAR RACING,GTD,,,Ferrari 296 GT3,M,,,,,,,,,,,Lorenzo,Patrese,Silver,"Padua, Italy",ITA,,,,,,,Giorgio,Sernagiotto,Silver,"Asolo, Italy",ITA,,,,,,,Antonio,Fuoco,Platinum,Monaco,ITA,,,,,,,,,,,,,,,,,,,,,,,,,
41,80,25,2:01.299,+12.648,+0.013,178.6,26,Lone Star Racing,GTD,,,Mercedes-AMG GT3,M,,,,,,,,,,,Dan,Knox,Bronze,"Celina, TX",USA,,,,,,,Eric,Filgueiras,Silver,"Cocoa, FL",USA,,,,,,,Scott,Andrews,Gold,"Torquay, Australia",AUS,,,,,,,,,,,,,,,,,,,,,,,,,
42,14,5,2:01.328,+12.677,+0.029,178.6,23,Vasser Sullivan Racing,GTDPRO,,,Lexus RC F GT3,M,,,,,,,,,,,Aaron,Telitz,Gold,"Birchwood, WI",USA,,,,,,,Kyle,Kirkwood,Gold,"Jupiter, FL",USA,,,,,,,Jose Maria,Lopez,Platinum,"Rio Tercero, Cordoba",ARG,,,,,,,,,,,,,,,,,,,,,,,,,
43,65,8,2:01.378,+12.727,+0.050,178.5,25,Ford Multimatic Motorsports,GTDPRO,,,Ford Mustang GT3,M,,,,,,,,,,,Christopher,Mies,Platinum,"Erkrath, Germany",DEU,,,,,,,Frederic,Vervisch,Gold,"Middelkerke, Belgium",BEL,,,,,,,Dennis,Olsen,Platinum,"Valer, Norway",NOR,,,,,,,,,,,,,,,,,,,,,,,,,
44,023,5,2:01.409,+12.758,+0.031,178.5,23,Triarsi Competizione,GTD,,,Ferrari 296 GT3,M,,,,,,,,,,,Onofrio,Triarsi,Silver,"Orlando, FL",USA,,,,,,,Charles,Scardina,Bronze,"Miami, FL",USA,,,,,,,Alessio,Rovera,Platinum,"Varese, Italy",ITA,,,,,,,,,,,,,,,,,,,,,,,,,
45,120,11,2:01.505,+12.854,+0.096,178.3,23,Wright Motorsports,GTD,,,Porsche 911 GT3 R (992),M,,,,,,,,,,,Adam,Adelson,Silver,"Los Angeles, CA",USA,,,,,,,Elliott,Skeer,Gold,"San Diego, CA",USA,,,,,,,Tom,Sargent,Silver,"Young, Australia",AUS,,,,,,,,,,,,,,,,,,,,,,,,,
46,36,9,2:01.527,+12.876,+0.022,178.3,22,DXDT Racing,GTD,,,Chevrolet Corvette Z06 GT3.R,M,,,,,,,,,,,Salih,Yoluc,Silver,"London, United Kingdom",TUR,,,,,,,Alec,Udell,Silver,"Austin, TX",USA,,,,,,,Charlie,Eastwood,Gold,"Belfast, Northern Ireland",IRL,,,,,,,,,,,,,,,,,,,,,,,,,
47,27,9,2:01.541,+12.890,+0.014,178.3,11,Heart of Racing Team,GTD,,,Aston Martin Vantage GT3 Evo,M,,,,,,,,,,,Tom,Gamble,Gold,"Nottingham, United Kingdom",GBR,,,,,,,Casper,Stevenson,Silver,London,GBR,,,,,,,Zacharie,Robichon,Silver,"Ottawa, ON",CAN,,,,,,,,,,,,,,,,,,,,,,,,,
48,70,9,2:01.559,+12.908,+0.018,178.3,27,Inception Racing,GTD,,,Ferrari 296 GT3,M,,,,,,,,,,,Brendan,Iribe,Bronze,"Los Angeles, CA",USA,,,,,,,Frederik,Schandorff,Gold,"Aarhus, Denmark",DNK,,,,,,,Ollie,Millroy,Silver,"Reading, United Kingdom",GBR,,,,,,,,,,,,,,,,,,,,,,,,,
49,83,13,2:01.563,+12.912,+0.004,178.2,26,Iron Dames,GTD,,,Porsche 911 GT3 R (992),M,,,,,,,,,,,Sarah,Bovy,Silver,"Brussels, Belgium",BEL,,,,,,,Rahel,Frey,Silver,"Aedermannsdorf, Switzerland",CHE,,,,,,,Michelle,Gatting,Gold,"Vedbaek, Denmark",DNK,,,,,,,,,,,,,,,,,,,,,,,,,
50,96,22,2:01.618,+12.967,+0.055,178.2,23,Turner Motorsport,GTD,,,BMW M4 GT3 EVO,M,,,,,,,,,,,Patrick,Gallagher,Silver,"Thornville, OH",USA,,,,,,,Robby,Foley,Gold,"Randolph, NJ",USA,,,,,,,Jake,Walker,Silver,"Phoenixville, PA",USA,,,,,,,,,,,,,,,,,,,,,,,,,
51,9,8,2:01.726,+13.075,+0.108,178.0,17,Pfaff Motorsports,GTDPRO,,,Lamborghini Huracan GT3 EVO2,M,,,,,,,,,,,Andrea,Caldarelli,Platinum,"Pescara, Italy",ITA,,,,,,,Marco,Mapelli,Platinum,"Lugano, Italy",ITA,,,,,,,James,Hinchcliffe,Gold,"Oakville, Canada",CAN,,,,,,,,,,,,,,,,,,,,,,,,,
52,66,5,2:01.880,+13.229,+0.154,177.8,24,Gradient Racing,GTD,,,Ford Mustang GT3,M,,,,,,,,,,,Joey,Hand,Gold,"Wilton, CA",USA,,,,,,,Till,Bechtolsheimer,Bronze,"Ampney St. Peter, United Kingdom",GBR,,,,,,,Tati,Calderon,Silver,"Bogota City, Colombia",COL,,,,,,,,,,,,,,,,,,,,,,,,,
53,021,5,2:02.074,+13.423,+0.194,177.5,18,Triarsi Competizione,GTD,,,Ferrari 296 GT3,M,,,,,,,,,,,Sheena,Monk,Bronze,"Newtown, PA",USA,,,,,,,Stevan,McAleer,Gold,"Glasgow, Scotland",GBR,,,,,,,Mike,Skeen,Silver,"Charlotte, NC",USA,,,,,,,,,,,,,,,,,,,,,,,,,
54,20,7,2:02.158,+13.507,+0.084,177.4,26,Proton Competition,GTDPRO,,,Porsche 911 GT3 R (992),M,,,,,,,,,,,Claudio,Schiavoni,Bronze,"Bologna, Italy",ITA,,,,,,,Matteo,Cressoni,Silver,"Volta Mantovana, Italy",ITA,,,,,,,Richard,Lietz,Platinum,"Ybbsitz, Austria",AUT,,,,,,,,,,,,,,,,,,,,,,,,,
55,19,6,2:02.187,+13.536,+0.029,177.3,25,van der Steur Racing,GTD,,,Aston Martin Vantage GT3 Evo,M,,,,,,,,,,,Rory,van der Steur,Silver,"Chesapeake City, MD",USA,,,,,,,Valentin,Hasse-Clot,Gold,"Paris, France",FRA,,,,,,,Anthony,McIntosh,Bronze,"Milwaukee, WI",USA,,,,,,,,,,,,,,,,,,,,,,,,,
56,45,4,2:02.362,+13.711,+0.175,177.1,4,Wayne Taylor Racing,GTD,,,Lamborghini Huracan GT3 EVO2,M,,,,,,,,,,,Danny,Formal,Silver,"San Jose, Costa Rica",CRI,,,,,,,Trent,Hindman,Gold,"Ocean Township, NJ",USA,,,,,,,Graham,Doyle,Silver,"Belleair, FL",USA,,,,,,,,,,,,,,,,,,,,,,,,,
