﻿POS,NUMBER,LAP,TIME,GAP_FIRST,GAP_PREVIOUS,KPH, LAPS,TEAM,CLASS,GROUP,DIVISION,VEHICLE,TIRES,IMSA_CarId,IMSA_TeamId,IMSA_ClassId,IMSA_CarTypeId,IMSA_ManufacturerId,IMSA_TireId,IMSA_SponsorId,IMSA_EventEntryId,*Extra 9,*Extra 10,DRIVER1_FIRSTNAME,DRIVER1_SECONDNAME,DRIVER1_LICENSE,DRIVER1_HOMETOWN,DRIVER1_COUNTRY,DRIVER1_SHORTNAME,DRIVER1_IMSA_DriverId,DRIVER1_IMSA_DriverPlugId,DRIVER1_IMSA_DriverRatingLong,DRIVER1_*Extra 4,DRIVER1_*Extra 5,DRIVER2_FIRSTNAME,DRIVER2_SECONDNAME,DRIVER2_LICENSE,DRIVER2_HOMETOWN,DRIVER2_COUNTRY,DRIVER2_SHORTNAME,DRIVER2_IMSA_DriverId,DRIVER2_IMSA_DriverPlugId,DRIVER2_IMSA_DriverRatingLong,DRIVER2_*Extra 4,DRIVER2_*Extra 5,DRIVER3_FIRSTNAME,DRIVER3_SECONDNAME,DRIVER3_LICENSE,DRIVER3_HOMETOWN,DRIVER3_COUNTRY,DRIVER3_SHORTNAME,DRIVER3_IMSA_DriverId,DRIVER3_IMSA_DriverPlugId,DRIVER3_IMSA_DriverRatingLong,DRIVER3_*Extra 4,DRIVER3_*Extra 5,DRIVER4_FIRSTNAME,DRIVER4_SECONDNAME,DRIVER4_LICENSE,DRIVER4_HOMETOWN,DRIVER4_COUNTRY,DRIVER4_SHORTNAME,DRIVER4_IMSA_DriverId,DRIVER4_IMSA_DriverPlugId,DRIVER4_IMSA_DriverRatingLong,DRIVER4_*Extra 4,DRIVER4_*Extra 5,DRIVER5_FIRSTNAME,DRIVER5_SECONDNAME,DRIVER5_LICENSE,DRIVER5_HOMETOWN,DRIVER5_COUNTRY,DRIVER5_SHORTNAME,DRIVER5_IMSA_DriverId,DRIVER5_IMSA_DriverPlugId,DRIVER5_IMSA_DriverRatingLong,DRIVER5_*Extra 4,DRIVER5_*Extra 5,DRIVER6_FIRSTNAME,DRIVER6_SECONDNAME,DRIVER6_LICENSE,DRIVER6_HOMETOWN,DRIVER6_COUNTRY,DRIVER6_SHORTNAME,DRIVER6_IMSA_DriverId,DRIVER6_IMSA_DriverPlugId,DRIVER6_IMSA_DriverRatingLong,DRIVER6_*Extra 4,DRIVER6_*Extra 5,
1,24,6,1:47.091,-,-,202.3,7,BMW M Team RLL,GTP,,,BMW M Hybrid V8,M,,,,,,,,,,,Philipp,Eng,Platinum,"Sankt Lorenz, Austria",AUT,,,,,,,Dries,Vanthoor,Platinum,"Zolder, Belgium",BEL,,,,,,,Kevin,Magnussen,Platinum,"Roskilde, Denmark",DNK,,,,,,,,,,,,,,,,,,,,,,,,,
2,60,6,1:47.116,+0.025,+0.025,202.3,6,Acura Meyer Shank Racing w/Curb Agajanian,GTP,,,Acura ARX-06,M,,,,,,,,,,,Tom,Blomqvist,Platinum,"Cambridge, UK",GBR,,,,,,,Colin,Braun,Gold,"Ovalo, TX",USA,,,,,,,Scott,Dixon,Platinum,"Auckland, New Zealand",NZL,,,,,,,,,,,,,,,,,,,,,,,,,
3,7,4,1:47.522,+0.431,+0.406,201.5,5,Porsche Penske Motorsport,GTP,,,Porsche 963,M,,,,,,,,,,,Felipe,Nasr,Platinum,"Brasilia, Brazil",BRA,,,,,,,Nick,Tandy,Platinum,"Bedford, United Kingdom",GBR,,,,,,,Laurens,Vanthoor,Platinum,"Heusden-Zolder, Belgium",BEL,,,,,,,,,,,,,,,,,,,,,,,,,
4,6,3,1:47.598,+0.507,+0.076,201.4,4,Porsche Penske Motorsport,GTP,,,Porsche 963,M,,,,,,,,,,,Mathieu,Jaminet,Platinum,Andorra-La-Vella,FRA,,,,,,,Matt,Campbell,Platinum,"Warwick, Australia",AUS,,,,,,,Kevin,Estre,Platinum,"Lyon, France",FRA,,,,,,,,,,,,,,,,,,,,,,,,,
5,5,5,1:48.074,+0.983,+0.476,200.5,5,Proton Competition,GTP,,,Porsche 963,M,,,,,,,,,,,Neel,Jani,Platinum,"Bellmund, Switzerland",CHE,,,,,,,Tristan,Vautier,Gold,"Grenoble, France",FRA,,,,,,,Nico,Pino,Silver,"Santiago, Chile",USA,,,,,,,,,,,,,,,,,,,,,,,,,
6,93,4,1:48.108,+1.017,+0.034,200.4,4,Acura Meyer Shank Racing w/Curb Agajanian,GTP,,,Acura ARX-06,M,,,,,,,,,,,Renger,van der Zande,Platinum,"Amsterdam, Netherlands",NLD,,,,,,,Nick,Yelloly,Platinum,"Solihull, United Kingdom",GBR,,,,,,,Alex,Palou,Platinum,"Barcelona, Spain",ESP,,,,,,,,,,,,,,,,,,,,,,,,,
7,40,5,1:48.126,+1.035,+0.018,200.4,5,Wayne Taylor Racing,GTP,,,Cadillac V-Series.R,M,,,,,,,,,,,Jordan,Taylor,Platinum,"Orlando, FL",USA,,,,,,,Louis,Deletraz,Gold,"Geneva, Switzerland",SWZ,,,,,,,Brendon,Hartley,Platinum,"Palmerston North, New Zealand",NZL,,,,,,,,,,,,,,,,,,,,,,,,,
8,10,5,1:48.171,+1.080,+0.045,200.3,5,Wayne Taylor Racing,GTP,,,Cadillac V-Series.R,M,,,,,,,,,,,Ricky,Taylor,Platinum,"Lake Mary, FL",USA,,,,,,,Filipe,Albuquerque,Platinum,"Coimbra, Portugal",PRT,,,,,,,Will,Stevens,Platinum,"Walton on Thames, United Kingdom",GBR,,,,,,,,,,,,,,,,,,,,,,,,,
9,85,5,1:48.228,+1.137,+0.057,200.2,5,JDC Miller MotorSports,GTP,,,Porsche 963,M,,,,,,,,,,,Tijmen,van der Helm,Gold,Den Hoorn,NLD,,,,,,,Gianmaria,Bruni,Platinum,"Rome, Italy",ITA,,,,,,,Nico,Mueller,Platinum,"Murgenthal, Switzerland",CHE,,,,,,,,,,,,,,,,,,,,,,,,,
10,25,4,1:48.780,+1.689,+0.552,199.2,5,BMW M Team RLL,GTP,,,BMW M Hybrid V8,M,,,,,,,,,,,Marco,Wittmann,Platinum,"Fuerth, Germany",DEU,,,,,,,Sheldon,van der Linde,Platinum,"Johannesburg, South Africa",ZAF,,,,,,,Robin,Frijns,Platinum,Kreuzlingen,NLD,,,,,,,,,,,,,,,,,,,,,,,,,
11,63,3,1:49.304,+2.213,+0.524,198.2,3,Automobili Lamborghini Squadra Corse,GTP,,,Lamborghini SC63,M,,,,,,,,,,,Mirko,Bortolotti,Platinum,"Riva del Garda, Italy",ITA,,,,,,,Romain,Grosjean,Platinum,"Geneva, Switzerland",FRA,,,,,,,Daniil,Kvyat,Platinum,"Ufa, Russia",RUS,,,,,,,,,,,,,,,,,,,,,,,,,
12,23,5,1:49.400,+2.309,+0.096,198.1,5,ASTON MARTIN THOR Team,GTP,,,Aston Martin Valkyrie,M,,,,,,,,,,,Ross,Gunn,Platinum,"Great Missenden, United K",GBR,,,,,,,Roman,De Angelis,Gold,"Windsor , ON",CAN,,,,,,,Alex,Riberas,Gold,"Barcelona, Spain",ESP,,,,,,,,,,,,,,,,,,,,,,,,,
13,11,4,1:51.804,+4.713,+2.404,193.8,8,TDS RACING,LMP2,,,ORECA LMP2 07,M,,,,,,,,,,,Steven,Thomas,Bronze,"Carl Junction, MO",USA,,,,,,,Mikkel,Jensen,Platinum,"Aarhus, Denmark",DNK,,,,,,,Hunter,McElrea,Silver,"Gold Coast, Australia",NZL,,,,,,,,,,,,,,,,,,,,,,,,,
14,99,5,1:51.919,+4.828,+0.115,193.6,8,AO Racing,LMP2,,,ORECA LMP2 07,M,,,,,,,,,,,PJ,Hyett,Bronze,"St Charles, IL",USA,,,,,,,Dane,Cameron,Platinum,"Huntersville, NC",USA,,,,,,,Jonny,Edgar,Silver,"Asby, United Kingdom",GBR,,,,,,,,,,,,,,,,,,,,,,,,,
15,2,6,1:52.444,+5.353,+0.525,192.7,8,United Autosports USA,LMP2,,,ORECA LMP2 07,M,,,,,,,,,,,Nick,Boulle,Bronze,"Dallas, TX",USA,,,,,,,Juan,Correa,Silver,"Miami, FL",USA,,,,,,,Ben,Hanley,Gold,"Accrington, United Kingdom",GBR,,,,,,,,,,,,,,,,,,,,,,,,,
16,22,4,1:52.604,+5.513,+0.160,192.4,8,United Autosports USA,LMP2,,,ORECA LMP2 07,M,,,,,,,,,,,Daniel,Goldburg,Bronze,"Delray Beach, FL",USA,,,,,,,Paul,Di Resta,Platinum,Monaco,GBR,,,,,,,Rasmus,Lindh,Silver,"Gothenburg, Sweden",SWE,,,,,,,,,,,,,,,,,,,,,,,,,
17,18,7,1:52.944,+5.853,+0.340,191.8,8,Era Motorsport,LMP2,,,ORECA LMP2 07,M,,,,,,,,,,,Kaku,Ohta,Gold,"Kyoto,Japan",JPN,,,,,,,David Heinemeier,Hansson,Silver,"Malibu, CA",DNK,,,,,,,Tobi,Lutke,Bronze,"Toronto, Canada",CAN,,,,,,,,,,,,,,,,,,,,,,,,,
18,88,4,1:53.196,+6.105,+0.252,191.4,8,Af Corse,LMP2,,,ORECA LMP2 07,M,,,,,,,,,,,Luis,Perez Companc,Bronze,"Buenos Aires, Argentina",ARG,,,,,,,Matias,Perez Companc,Silver,"Buenos Aires, Argentina",ARG,,,,,,,Nicklas,Nielsen,Platinum,"Uldum, Denmark",DNK,,,,,,,,,,,,,,,,,,,,,,,,,
19,52,6,1:53.400,+6.309,+0.204,191.1,9,PR1 Mathiasen Motorsports,LMP2,,,ORECA LMP2 07,M,,,,,,,,,,,Rodrigo,Sales,Bronze,"Crystal Bay, NV",USA,,,,,,,Benjamin,Pedersen,Silver,Copenhagen,USA,,,,,,,Mathias,Beche,Gold,Veigy,CHE,,,,,,,,,,,,,,,,,,,,,,,,,
20,04,6,1:53.443,+6.352,+0.043,191.0,8,Crowdstrike Racing by APR,LMP2,,,ORECA LMP2 07,M,,,,,,,,,,,George,Kurtz,Bronze,"Scottsdale, AZ",USA,,,,,,,Malthe,Jakobsen,Gold,Sennels,DNK,,,,,,,Toby,Sowery,Silver,"Cambridge, United Kingdom",GBR,,,,,,,,,,,,,,,,,,,,,,,,,
21,74,7,1:53.498,+6.407,+0.055,190.9,8,Riley,LMP2,,,ORECA LMP2 07,M,,,,,,,,,,,Gar,Robinson,Bronze,"Austin, TX",USA,,,,,,,Felipe,Fraga,Gold,"Palmas, Brazil",BRA,,,,,,,Josh,Burdon,Silver,"Hobart, Australia",AUS,,,,,,,,,,,,,,,,,,,,,,,,,
22,43,7,1:53.769,+6.678,+0.271,190.5,8,Inter Europol Competition,LMP2,,,ORECA LMP2 07,M,,,,,,,,,,,Tom,Dillmann,Gold,"Mulhouse, France",FRA,,,,,,,Bijoy,Garg,Silver,"Atherton, CA",USA,,,,,,,Jeremy,Clarke,Bronze,"Manhattan Beach, CA",USA,,,,,,,,,,,,,,,,,,,,,,,,,
23,73,6,1:53.891,+6.800,+0.122,190.3,9,Pratt Miller Motorsports,LMP2,,,ORECA LMP2 07,M,,,,,,,,,,,Pietro,Fittipaldi,Gold,"Miami, FL",BRA,,,,,,,James,Roe,Silver,Naas,IRL,,,,,,,Chris,Cumming,Bronze,Vancouver,CAN,,,,,,,,,,,,,,,,,,,,,,,,,
24,8,8,1:55.877,+8.786,+1.986,187.0,9,Tower Motorsports,LMP2,,,ORECA LMP2 07,M,,,,,,,,,,,John,Farano,Bronze,"Toronto, ON",CAN,,,,,,,Sebastian,Alvarez,Silver,"Mexico City, Mexico",MEX,,,,,,,Sebastien,Bourdais,Platinum,"Le Mans, France",FRA,,,,,,,,,,,,,,,,,,,,,,,,,
25,21,4,1:59.131,+12.040,+3.254,181.9,6,Af Corse,GTD,,,Ferrari 296 GT3,M,,,,,,,,,,,Simon,Mann,Silver,"Lausanne, Switzerland",USA,,,,,,,Lilou,Wadoux Ducellier,Silver,"Amiens, France",FRA,,,,,,,Alessandro,Pier Guidi,Platinum,"Tortona, Italy",ITA,,,,,,,,,,,,,,,,,,,,,,,,,
26,81,3,1:59.225,+12.134,+0.094,181.7,5,DragonSpeed,GTDPRO,,,Ferrari 296 GT3,M,,,,,,,,,,,Albert,Costa,Platinum,Andorra,ESP,,,,,,,Davide,Rigon,Platinum,"Cervia, Italy",ITA,,,,,,,Giacomo,Altoè,Gold,"Adria, Italy",ITA,,,,,,,,,,,,,,,,,,,,,,,,,
27,77,6,1:59.397,+12.306,+0.172,181.5,7,AO Racing,GTDPRO,,,Porsche 911 GT3 R (992),M,,,,,,,,,,,Laurin,Heinrich,Gold,"Würzburg, Germany",DEU,,,,,,,Klaus,Bachler,Platinum,"Unzmarkt, Austria",AUT,,,,,,,Alessio,Picariello,Gold,"Namur, Belgium",BEL,,,,,,,,,,,,,,,,,,,,,,,,,
28,32,4,1:59.513,+12.422,+0.116,181.3,6,Korthoff Competition Motors,GTD,,,Mercedes-AMG GT3,M,,,,,,,,,,,Seth,Lucas,Silver,"Powell, OH",USA,,,,,,,Kenton,Koch,Silver,"Charlotte, NC",USA,,,,,,,Maximilian,Goetz,Platinum,"Uffenheim, Germany",DEU,,,,,,,,,,,,,,,,,,,,,,,,,
29,12,5,1:59.518,+12.427,+0.005,181.3,6,Vasser Sullivan Racing,GTD,,,Lexus RC F GT3,M,,,,,,,,,,,Jack,Hawksworth,Gold,"Bradford, United Kingdom",GBR,,,,,,,Parker,Thompson,Silver,"Red Deer, AB",CAN,,,,,,,Frankie,Montecalvo,Silver,"Highlands, NJ",USA,,,,,,,,,,,,,,,,,,,,,,,,,
30,1,5,1:59.666,+12.575,+0.148,181.1,6,Paul Miller Racing,GTDPRO,,,BMW M4 GT3 EVO,M,,,,,,,,,,,Madison,Snow,Gold,"Salt Lake City, UT",USA,,,,,,,Neil,Verhagen,Gold,"Mooresville, NC",USA,,,,,,,Connor,De Phillippi,Gold,"Cornelius, NC",USA,,,,,,,,,,,,,,,,,,,,,,,,,
31,57,5,1:59.684,+12.593,+0.018,181.0,6,Winward Racing,GTD,,,Mercedes-AMG GT3,M,,,,,,,,,,,Russell,Ward,Silver,"Seabrook, TX",USA,,,,,,,Philip,Ellis,Gold,"Munich, Germany",GBR,,,,,,,Indy,Dontje,Silver,"Bergen, Netherlands",NLD,,,,,,,,,,,,,,,,,,,,,,,,,
32,48,3,1:59.768,+12.677,+0.084,180.9,5,Paul Miller Racing,GTDPRO,,,BMW M4 GT3 EVO,M,,,,,,,,,,,Max,Hesse,Gold,"Wernau, Germany",DEU,,,,,,,Dan,Harper,Platinum,Belfast,GBR,,,,,,,Jesse,Krohn,Gold,"Helsinki, Finland",FIN,,,,,,,,,,,,,,,,,,,,,,,,,
33,3,5,1:59.897,+12.806,+0.129,180.7,8,Corvette Racing by Pratt Miller Motorsports,GTDPRO,,,Chevrolet Corvette Z06 GT3.R,M,,,,,,,,,,,Antonio,Garcia,Platinum,"Madrid, Spain",ESP,,,,,,,Alexander,Sims,Platinum,"Kidderminster, United Kingdom",GBR,,,,,,,Daniel,Juncadella,Platinum,"Barcelona, Spain",ESP,,,,,,,,,,,,,,,,,,,,,,,,,
34,4,5,1:59.926,+12.835,+0.029,180.7,7,Corvette Racing by Pratt Miller Motorsports,GTDPRO,,,Chevrolet Corvette Z06 GT3.R,M,,,,,,,,,,,Tommy,Milner,Platinum,"Middleburg, VA",USA,,,,,,,Nicky,Catsburg,Platinum,"Amersfoort, Netherlands",NLD,,,,,,,Nico,Varrone,Gold,"Escobar, Argentina",ARG,,,,,,,,,,,,,,,,,,,,,,,,,
35,47,4,2:00.048,+12.957,+0.122,180.5,6,CETILAR RACING,GTD,,,Ferrari 296 GT3,M,,,,,,,,,,,Lorenzo,Patrese,Silver,"Padua, Italy",ITA,,,,,,,Giorgio,Sernagiotto,Silver,"Asolo, Italy",ITA,,,,,,,Antonio,Fuoco,Platinum,Monaco,ITA,,,,,,,,,,,,,,,,,,,,,,,,,
36,27,4,2:00.061,+12.970,+0.013,180.5,7,Heart of Racing Team,GTD,,,Aston Martin Vantage GT3 Evo,M,,,,,,,,,,,Tom,Gamble,Gold,"Nottingham, United Kingdom",GBR,,,,,,,Casper,Stevenson,Silver,London,GBR,,,,,,,Zacharie,Robichon,Silver,"Ottawa, ON",CAN,,,,,,,,,,,,,,,,,,,,,,,,,
37,78,4,2:00.226,+13.135,+0.165,180.2,7,Forte Racing,GTD,,,Lamborghini Huracan GT3 EVO2,M,,,,,,,,,,,Misha,Goikhberg,Silver,"Woodbridge, ON",CAN,,,,,,,Mario,Farnbacher,Gold,"Ansbach, Germany",DEU,,,,,,,Parker,Kligerman,Silver,"Westport, CT",USA,,,,,,,,,,,,,,,,,,,,,,,,,
38,14,5,2:00.227,+13.136,+0.001,180.2,6,Vasser Sullivan Racing,GTDPRO,,,Lexus RC F GT3,M,,,,,,,,,,,Aaron,Telitz,Gold,"Birchwood, WI",USA,,,,,,,Kyle,Kirkwood,Gold,"Jupiter, FL",USA,,,,,,,Jose Maria,Lopez,Platinum,"Rio Tercero, Cordoba",ARG,,,,,,,,,,,,,,,,,,,,,,,,,
39,021,6,2:00.258,+13.167,+0.031,180.2,7,Triarsi Competizione,GTD,,,Ferrari 296 GT3,M,,,,,,,,,,,Sheena,Monk,Bronze,"Newtown, PA",USA,,,,,,,Stevan,McAleer,Gold,"Glasgow, Scotland",GBR,,,,,,,Mike,Skeen,Silver,"Charlotte, NC",USA,,,,,,,,,,,,,,,,,,,,,,,,,
40,9,4,2:00.493,+13.402,+0.235,179.8,6,Pfaff Motorsports,GTDPRO,,,Lamborghini Huracan GT3 EVO2,M,,,,,,,,,,,Andrea,Caldarelli,Platinum,"Pescara, Italy",ITA,,,,,,,Marco,Mapelli,Platinum,"Lugano, Italy",ITA,,,,,,,James,Hinchcliffe,Gold,"Oakville, Canada",CAN,,,,,,,,,,,,,,,,,,,,,,,,,
41,64,3,2:00.533,+13.442,+0.040,179.8,6,Ford Multimatic Motorsports,GTDPRO,,,Ford Mustang GT3,M,,,,,,,,,,,Mike,Rockenfeller,Platinum,"Altnau, Switzerland",DEU,,,,,,,Sebastian,Priaulx,Gold,"Guernsey, United Kingdom",GBR,,,,,,,Ben,Barker,Gold,"Cambridge, UK",GBR,,,,,,,,,,,,,,,,,,,,,,,,,
42,65,5,2:00.614,+13.523,+0.081,179.6,6,Ford Multimatic Motorsports,GTDPRO,,,Ford Mustang GT3,M,,,,,,,,,,,Christopher,Mies,Platinum,"Erkrath, Germany",DEU,,,,,,,Frederic,Vervisch,Gold,"Middelkerke, Belgium",BEL,,,,,,,Dennis,Olsen,Platinum,"Valer, Norway",NOR,,,,,,,,,,,,,,,,,,,,,,,,,
43,34,5,2:00.734,+13.643,+0.120,179.5,7,Conquest Racing,GTD,,,Ferrari 296 GT3,M,,,,,,,,,,,Manny,Franco,Silver,"Milwaukee, WI",USA,,,,,,,Daniel,Serra,Platinum,"Sao Paulo, Brazil",BRA,,,,,,,Cedric,Sbirrazzuoli,Silver,Monaco,MCO,,,,,,,,,,,,,,,,,,,,,,,,,
44,96,5,2:00.782,+13.691,+0.048,179.4,7,Turner Motorsport,GTD,,,BMW M4 GT3 EVO,M,,,,,,,,,,,Patrick,Gallagher,Silver,"Thornville, OH",USA,,,,,,,Robby,Foley,Gold,"Randolph, NJ",USA,,,,,,,Jake,Walker,Silver,"Phoenixville, PA",USA,,,,,,,,,,,,,,,,,,,,,,,,,
45,20,6,2:00.814,+13.723,+0.032,179.4,8,Proton Competition,GTDPRO,,,Porsche 911 GT3 R (992),M,,,,,,,,,,,Claudio,Schiavoni,Bronze,"Bologna, Italy",ITA,,,,,,,Matteo,Cressoni,Silver,"Volta Mantovana, Italy",ITA,,,,,,,Richard,Lietz,Platinum,"Ybbsitz, Austria",AUT,,,,,,,,,,,,,,,,,,,,,,,,,
46,83,7,2:00.843,+13.752,+0.029,179.3,8,Iron Dames,GTD,,,Porsche 911 GT3 R (992),M,,,,,,,,,,,Sarah,Bovy,Silver,"Brussels, Belgium",BEL,,,,,,,Rahel,Frey,Silver,"Aedermannsdorf, Switzerland",CHE,,,,,,,Michelle,Gatting,Gold,"Vedbaek, Denmark",DNK,,,,,,,,,,,,,,,,,,,,,,,,,
47,023,6,2:00.946,+13.855,+0.103,179.2,8,Triarsi Competizione,GTD,,,Ferrari 296 GT3,M,,,,,,,,,,,Onofrio,Triarsi,Silver,"Orlando, FL",USA,,,,,,,Charles,Scardina,Bronze,"Miami, FL",USA,,,,,,,Alessio,Rovera,Platinum,"Varese, Italy",ITA,,,,,,,,,,,,,,,,,,,,,,,,,
48,120,5,2:01.206,+14.115,+0.260,178.8,8,Wright Motorsports,GTD,,,Porsche 911 GT3 R (992),M,,,,,,,,,,,Adam,Adelson,Silver,"Los Angeles, CA",USA,,,,,,,Elliott,Skeer,Gold,"San Diego, CA",USA,,,,,,,Tom,Sargent,Silver,"Young, Australia",AUS,,,,,,,,,,,,,,,,,,,,,,,,,
49,80,4,2:01.728,+14.637,+0.522,178.0,7,Lone Star Racing,GTD,,,Mercedes-AMG GT3,M,,,,,,,,,,,Dan,Knox,Bronze,"Celina, TX",USA,,,,,,,Eric,Filgueiras,Silver,"Cocoa, FL",USA,,,,,,,Scott,Andrews,Gold,"Torquay, Australia",AUS,,,,,,,,,,,,,,,,,,,,,,,,,
50,36,5,2:01.814,+14.723,+0.086,177.9,7,DXDT Racing,GTD,,,Chevrolet Corvette Z06 GT3.R,M,,,,,,,,,,,Salih,Yoluc,Silver,"London, United Kingdom",TUR,,,,,,,Alec,Udell,Silver,"Austin, TX",USA,,,,,,,Charlie,Eastwood,Gold,"Belfast, Northern Ireland",IRL,,,,,,,,,,,,,,,,,,,,,,,,,
51,19,5,2:01.983,+14.892,+0.169,177.6,7,van der Steur Racing,GTD,,,Aston Martin Vantage GT3 Evo,M,,,,,,,,,,,Rory,van der Steur,Silver,"Chesapeake City, MD",USA,,,,,,,Valentin,Hasse-Clot,Gold,"Paris, France",FRA,,,,,,,Anthony,McIntosh,Bronze,"Milwaukee, WI",USA,,,,,,,,,,,,,,,,,,,,,,,,,
52,13,4,2:02.274,+15.183,+0.291,177.2,8,AWA,GTD,,,Chevrolet Corvette Z06 GT3.R,M,,,,,,,,,,,Orey,Fidani,Bronze,"Toronto, ON",CAN,,,,,,,Matthew,Bell,Gold,"Newcastle Upon Tyne, United Kingdom",GBR,,,,,,,Lars,Kern,Silver,"Wiernsheim, Germany",DEU,,,,,,,,,,,,,,,,,,,,,,,,,
53,66,3,2:02.435,+15.344,+0.161,177.0,7,Gradient Racing,GTD,,,Ford Mustang GT3,M,,,,,,,,,,,Joey,Hand,Gold,"Wilton, CA",USA,,,,,,,Till,Bechtolsheimer,Bronze,"Ampney St. Peter, United Kingdom",GBR,,,,,,,Tati,Calderon,Silver,"Bogota City, Colombia",COL,,,,,,,,,,,,,,,,,,,,,,,,,
54,45,4,2:02.786,+15.695,+0.351,176.5,5,Wayne Taylor Racing,GTD,,,Lamborghini Huracan GT3 EVO2,M,,,,,,,,,,,Danny,Formal,Silver,"San Jose, Costa Rica",CRI,,,,,,,Trent,Hindman,Gold,"Ocean Township, NJ",USA,,,,,,,Graham,Doyle,Silver,"Belleair, FL",USA,,,,,,,,,,,,,,,,,,,,,,,,,
55,31,0,,,,,0,Cadillac Whelen,GTP,,,Cadillac V-Series.R,M,,,,,,,,,,,Jack,Aitken,Platinum,"London, United Kingdom",GBR,,,,,,,Earl,Bamber,Platinum,"Wanganui, New Zealand",NZL,,,,,,,Frederik,Vesti,Platinum,"Billund, Denmark",DNK,,,,,,,,,,,,,,,,,,,,,,,,,
56,70,0,,,,,0,Inception Racing,GTD,,,Ferrari 296 GT3,M,,,,,,,,,,,Brendan,Iribe,Bronze,"Los Angeles, CA",USA,,,,,,,Frederik,Schandorff,Gold,"Aarhus, Denmark",DNK,,,,,,,Ollie,Millroy,Silver,"Reading, United Kingdom",GBR,,,,,,,,,,,,,,,,,,,,,,,,,
