﻿POS,NUMBER,LAP,TIME,GAP_FIRST,GAP_PREVIOUS,KPH, LAPS,TEAM,CLASS,GROUP,DIVISION,VEHICLE,TIRES,IMSA_CarId,IMSA_TeamId,IMSA_ClassId,IMSA_CarTypeId,IMSA_ManufacturerId,IMSA_TireId,IMSA_SponsorId,IMSA_EventEntryId,*Extra 9,*Extra 10,DRIVER1_FIRSTNAME,DRIVER1_SECONDNAME,DRIVER1_LICENSE,DRIVER1_HOMETOWN,DRIVER1_COUNTRY,DRIVER1_SHORTNAME,DRIVER1_IMSA_DriverId,DRIVER1_IMSA_DriverPlugId,DRIVER1_IMSA_DriverRatingLong,DRIVER1_*Extra 4,DRIVER1_*Extra 5,DRIVER2_FIRSTNAME,DRIVER2_SECONDNAME,DRIVER2_LICENSE,DRIVER2_HOMETOWN,DRIVER2_COUNTRY,DRIVER2_SHORTNAME,DRIVER2_IMSA_DriverId,DRIVER2_IMSA_DriverPlugId,DRIVER2_IMSA_DriverRatingLong,DRIVER2_*Extra 4,DRIVER2_*Extra 5,DRIVER3_FIRSTNAME,DRIVER3_SECONDNAME,DRIVER3_LICENSE,DRIVER3_HOMETOWN,DRIVER3_COUNTRY,DRIVER3_SHORTNAME,DRIVER3_IMSA_DriverId,DRIVER3_IMSA_DriverPlugId,DRIVER3_IMSA_DriverRatingLong,DRIVER3_*Extra 4,DRIVER3_*Extra 5,DRIVER4_FIRSTNAME,DRIVER4_SECONDNAME,DRIVER4_LICENSE,DRIVER4_HOMETOWN,DRIVER4_COUNTRY,DRIVER4_SHORTNAME,DRIVER4_IMSA_DriverId,DRIVER4_IMSA_DriverPlugId,DRIVER4_IMSA_DriverRatingLong,DRIVER4_*Extra 4,DRIVER4_*Extra 5,DRIVER5_FIRSTNAME,DRIVER5_SECONDNAME,DRIVER5_LICENSE,DRIVER5_HOMETOWN,DRIVER5_COUNTRY,DRIVER5_SHORTNAME,DRIVER5_IMSA_DriverId,DRIVER5_IMSA_DriverPlugId,DRIVER5_IMSA_DriverRatingLong,DRIVER5_*Extra 4,DRIVER5_*Extra 5,DRIVER6_FIRSTNAME,DRIVER6_SECONDNAME,DRIVER6_LICENSE,DRIVER6_HOMETOWN,DRIVER6_COUNTRY,DRIVER6_SHORTNAME,DRIVER6_IMSA_DriverId,DRIVER6_IMSA_DriverPlugId,DRIVER6_IMSA_DriverRatingLong,DRIVER6_*Extra 4,DRIVER6_*Extra 5,
1,5,9,1:47.508,-,-,201.5,10,JDC Miller MotorSports,DPi,,,Cadillac DPi,M,758,270,27,49,7646,3,,12380,,,Tristan,Vautier,Gold,,FRA,,635,1,Gold,,,Richard,Westbrook,Platinum,,GBR,,2688,2,Platinum,,,Loic,Duval,Platinum,,FRA,,1274,3,Platinum,,,,,,,,,,,,,,,,,,,,,
2,48,10,1:47.905,+0.397,+0.397,200.8,10,Ally Cadillac,DPi,,,Cadillac DPi,M,1539,159,27,49,7646,3,,12378,,,Mike,Rockenfeller,Platinum,,DEU,,625,4,Platinum,,,Kamui,Kobayashi,Platinum,,JPN,,1778,2,Platinum,,,Jose Maria,Lopez,Platinum,,ARG,,2765,3,Platinum,,,,,,,,,,,,,,,,,,,,,
3,31,7,1:47.915,+0.407,+0.010,200.8,9,Whelen Engineering Racing,DPi,,,Cadillac DPi,M,741,159,27,49,7646,3,,12379,,,Pipo,Derani,Platinum,,BRA,,1083,3,Platinum,,,Tristan,Nunez,Gold,,USA,,169,1,Gold,,,Mike,Conway,Platinum,,GBR,,2710,2,Platinum,,,,,,,,,,,,,,,,,,,,,
4,02,4,1:49.168,+1.660,+1.253,198.5,7,Cadillac Racing,DPi,,,Cadillac DPi,M,1549,339,27,49,7646,3,,12384,,,Earl,Bamber,Platinum,,NZL,,651,1,Platinum,,,Alex,Lynn,Platinum,,GBR,,1313,2,Platinum,,,Neel,Jani,Platinum,,CHE,,1267,4,Platinum,,,,,,,,,,,,,,,,,,,,,
5,60,10,1:49.493,+1.985,+0.325,197.9,10,Meyer Shank Racing W/Curb-Agajanian,DPi,,,Acura DPi,M,947,3,27,65,7641,3,,12382,,,Oliver,Jarvis,Platinum,,GBR,,1999,1,Platinum,,,Tom,Blomqvist,Platinum,,MCO,,1718,2,Platinum,,,Stoffel,Vandorne,Platinum,,BEL,,2874,3,Platinum,,,,,,,,,,,,,,,,,,,,,
6,10,5,1:49.669,+2.161,+0.176,197.6,10,Konica Minolta Acura ARX-05,DPi,,,Acura DPi,M,948,81,27,65,7641,3,,12381,,,Ricky,Taylor,Platinum,,USA,,608,1,Platinum,,,Filipe,Albuquerque,Platinum,,PRT,,1194,2,Platinum,,,Will,Stevens,Platinum,,GBR,,2698,4,Platinum,,,,,,,,,,,,,,,,,,,,,
7,01,4,1:49.708,+2.200,+0.039,197.5,6,Cadillac Racing,DPi,,,Cadillac DPi,M,943,339,27,49,7646,3,,12383,,,Renger,van der Zande,Gold,,NLD,,1998,1,Gold,,,Sebastien,Bourdais,Platinum,,FRA,,602,2,Platinum,,,Ryan,Hunter-Reay,Platinum,,USA,,81,3,Platinum,,,,,,,,,,,,,,,,,,,,,
8,29,5,1:52.468,+4.960,+2.760,192.7,6,Racing Team Nederland,LMP2,,,ORECA LMP2 07,M,927,335,28,85,7637,3,,12392,,,Frits,Van Eerd,Bronze,,NLD,,2268,1,Bronze,,,Giedo,van der Garde,Platinum,,NLD,,2715,2,Platinum,,,Dylan,Murry,Silver,,USA,,1571,3,Silver,,,,,,,,,,,,,,,,,,,,,
9,20,4,1:53.318,+5.810,+0.850,191.2,8,High Class Racing,LMP2,,,ORECA LMP2 07,M,968,348,28,85,7637,3,,12385,,,Dennis,Andersen,Bronze,,DNK,,2737,1,Bronze,,,Anders,Fjordbach,Silver,,DNK,,2718,2,Silver,,,Fabio,Scherer,Gold,,CHE,,2738,3,Gold,,,,,,,,,,,,,,,,,,,,,
10,18,8,1:53.559,+6.051,+0.241,190.8,10,Era Motorsport,LMP2,,,ORECA LMP2 07,M,761,291,28,85,7637,3,,12386,,,Dwight,Merriman,Bronze,,USA,,1930,1,Bronze,,,Kyle,Tilley,Silver,,GBR,,1079,2,Silver,,,Ryan,Dalziel,Gold,,GBR,,192,3,Gold,,,,,,,,,,,,,,,,,,,,,
11,8,6,1:54.046,+6.538,+0.487,190.0,7,Tower Motorsport,LMP2,,,ORECA LMP2 07,M,973,352,28,85,7637,3,,12390,,,John,Farano,Bronze,,CAN,,441,1,Bronze,,,Louis,Deletraz,Gold,,CHE,,2701,2,Gold,,,Rui,Pinto de Andrade,Silver,,PRT,,2764,3,Silver,,,,,,,,,,,,,,,,,,,,,
12,52,3,1:55.116,+7.608,+1.070,188.2,7,PR1 Mathiasen Motorsports,LMP2,,,ORECA LMP2 07,M,776,16,28,85,7637,3,,12388,,,Ben,Keating,Bronze,,USA,,378,1,Bronze,,,Mikkel,Jensen,Gold,,DNK,,2714,2,Gold,,,Scott,Huffaker,Silver,,USA,,1852,3,Silver,,,,,,,,,,,,,,,,,,,,,
13,81,4,1:56.909,+9.401,+1.793,185.3,6,DragonSpeed USA LLC,LMP2,,,ORECA LMP2 07,M,797,305,28,85,7637,3,,12391,,,Henrik,Hedman,Bronze,,USA,,1142,1,Bronze,,,Juan Pablo,Montoya,Platinum,,COL,,2888,2,Platinum,,,Sebastian,Montoya,Silver,,COL,,2889,3,Silver,,,,,,,,,,,,,,,,,,,,,
14,33,6,1:58.828,+11.320,+1.919,182.3,8,Sean Creech Motorsport,LMP3,,,Ligier JS P320,M,1673,286,36,96,7650,3,,12393,,,Joao,Barbosa,Gold,,PRT,,182,1,Gold,,,Malthe,Jakobsen,Silver,,DNK,,2782,4,Silver,,,Lance,Willsey,Bronze,,USA,,664,2,Bronze,,,,,,,,,,,,,,,,,,,,,
15,40,8,1:58.987,+11.479,+0.159,182.1,10,FastMD Racing,LMP3,,,Duqueine D08,M,1729,267,36,105,7665,3,,12402,,,Max,Hanratty,Silver,,USA,,980,4,Silver,,,Todd,Archer,Bronze,,USA,,1767,2,Bronze,,,James,Vance,Silver,,CAN,,486,3,Silver,,,,,,,,,,,,,,,,,,,,,
16,36,7,1:59.011,+11.503,+0.024,182.1,7,Andretti Autosport,LMP3,,,Ligier JS P320,M,1681,357,36,96,7650,3,,12401,,,Jarett,Andretti,Silver,,USA,,2292,1,Silver,,,Josh,Burdon,Silver,,AUS,,2748,2,Silver,,,Gabby,Chaves,Gold,,COL,,600,4,Gold,,,,,,,,,,,,,,,,,,,,,
17,22,2,1:59.182,+11.674,+0.171,181.8,7,United Autosports,LMP2,,,ORECA LMP2 07,M,1355,370,28,85,7637,3,,12389,,,James,McGuire,Bronze,,USA,,921,1,Bronze,,,Guy,Smith,Gold,,GBR,,2683,2,Gold,,,Duncan,Tappy,Silver,,GBR,,2850,3,Silver,,,,,,,,,,,,,,,,,,,,,
18,13,7,1:59.376,+11.868,+0.194,181.5,8,AWA,LMP3,,,Duqueine D08,M,1675,217,36,105,7665,3,,12395,,,Orey,Fidani,Bronze,,CAN,,973,3,Bronze,,,Kuno,Wittmer,Gold,,CAN,,237,2,Gold,,,Lars,Kern,Silver,,DEU,,1785,1,Silver,,,,,,,,,,,,,,,,,,,,,
19,7,4,1:59.554,+12.046,+0.178,181.2,5,Forty7 Motorsports,LMP3,,,Duqueine D08,M,1679,193,36,105,7665,3,,12399,,,Mark,Kvamme,Bronze,,USA,,2422,1,Bronze,,,Anthony,Mantella,Bronze,,CAN,,2682,2,Bronze,,,Matt,Bell,Silver,,USA,,1294,4,Silver,,,,,,,,,,,,,,,,,,,,,
20,6,8,2:00.034,+12.526,+0.480,180.5,9,Muehlner Motorsports America,LMP3,,,Duqueine D08,M,1680,51,36,105,7665,3,,12400,,,Alec,Udell,Silver,,USA,,866,1,Bronze,,,Harry,Gottsacker,Silver,,DEU,,1505,2,Silver,,,Ugo,de Wilde,Gold,,BEL,,2610,3,Gold,,,,,,,,,,,,,,,,,,,,,
21,47,8,2:01.323,+13.815,+1.289,178.6,9,Cetilar Racing,GTD,,,Ferrari 488 GT3,M,1560,337,4,16,106,3,,12421,,,Roberto,Lacorte,Bronze,,ITA,,2452,1,Bronze,,,Giorgio,Sernagiotto,Silver,,ITA,,2767,2,Silver,,,Antonio,Fuoco,Platinum,,ITA,,2766,3,Platinum,,,,,,,,,,,,,,,,,,,,,
22,97,8,2:01.500,+13.992,+0.177,178.3,9,WeatherTech Racing,GTDPRO,,,Mercedes-AMG GT3,M,1591,360,41,45,7643,3,,12412,,,Cooper,MacNeil,Silver,,USA,,113,1,Silver,,,Jules,Gounon,Platinum,,FRA,,1224,2,Platinum,,,Maro,Engel,Platinum,,DEU,,1092,3,Platinum,,,,,,,,,,,,,,,,,,,,,
23,63,4,2:01.502,+13.994,+0.002,178.3,6,TR3 Racing,GTDPRO,,,Lamborghini Huracan GT3,M,1563,373,41,13,1609,3,,12413,,,Marco,Mapelli,Platinum,,ITA,,2700,2,Platinum,,,Andrea,Caldarelli,Platinum,,ITA,,1228,3,Platinum,,,Mirko,Bortolotti,Platinum,,ITA,,1102,4,Platinum,,,,,,,,,,,,,,,,,,,,,
24,62,9,2:01.738,+14.230,+0.236,178.0,9,Risi Competizione,GTDPRO,,,Ferrari 488 GT3,M,1579,26,41,16,106,3,,12411,,,Daniel,Serra,Platinum,,BRA,,687,1,Platinum,,,Davide,Rigon,Platinum,,ITA,,679,2,Platinum,,,Edward,Cheever,Gold,,ITA,,2879,3,Gold,,,,,,,,,,,,,,,,,,,,,
25,25,5,2:02.188,+14.680,+0.450,177.3,7,BMW M Team RLL,GTDPRO,,,BMW M4 GT3,M,1565,395,41,111,74,3,,12407,,,Connor,De Phillippi,Gold,,USA,,698,2,Gold,,,John,Edwards,Platinum,,USA,,942,3,Platinum,,,Augusto,Farfus,Platinum,,BRA,,701,4,Platinum,,,,,,,,,,,,,,,,,,,,,
26,24,5,2:02.220,+14.712,+0.032,177.3,8,BMW M Team RLL,GTDPRO,,,BMW M4 GT3,M,1566,395,41,111,74,3,,12408,,,Philipp,Eng,Platinum,,AUT,,883,4,Platinum,,,Marco,Wittmann,Platinum,,DEU,,2735,2,Platinum,,,Nick,Yelloly,Gold,,GBR,,2205,1,Gold,,,,,,,,,,,,,,,,,,,,,
27,12,7,2:02.369,+14.861,+0.149,177.1,9,VasserSullivan,GTD,,,Lexus RC F GT3,M,931,336,4,46,7644,3,,12416,,,Frankie,Montecalvo,Silver,,USA,,1279,1,Silver,,,Scott,Andrews,Gold,,AUS,,1657,2,Gold,,,Richard,Heistand,Bronze,,USA,,1817,3,Bronze,,,,,,,,,,,,,,,,,,,,,
28,14,5,2:02.814,+15.306,+0.445,176.4,9,VasserSullivan,GTDPRO,,,Lexus RC F GT3,M,1550,336,41,46,7644,3,,12405,,,Jack,Hawksworth,Gold,,GBR,,838,2,Gold,,,Ben,Barnicoat,Platinum,,GBR,,2620,1,Platinum,,,Aaron,Telitz,Gold,,USA,,2230,3,Gold,,,,,,,,,,,,,,,,,,,,,
29,32,6,2:02.955,+15.447,+0.141,176.2,8,Gilbert Korthoff Motorsports,GTD,,,Mercedes-AMG GT3,M,1462,222,4,45,7643,3,,12423,,,Mike,Skeen,Silver,,USA,,830,1,Silver,,,Stevan,McAleer,Silver,,GBR,,460,2,Silver,,,Daniel,Juncadella,Platinum,,ESP,,1584,3,Platinum,,,,,,,,,,,,,,,,,,,,,
30,96,6,2:03.029,+15.521,+0.074,176.1,7,Turner Motorsport,GTD,,,BMW M4 GT3,M,1553,38,4,111,74,3,,12418,,,Robby,Foley,Silver,,USA,,1302,2,Silver,,,Bill,Auberlen,Gold,,USA,,39,1,Gold,,,Michael,Dinan,Silver,,USA,,2775,3,Silver,,,,,,,,,,,,,,,,,,,,,
31,79,8,2:03.150,+15.642,+0.121,175.9,10,WeatherTech Racing,GTDPRO,,,Porsche 911 GT3R,M,1590,360,41,93,112,3,,12409,,,Cooper,MacNeil,Silver,,USA,,113,1,Silver,,,Julien,Andlauer,Gold,,FRA,,2753,3,Gold,,,Alessio,Picariello,Gold,,BEL,,1639,2,Gold,,,,,,,,,,,,,,,,,,,,,
32,30,3,2:03.220,+15.712,+0.070,175.8,4,Jr III Racing,LMP3,,,Ligier JS P320,M,1676,283,36,96,7650,3,,12396,,,Ari,Balogh,Bronze,,USA,,1081,1,Bronze,,,Garett,Grist,Gold,,CAN,,1388,2,Gold,,,Dakota,Dickerson,Silver,,USA,,1756,4,Silver,,,,,,,,,,,,,,,,,,,,,
33,99,7,2:03.284,+15.776,+0.064,175.8,7,Team Hardpoint,GTD,,,Porsche 911 GT3R,M,1571,399,4,93,112,3,,12427,,,Rob,Ferriol,Bronze,,USA,,1589,1,Bronze,,,Katherine,Legge,Gold,,GBR,,2305,2,Gold,,,Stefan,Wilson,Silver,,GBR,,1185,3,Silver,,,,,,,,,,,,,,,,,,,,,
34,9,8,2:03.442,+15.934,+0.158,175.5,8,Pfaff Motorsports,GTDPRO,,,Porsche 911 GT3R,M,1536,390,41,93,112,3,,12403,,,Matt,Campbell,Gold,,AUS,,1791,2,Gold,,,Mathieu,Jaminet,Gold,,FRA,,2707,3,Gold,,,Felipe,Nasr,Platinum,,BRA,,1598,4,Platinum,,,,,,,,,,,,,,,,,,,,,
35,28,9,2:03.472,+15.964,+0.030,175.5,9,Alegra Motorsports,GTD,,,Mercedes-AMG GT3,M,941,122,4,45,7643,3,,12428,,,Michael,de Quesada,Silver,,USA,,1136,4,Silver,,,Daniel,Morad,Silver,,CAN,,1144,2,Silver,,,Maximilian,Goetz,Platinum,,DEU,,2720,1,Platinum,,,,,,,,,,,,,,,,,,,,,
36,23,4,2:03.663,+16.155,+0.191,175.2,7,Heart of Racing Team,GTDPRO,,,Aston Martin Vantage GT3,M,1559,294,41,18,73,3,,12406,,,Ross,Gunn,Gold,,GBR,,1905,1,Gold,,,Alex,Riberas,Gold,,ESP,,2006,2,Gold,,,Maxime,Martin,Platinum,,BEL,,360,3,Platinum,,,,,,,,,,,,,,,,,,,,,
37,39,4,2:03.716,+16.208,+0.053,175.1,8,CarBahn with Peregrine Racing,GTD,,,Lamborghini Huracan GT3,M,1540,378,4,13,1609,3,,12415,,,Robert,Megennis,Silver,,USA,,2412,1,Silver,,,Corey,Lewis,Silver,,USA,,763,2,Silver,,,Jeff,Westphal,Gold,,USA,,682,4,Gold,,,,,,,,,,,,,,,,,,,,,
38,21,6,2:03.979,+16.471,+0.263,174.8,7,AF CORSE,GTD,,,Ferrari 488 GT3,M,922,333,4,16,106,3,,12425,,,Simon,Mann,Silver,,USA,,2435,1,Silver,,,Luis,Perez Companc,Bronze,,ARG,,2719,2,Bronze,,,Toni,Vilander,Platinum,,FIN,,2723,4,Platinum,,,,,,,,,,,,,,,,,,,,,
39,44,4,2:04.218,+16.710,+0.239,174.4,5,Magnus Racing,GTD,,,Aston Martin Vantage GT3,M,1554,32,4,18,73,3,,12419,,,John,Potter,Bronze,,USA,,670,1,Bronze,,,Andy,Lally,Gold,,USA,,25,2,Gold,,,Spencer,Pumpelly,Silver,,USA,,64,3,Silver,,,,,,,,,,,,,,,,,,,,,
40,27,7,2:04.254,+16.746,+0.036,174.4,8,Heart of Racing Team,GTD,,,Aston Martin Vantage GT3,M,1510,294,4,18,73,3,,12422,,,Roman,De Angelis,Silver,,CAN,,1379,1,Silver,,,Ian,James,Silver,,USA,,453,2,Silver,,,Tom,Gamble,Gold,,GBR,,2619,5,Gold,,,,,,,,,,,,,,,,,,,,,
41,1,3,2:04.267,+16.759,+0.013,174.4,8,Paul Miller Racing,GTD,,,BMW M4 GT3,M,1558,34,4,111,74,3,,12420,,,Bryan,Sellers,Gold,,USA,,18,1,Gold,,,Madison,Snow,Silver,,USA,,155,2,Silver,,,Erik,Johansson,Silver,,SWE,,2503,3,Silver,,,,,,,,,,,,,,,,,,,,,
42,70,6,2:04.566,+17.058,+0.299,173.9,7,inception racing,GTD,,,McLaren 720S GT3,M,1520,388,4,81,7651,3,,12426,,,Brendan,Iribe,Bronze,,USA,,2622,1,Bronze,,,Ollie,Millroy,Silver,,GBR,,2755,3,Silver,,,Jordan,Pepper,Gold,,ZAF,,2716,4,Gold,,,,,,,,,,,,,,,,,,,,,
43,16,2,2:19.673,+32.165,+15.107,155.1,4,Wright Motorsports,GTD,,,Porsche 911 GT3R,M,857,111,4,93,112,3,,12430,,,Ryan,Hardwick,Bronze,,USA,,1256,1,Bronze,,,Zacharie,Robichon,Silver,,CAN,,1176,2,Silver,,,Jan,Heylen,Gold,,BEL,,184,3,Gold,,,,,,,,,,,,,,,,,,,,,
44,3,0,,,,,6,Corvette Racing,GTDPRO,,,Chevrolet Corvette C8.R GTD,M,1537,23,41,110,105,3,,12404,,,Antonio,Garcia,Platinum,,ESP,,2726,1,Platinum,,,Jordan,Taylor,Platinum,,USA,,13,2,Platinum,,,Nicky,Catsburg,Platinum,,NLD,,1113,3,Platinum,,,,,,,,,,,,,,,,,,,,,
45,11,0,,,,,6,PR1 Mathiasen Motorsports,LMP2,,,ORECA LMP2 07,M,1556,16,28,85,7637,3,,12387,,,Steven,Thomas,Bronze,,USA,,1919,1,Bronze,,,Josh,Pierson,Gold,,USA,,2761,4,Gold,,,Jonathan,Bomarito,Gold,,USA,,309,2,Gold,,,,,,,,,,,,,,,,,,,,,
46,38,0,,,,,0,Performance Tech Motorsports,LMP3,,,Ligier JS P320,M,1678,289,36,96,7650,3,,12398,,,Dan,Goldburg,Bronze,,USA,,1915,1,Bronze,,,Rasmus,Lindh,Silver,,SWE,,2101,2,Silver,,,Cameron,Shields,Silver,,AUS,,2696,3,Silver,,,,,,,,,,,,,,,,,,,,,
47,42,0,,,,,0,NTE/SSR,GTD,,,Lamborghini Huracan GT3,M,1620,413,4,13,1609,3,,12424,,,Don,Yount,Bronze,,USA,,399,4,Bronze,,,Jaden,Conwright,Silver,,USA,,2204,2,Silver,,,Mateo,Llarena,Silver,,GTM,,2091,1,Silver,,,,,,,,,,,,,,,,,,,,,
48,54,0,,,,,0,CORE Autosport,LMP3,,,Ligier JS P320,M,1674,174,36,96,7650,3,,12394,,,Jon,Bennett,Bronze,,USA,,60,1,Bronze,,,Colin,Braun,Gold,,USA,,61,2,Gold,,,George,Kurtz,Bronze,,USA,,1612,3,Bronze,,,,,,,,,,,,,,,,,,,,,
49,57,0,,,,,1,Winward Racing,GTD,,,Mercedes-AMG GT3,M,934,304,4,45,7643,3,,12414,,,Russell,Ward,Silver,,USA,,1252,1,Silver,,,Philip,Ellis,Gold,,CHE,,1936,2,Gold,,,Marvin,Dienst,Silver,,DEU,,2887,3,Silver,,,,,,,,,,,,,,,,,,,,,
50,59,0,,,,,1,Crucial Motorsports,GTD,,,McLaren 720S GT3,M,1577,400,4,81,7651,3,,12429,,,Jon,Miller,Silver,,USA,,499,3,Silver,,,Patrick,Gallagher,Silver,,USA,,1593,4,Silver,,,Paul,Holton,Gold,,USA,,847,1,Gold,,,,,,,,,,,,,,,,,,,,,
51,66,0,,,,,0,Gradient Racing,GTD,,,Acura NSX GT3,M,1416,328,4,43,7641,3,,12417,,,Kyffin,Simpson,Silver,,CYM,,2779,1,Silver,,,Till,Bechtolsheimer,Bronze,,GBR,,1152,3,Bronze,,,Mario,Farnbacher,Gold,,DEU,,2685,2,Gold,,,,,,,,,,,,,,,,,,,,,
52,74,0,,,,,3,Riley Motorsports,LMP3,,,Ligier JS P320,M,1677,35,36,96,7650,3,,12397,,,Gar,Robinson,Silver,,USA,,861,1,Silver,,,Felipe,Fraga,Gold,,BRA,,1750,2,Gold,,,Kay,van Berlo,Silver,,NLD,,1759,3,Silver,,,,,,,,,,,,,,,,,,,,,
53,93,0,,,,,4,Racers Edge Motorsports with WTR,GTDPRO,,,Acura NSX GT3,M,1689,414,41,43,7641,3,,12410,,,Ashton,Harrison,Silver,,USA,,1862,1,Silver,,,Kyle,Marcelli,Gold,,CAN,,88,2,Gold,,,Tom,Long,Gold,,USA,,622,5,Gold,,,,,,,,,,,,,,,,,,,,,
