﻿POS,NUMBER,LAP,TIME,GAP_FIRST,GAP_PREVIOUS,KPH, LAPS,TEAM,CLASS,GROUP,DIVISION,VEHICLE,TIRES,IMSA_CarId,IMSA_TeamId,IMSA_ClassId,IMSA_CarTypeId,IMSA_ManufacturerId,IMSA_TireId,IMSA_SponsorId,IMSA_EventEntryId,*Extra 9,*Extra 10,DRIVER1_FIRSTNAME,DRIVER1_SECONDNAME,DRIVER1_LICENSE,DRIVER1_HOMETOWN,DRIVER1_COUNTRY,DRIVER1_SHORTNAME,DRIVER1_IMSA_DriverId,DRIVER1_IMSA_DriverPlugId,DRIVER1_IMSA_DriverRatingLong,DRIVER1_*Extra 4,DRIVER1_*Extra 5,DRIVER2_FIRSTNAME,DRIVER2_SECONDNAME,DRIVER2_LICENSE,DRIVER2_HOMETOWN,DRIVER2_COUNTRY,DRIVER2_SHORTNAME,DRIVER2_IMSA_DriverId,DRIVER2_IMSA_DriverPlugId,DRIVER2_IMSA_DriverRatingLong,DRIVER2_*Extra 4,DRIVER2_*Extra 5,DRIVER3_FIRSTNAME,DRIVER3_SECONDNAME,DRIVER3_LICENSE,DRIVER3_HOMETOWN,DRIVER3_COUNTRY,DRIVER3_SHORTNAME,DRIVER3_IMSA_DriverId,DRIVER3_IMSA_DriverPlugId,DRIVER3_IMSA_DriverRatingLong,DRIVER3_*Extra 4,DRIVER3_*Extra 5,DRIVER4_FIRSTNAME,DRIVER4_SECONDNAME,DRIVER4_LICENSE,DRIVER4_HOMETOWN,DRIVER4_COUNTRY,DRIVER4_SHORTNAME,DRIVER4_IMSA_DriverId,DRIVER4_IMSA_DriverPlugId,DRIVER4_IMSA_DriverRatingLong,DRIVER4_*Extra 4,DRIVER4_*Extra 5,DRIVER5_FIRSTNAME,DRIVER5_SECONDNAME,DRIVER5_LICENSE,DRIVER5_HOMETOWN,DRIVER5_COUNTRY,DRIVER5_SHORTNAME,DRIVER5_IMSA_DriverId,DRIVER5_IMSA_DriverPlugId,DRIVER5_IMSA_DriverRatingLong,DRIVER5_*Extra 4,DRIVER5_*Extra 5,DRIVER6_FIRSTNAME,DRIVER6_SECONDNAME,DRIVER6_LICENSE,DRIVER6_HOMETOWN,DRIVER6_COUNTRY,DRIVER6_SHORTNAME,DRIVER6_IMSA_DriverId,DRIVER6_IMSA_DriverPlugId,DRIVER6_IMSA_DriverRatingLong,DRIVER6_*Extra 4,DRIVER6_*Extra 5,
1,60,28,1:10.766,-,-,184.9,28,Meyer Shank Racing w/Curb-Agajanian,DPi,,,Acura DPi,M,947,3,27,65,7641,3,,10715,,,Dane,Cameron,Gold,,USA,,54,1,Gold,,,Olivier,Pla,Platinum,,FRA,,2409,2,Platinum,,,,,,,,,,,,,,,,,,,,,,,,,,,
2,31,37,1:10.995,+0.229,+0.229,184.3,42,Whelen Engineering Racing,DPi,,,Cadillac DPi,M,741,159,27,49,7646,3,,10734,,,Felipe,Nasr,Platinum,,BRA,,1598,1,Platinum,,,Pipo,Derani,Platinum,,BRA,,1083,3,Platinum,,,,,,,,,,,,,,,,,,,,,,,,,,,
3,10,36,1:11.034,+0.268,+0.039,184.2,38,Konica Minolta Acura ARX-05,DPi,,,Acura DPi,M,948,81,27,65,7641,3,,10716,,,Ricky,Taylor,Platinum,,USA,,608,1,Platinum,,,Filipe,Albuquerque,Platinum,,PRT,,1194,2,Platinum,,,,,,,,,,,,,,,,,,,,,,,,,,,
4,55,32,1:11.381,+0.615,+0.347,183.3,35,Mazda Motorsports,DPi,,,Mazda DPi,M,858,4,27,48,110,3,,10694,,,Oliver,Jarvis,Platinum,,GBR,,1999,1,Platinum,,,Harry,Tincknell,Platinum,,GBR,,1288,2,Platinum,,,,,,,,,,,,,,,,,,,,,,,,,,,
5,5,37,1:11.477,+0.711,+0.096,183.0,39,Mustang Sampling / JDC-Miller MotorSports,DPi,,,Cadillac DPi,M,1043,367,27,49,7646,3,,10699,,,Tristan,Vautier,Gold,,FRA,,635,1,Gold,,,Loic,Duval,Platinum,,FRA,,1274,2,Platinum,,,,,,,,,,,,,,,,,,,,,,,,,,,
6,01,33,1:11.716,+0.950,+0.239,182.4,36,Cadillac Chip Ganassi Racing,DPi,,,Cadillac DPi,M,943,339,27,49,7646,3,,10713,,,Renger,van der Zande,Gold,,NLD,,1998,1,Gold,,,Kevin,Magnussen,Platinum,,DNK,,2411,2,Platinum,,,,,,,,,,,,,,,,,,,,,,,,,,,
7,91,16,1:16.606,+5.840,+4.890,170.8,35,Riley Motorsports,LMP3,,,Ligier JS P320,M,1283,35,36,96,7650,3,,10686,,,Jim,Cox,Bronze,,USA,,1248,1,Bronze,,,Dylan,Murry,Silver,,USA,,2233,2,Silver,,,,,,,,,,,,,,,,,,,,,,,,,,,
8,33,30,1:16.662,+5.896,+0.056,170.6,33,Sean Creech Motorsport,LMP3,,,Ligier JS P320,M,1284,286,36,96,7650,3,,10687,,,Lance,Willsey,Bronze,,USA,,664,2,Bronze,,,Joao,Barbosa,Gold,,PRT,,182,1,Gold,,,,,,,,,,,,,,,,,,,,,,,,,,,
9,74,32,1:16.902,+6.136,+0.240,170.1,37,Riley Motorsports,LMP3,,,Ligier JS P320,M,1282,35,36,96,7650,3,,10685,,,Gar,Robinson,Silver,,USA,,861,1,Silver,,,Felipe,Fraga,Gold,,BRA,,1750,2,Gold,,,,,,,,,,,,,,,,,,,,,,,,,,,
10,54,31,1:17.243,+6.477,+0.341,169.4,35,Core Autosport,LMP3,,,Ligier JS P320,M,1285,174,36,96,7650,3,,10688,,,Jonathan,Bennett,Bronze,,USA,,60,1,Bronze,,,Colin,Braun,Gold,,USA,,61,2,Gold,,,,,,,,,,,,,,,,,,,,,,,,,,,
11,36,28,1:17.499,+6.733,+0.256,168.8,33,Andretti Autosport,LMP3,,,Ligier JS P320,M,1419,357,36,96,7650,3,,10786,,,Jarett,Andretti,Silver,,USA,,2292,1,Silver,,,Oliver,Askew,Silver,,USA,,2413,2,Silver,,,,,,,,,,,,,,,,,,,,,,,,,,,
12,38,9,1:18.719,+7.953,+1.220,166.2,22,Performance Tech Motorsports,LMP3,,,Ligier JS P320,M,1287,289,36,96,7650,3,,10709,,,Rasmus,Lindh,Silver,,SWE,,2101,2,Silver,,,Dan,Goldburg,Bronze,,USA,,1915,1,Bronze,,,,,,,,,,,,,,,,,,,,,,,,,,,
13,14,9,1:20.060,+9.294,+1.341,163.4,37,Vasser Sullivan,GTD,,,Lexus RC F GT3,M,930,336,4,46,7644,3,,10700,,,Aaron,Telitz,Silver,,USA,,2230,1,Silver,,,Jack,Hawksworth,Gold,,GBR,,838,2,Gold,,,,,,,,,,,,,,,,,,,,,,,,,,,
14,9,19,1:20.277,+9.511,+0.217,163.0,37,Pfaff Motorsports,GTD,,,Porsche 911 GT3R,M,925,334,4,93,112,3,,10693,,,Zacharie,Robichon,Silver,,CAN,,1176,2,Silver,,,Laurens,Vanthoor,Platinum,,BEL,,1241,4,Platinum,,,,,,,,,,,,,,,,,,,,,,,,,,,
15,12,8,1:20.324,+9.558,+0.047,162.9,40,Vasser Sullivan,GTD,,,Lexus RC F GT3,M,931,336,4,46,7644,3,,10701,,,Frankie,Montecalvo,Silver,,USA,,1279,1,Silver,,,Zach,Veach,Gold,,USA,,961,2,Gold,,,,,,,,,,,,,,,,,,,,,,,,,,,
16,1,19,1:20.386,+9.620,+0.062,162.7,37,Paul Miller Racing,GTD,,,Lamborghini Huracan GT3,M,938,34,4,13,1609,3,,10705,,,Bryan,Sellers,Gold,,USA,,18,1,Gold,,,Madison,Snow,Silver,,USA,,155,2,Silver,,,,,,,,,,,,,,,,,,,,,,,,,,,
17,96,7,1:20.429,+9.663,+0.043,162.7,35,Turner Motorsport,GTD,,,BMW M6 GT3,M,38,38,4,17,74,3,,10717,,,Bill,Auberlen,Gold,,USA,,39,1,Gold,,,Robby,Foley,Silver,,USA,,1302,2,Silver,,,,,,,,,,,,,,,,,,,,,,,,,,,
18,23,19,1:20.601,+9.835,+0.172,162.3,36,Heart Of Racing Team,GTD,,,Aston Martin Vantage GT3,M,767,294,4,18,73,3,,10696,,,Roman,De Angelis,Silver,,CAN,,1379,2,Silver,,,Ross,Gunn,Gold,,GBR,,1905,4,Gold,,,,,,,,,,,,,,,,,,,,,,,,,,,
19,16,23,1:20.602,+9.836,+0.001,162.3,37,Wright Motorsports,GTD,,,Porsche 911 GT3R,M,857,111,4,93,112,3,,10733,,,Ryan,Hardwick,Bronze,,USA,,1256,2,Bronze,,,Patrick,Long,Platinum,,USA,,27,1,Platinum,,,,,,,,,,,,,,,,,,,,,,,,,,,
20,28,25,1:20.762,+9.996,+0.160,162.0,34,Alegra Motorsports,GTD,,,Mercedes-AMG GT3,M,941,122,4,45,7643,3,,10710,,,Daniel,Morad,Silver,,CAN,,1144,2,Silver,,,Michael,de Quesada,Silver,,USA,,1136,4,Silver,,,,,,,,,,,,,,,,,,,,,,,,,,,
21,88,25,1:21.203,+10.437,+0.441,161.1,35,Team Hardpoint EBM,GTD,,,Porsche 911 GT3R,M,966,346,4,93,112,3,,10737,,,Rob,Ferriol,Bronze,,USA,,1589,1,Bronze,,,Katherine,Legge,Gold,,GBR,,2305,3,Gold,,,,,,,,,,,,,,,,,,,,,,,,,,,
22,76,26,1:21.230,+10.464,+0.027,161.0,36,Compass Racing,GTD,,,Acura NSX GT3,M,1418,296,4,43,7641,3,,10785,,,Jeff,Kingsley,Silver,,CAN,,1644,4,Silver,,,Mario,Farnbacher,Gold,,DEU,,318,5,Gold,,,,,,,,,,,,,,,,,,,,,,,,,,,
23,39,26,1:21.259,+10.493,+0.029,161.0,35,CarBahn with Peregrine Racing,GTD,,,Audi R8 LMS GT3,M,1415,378,4,12,909,3,,10763,,,Richard,Heistand,Bronze,,USA,,1817,1,Bronze,,,Jeff,Westphal,Silver,,USA,,682,2,Silver,,,,,,,,,,,,,,,,,,,,,,,,,,,
24,44,22,1:21.378,+10.612,+0.119,160.8,33,Magnus with Archangel,GTD,,,Acura NSX GT3,M,961,343,4,43,7641,3,,10730,,,John,Potter,Bronze,,USA,,670,1,Bronze,,,Andy,Lally,Gold,,USA,,25,2,Gold,,,,,,,,,,,,,,,,,,,,,,,,,,,
25,66,34,1:21.459,+10.693,+0.081,160.6,38,Gradient Racing,GTD,,,Acura NSX GT3,M,1416,328,4,43,7641,3,,10781,,,Till,Bechtolsheimer,Bronze,,GBR,,1152,3,Bronze,,,Marc,Miller,Silver,,USA,,455,5,Silver,,,,,,,,,,,,,,,,,,,,,,,,,,,
