﻿POS,NUMBER,LAP,TIME,GAP_FIRST,GAP_PREVIOUS,KPH, LAPS,TEAM,CLASS,GROUP,DIVISION,VEHICLE,TIRES,IMSA_CarId,IMSA_TeamId,IMSA_ClassId,IMSA_CarTypeId,IMSA_ManufacturerId,IMSA_TireId,IMSA_SponsorId,IMSA_EventEntryId,*Extra 9,*Extra 10,DRIVER1_FIRSTNAME,DRIVER1_SECONDNAME,DRIVER1_LICENSE,DRIVER1_HOMETOWN,DRIVER1_COUNTRY,DRIVER1_SHORTNAME,DRIVER1_IMSA_DriverId,DRIVER1_IMSA_DriverPlugId,DRIVER1_IMSA_DriverRatingLong,DRIVER1_*Extra 4,DRIVER1_*Extra 5,DRIVER2_FIRSTNAME,DRIVER2_SECONDNAME,DRIVER2_LICENSE,DRIVER2_HOMETOWN,DRIVER2_COUNTRY,DRIVER2_SHORTNAME,DRIVER2_IMSA_DriverId,DRIVER2_IMSA_DriverPlugId,DRIVER2_IMSA_DriverRatingLong,DRIVER2_*Extra 4,DRIVER2_*Extra 5,DRIVER3_FIRSTNAME,DRIVER3_SECONDNAME,DRIVER3_LICENSE,DRIVER3_HOMETOWN,DRIVER3_COUNTRY,DRIVER3_SHORTNAME,DRIVER3_IMSA_DriverId,DRIVER3_IMSA_DriverPlugId,DRIVER3_IMSA_DriverRatingLong,DRIVER3_*Extra 4,DRIVER3_*Extra 5,DRIVER4_FIRSTNAME,DRIVER4_SECONDNAME,DRIVER4_LICENSE,DRIVER4_HOMETOWN,DRIVER4_COUNTRY,DRIVER4_SHORTNAME,DRIVER4_IMSA_DriverId,DRIVER4_IMSA_DriverPlugId,DRIVER4_IMSA_DriverRatingLong,DRIVER4_*Extra 4,DRIVER4_*Extra 5,DRIVER5_FIRSTNAME,DRIVER5_SECONDNAME,DRIVER5_LICENSE,DRIVER5_HOMETOWN,DRIVER5_COUNTRY,DRIVER5_SHORTNAME,DRIVER5_IMSA_DriverId,DRIVER5_IMSA_DriverPlugId,DRIVER5_IMSA_DriverRatingLong,DRIVER5_*Extra 4,DRIVER5_*Extra 5,DRIVER6_FIRSTNAME,DRIVER6_SECONDNAME,DRIVER6_LICENSE,DRIVER6_HOMETOWN,DRIVER6_COUNTRY,DRIVER6_SHORTNAME,DRIVER6_IMSA_DriverId,DRIVER6_IMSA_DriverPlugId,DRIVER6_IMSA_DriverRatingLong,DRIVER6_*Extra 4,DRIVER6_*Extra 5,
1,23,6,1:43.953,-,-,182.2,6,Heart of Racing Team,GTDPRO,,,Aston Martin Vantage GT3,M,1559,294,41,18,73,3,23,13680,,,Ross,Gunn,Gold,,GBR,,1905,1,Gold,,,Alex,Riberas,Gold,,ESP,,2006,2,Gold,,,,,,,,,,,,,,,,,,,,,,,,,,,
2,3,5,1:44.667,+0.714,+0.714,181.0,7,Corvette Racing,GTDPRO,,,Chevrolet Corvette C8.R GTD,M,1537,23,41,110,105,3,11,13678,,,Antonio,Garcia,Platinum,,ESP,,2726,1,Platinum,,,Jordan,Taylor,Platinum,,USA,,13,2,Platinum,,,,,,,,,,,,,,,,,,,,,,,,,,,
3,9,5,1:44.719,+0.766,+0.052,180.9,5,Pfaff Motorsports,GTDPRO,,,Porsche 911 GT3R,M,1536,390,41,93,112,3,5,13677,,,Matt,Campbell,Gold,,AUS,,1791,2,Gold,,,Mathieu,Jaminet,Gold,,FRA,,2707,3,Gold,,,,,,,,,,,,,,,,,,,,,,,,,,,
4,25,4,1:44.791,+0.838,+0.072,180.8,4,BMW M Team RLL,GTDPRO,,,BMW M4 GT3,M,1565,395,41,111,74,3,29,13681,,,Connor,De Phillippi,Gold,,USA,,698,2,Gold,,,John,Edwards,Platinum,,USA,,942,3,Platinum,,,,,,,,,,,,,,,,,,,,,,,,,,,
5,14,3,1:44.890,+0.937,+0.099,180.6,5,VasserSullivan,GTDPRO,,,Lexus RC F GT3,M,1550,336,41,46,7644,3,17,13679,,,Jack,Hawksworth,Gold,,GBR,,838,2,Gold,,,Ben,Barnicoat,Platinum,,GBR,,2620,1,Platinum,,,,,,,,,,,,,,,,,,,,,,,,,,,
6,57,6,1:45.010,+1.057,+0.120,180.4,7,Winward Racing,GTD,,,Mercedes-AMG GT3,M,2063,304,4,173,7643,3,35,13682,,,Russell,Ward,Silver,,USA,,1252,1,Silver,,,Philip,Ellis,Gold,,CHE,,1936,2,Gold,,,,,,,,,,,,,,,,,,,,,,,,,,,
7,51,5,1:45.077,+1.124,+0.067,180.3,7,Rick Ware Racing,GTD,,,Acura NSX GT3,M,1748,307,4,43,7641,3,101,13693,,,Ryan,Eversley,Gold,,USA,,501,3,Gold,,,Aidan,Read,Silver,,AUS,,2417,2,Silver,,,,,,,,,,,,,,,,,,,,,,,,,,,
8,1,7,1:45.081,+1.128,+0.004,180.3,7,Paul Miller Racing,GTD,,,BMW M4 GT3,M,1558,34,4,111,74,3,59,13686,,,Bryan,Sellers,Gold,,USA,,18,1,Gold,,,Madison,Snow,Silver,,USA,,155,2,Silver,,,,,,,,,,,,,,,,,,,,,,,,,,,
9,39,5,1:45.155,+1.202,+0.074,180.2,8,CarBahn with Peregrine Racing,GTD,,,Lamborghini Huracan GT3,M,1540,378,4,13,1609,3,41,13683,,,Robert,Megennis,Silver,,USA,,2412,1,Silver,,,Jeff,Westphal,Gold,,USA,,682,4,Gold,,,,,,,,,,,,,,,,,,,,,,,,,,,
10,32,8,1:45.328,+1.375,+0.173,179.9,8,Team Korthoff Motorsports,GTD,,,Mercedes-AMG GT3,M,2069,222,4,173,7643,3,71,13688,,,Mike,Skeen,Silver,,USA,,830,4,Silver,,,Stevan,McAleer,Silver,,GBR,,460,2,Silver,,,,,,,,,,,,,,,,,,,,,,,,,,,
11,27,5,1:45.402,+1.449,+0.074,179.7,5,Heart of Racing Team,GTD,,,Aston Martin Vantage GT3,M,1510,294,4,18,73,3,65,13687,,,Roman,De Angelis,Silver,,CAN,,1379,1,Silver,,,Maxime,Martin,Platinum,,BEL,,360,3,Platinum,,,,,,,,,,,,,,,,,,,,,,,,,,,
12,96,4,1:45.490,+1.537,+0.088,179.6,6,Turner Motorsport,GTD,,,BMW M4 GT3,M,1553,38,4,111,74,3,53,13685,,,Robby,Foley,Silver,,USA,,1302,2,Silver,,,Bill,Auberlen,Gold,,USA,,39,1,Gold,,,,,,,,,,,,,,,,,,,,,,,,,,,
13,12,5,1:45.830,+1.877,+0.340,179.0,6,VasserSullivan,GTD,,,Lexus RC F GT3,M,931,336,4,46,7644,3,47,13684,,,Frankie,Montecalvo,Silver,,USA,,1279,1,Silver,,,Aaron,Telitz,Gold,,USA,,2230,2,Gold,,,,,,,,,,,,,,,,,,,,,,,,,,,
14,42,7,1:45.965,+2.012,+0.135,178.8,7,NTE/SSR,GTD,,,Lamborghini Huracan GT3,M,1620,413,4,13,1609,3,77,13689,,,Jaden,Conwright,Silver,,USA,,2204,2,Silver,,,Marco,Holzer,Gold,,AUT,,28,4,Gold,,,,,,,,,,,,,,,,,,,,,,,,,,,
15,79,6,1:46.648,+2.695,+0.683,177.6,7,WeatherTech Racing,GTD,,,Mercedes-AMG GT3,M,2080,360,4,175,7643,3,89,13691,,,Cooper,MacNeil,Silver,,USA,,113,1,Silver,,,Jules,Gounon,Platinum,,FRA,,1224,2,Platinum,,,,,,,,,,,,,,,,,,,,,,,,,,,
16,16,7,1:46.763,+2.810,+0.115,177.5,8,Wright Motorsports,GTD,,,Porsche 911 GT3R,M,857,111,4,93,112,3,95,13692,,,Ryan,Hardwick,Bronze,,USA,,1256,1,Bronze,,,Jan,Heylen,Gold,,BEL,,184,3,Gold,,,,,,,,,,,,,,,,,,,,,,,,,,,
17,99,5,1:47.266,+3.313,+0.503,176.6,7,Team Hardpoint,GTD,,,Porsche 911 GT3R,M,1571,399,4,93,112,3,83,13690,,,Rob,Ferriol,Bronze,,USA,,1589,1,Bronze,,,Katherine,Legge,Gold,,GBR,,2305,2,Gold,,,,,,,,,,,,,,,,,,,,,,,,,,,
18,44,7,1:47.905,+3.952,+0.639,175.6,7,Magnus Racing,GTD,,,Aston Martin Vantage GT3,M,1554,32,4,18,73,3,107,13694,,,John,Potter,Bronze,,USA,,670,1,Bronze,,,Andy,Lally,Gold,,USA,,25,2,Gold,,,,,,,,,,,,,,,,,,,,,,,,,,,
