﻿POS,NUMBER,LAP,TIME,GAP_FIRST,GAP_PREVIOUS,KPH, LAPS,TEAM,CLASS,GROUP,DIVISION,VEHICLE,TIRES,IMSA_CarId,IMSA_TeamId,IMSA_ClassId,IMSA_CarTypeId,IMSA_ManufacturerId,IMSA_TireId,IMSA_SponsorId,IMSA_EventEntryId,*Extra 9,*Extra 10,DRIVER1_FIRSTNAME,DRIVER1_SECONDNAME,DRIVER1_LICENSE,DRIVER1_HOMETOWN,DRIVER1_COUNTRY,DRIVER1_SHORTNAME,DRIVER1_IMSA_DriverId,DRIVER1_IMSA_DriverPlugId,DRIVER1_IMSA_DriverRatingLong,DRIVER1_*Extra 4,DRIVER1_*Extra 5,DRIVER2_FIRSTNAME,DRIVER2_SECONDNAME,DRIVER2_LICENSE,DRIVER2_HOMETOWN,DRIVER2_COUNTRY,DRIVER2_SHORTNAME,DRIVER2_IMSA_DriverId,DRIVER2_IMSA_DriverPlugId,DRIVER2_IMSA_DriverRatingLong,DRIVER2_*Extra 4,DRIVER2_*Extra 5,DRIVER3_FIRSTNAME,DRIVER3_SECONDNAME,DRIVER3_LICENSE,DRIVER3_HOMETOWN,DRIVER3_COUNTRY,DRIVER3_SHORTNAME,DRIVER3_IMSA_DriverId,DRIVER3_IMSA_DriverPlugId,DRIVER3_IMSA_DriverRatingLong,DRIVER3_*Extra 4,DRIVER3_*Extra 5,DRIVER4_FIRSTNAME,DRIVER4_SECONDNAME,DRIVER4_LICENSE,DRIVER4_HOMETOWN,DRIVER4_COUNTRY,DRIVER4_SHORTNAME,DRIVER4_IMSA_DriverId,DRIVER4_IMSA_DriverPlugId,DRIVER4_IMSA_DriverRatingLong,DRIVER4_*Extra 4,DRIVER4_*Extra 5,DRIVER5_FIRSTNAME,DRIVER5_SECONDNAME,DRIVER5_LICENSE,DRIVER5_HOMETOWN,DRIVER5_COUNTRY,DRIVER5_SHORTNAME,DRIVER5_IMSA_DriverId,DRIVER5_IMSA_DriverPlugId,DRIVER5_IMSA_DriverRatingLong,DRIVER5_*Extra 4,DRIVER5_*Extra 5,DRIVER6_FIRSTNAME,DRIVER6_SECONDNAME,DRIVER6_LICENSE,DRIVER6_HOMETOWN,DRIVER6_COUNTRY,DRIVER6_SHORTNAME,DRIVER6_IMSA_DriverId,DRIVER6_IMSA_DriverPlugId,DRIVER6_IMSA_DriverRatingLong,DRIVER6_*Extra 4,DRIVER6_*Extra 5,
1,60,21,1:30.451,-,-,217.8,22,Meyer Shank Racing w/Curb-Agajanian,DPi,,,Acura DPi,M,947,3,27,65,7641,3,,11085,,,Dane,Cameron,Gold,,USA,,54,1,Gold,,,Olivier,Pla,Platinum,,FRA,,2409,2,Platinum,,,,,,,,,,,,,,,,,,,,,,,,,,,
2,10,26,1:30.682,+0.231,+0.231,217.2,30,Konica Minolta Acura ARX-05,DPi,,,Acura DPi,M,948,81,27,65,7641,3,,11086,,,Ricky,Taylor,Platinum,,USA,,608,1,Platinum,,,Filipe,Albuquerque,Platinum,,PRT,,1194,2,Platinum,,,Alexander,Rossi,Platinum,,USA,,599,3,Platinum,,,,,,,,,,,,,,,,,,,,,
3,31,28,1:30.893,+0.442,+0.211,216.7,28,Whelen Engineering Racing,DPi,,,Cadillac DPi,M,741,159,27,49,7646,3,,11102,,,Felipe,Nasr,Platinum,,BRA,,1598,1,Platinum,,,Mike,Conway,Platinum,,GBR,,1254,2,Platinum,,,Pipo,Derani,Platinum,,BRA,,1083,3,Platinum,,,,,,,,,,,,,,,,,,,,,
4,01,30,1:31.085,+0.634,+0.192,216.3,32,Cadillac Chip Ganassi Racing,DPi,,,Cadillac DPi,M,943,339,27,49,7646,3,,11084,,,Renger,van der Zande,Gold,,NLD,,1998,1,Gold,,,Kevin,Magnussen,Platinum,,DNK,,2411,2,Platinum,,,,,,,,,,,,,,,,,,,,,,,,,,,
5,55,26,1:31.211,+0.760,+0.126,216.0,26,Mazda Motorsports,DPi,,,Mazda DPi,M,858,4,27,48,110,3,,11067,,,Oliver,Jarvis,Platinum,,GBR,,1999,1,Platinum,,,Harry,Tincknell,Platinum,,GBR,,1288,2,Platinum,,,Jonathan,Bomarito,Gold,,USA,,309,3,Gold,,,,,,,,,,,,,,,,,,,,,
6,48,21,1:31.377,+0.926,+0.166,215.6,33,Ally Cadillac Racing,DPi,,,Cadillac DPi,M,963,344,27,49,7646,3,,11145,,,Jimmie,Johnson,Platinum,,USA,,2244,1,Platinum,,,Kamui,Kobayashi,Platinum,,JPN,,1778,2,Platinum,,,Simon,Pagenaud,Platinum,,FRA,,3,3,Platinum,,,,,,,,,,,,,,,,,,,,,
7,5,29,1:31.757,+1.306,+0.380,214.7,30,Mustang Sampling / JDC-Miller MotorSports,DPi,,,Cadillac DPi,M,1043,367,27,49,7646,3,,11072,,,Tristan,Vautier,Gold,,FRA,,635,1,Gold,,,Loic,Duval,Platinum,,FRA,,1274,2,Platinum,,,Sebastien,Bourdais,Platinum,,FRA,,602,3,Platinum,,,,,,,,,,,,,,,,,,,,,
8,52,16,1:33.941,+3.490,+2.184,209.7,29,PR1 Mathiasen Motorsports,LMP2,,,ORECA LMP2 07,M,776,16,28,85,7637,3,,11099,,,Ben,Keating,Bronze,,USA,,378,1,Bronze,,,Mikkel,Jensen,Silver,,DNK,,2088,2,Silver,,,Scott,Huffaker,Silver,,USA,,1852,3,Silver,,,,,,,,,,,,,,,,,,,,,
9,18,27,1:34.901,+4.450,+0.960,207.6,29,Era Motorsport,LMP2,,,ORECA LMP2 07,M,761,291,28,85,7637,3,,11106,,,Dwight,Merriman,Bronze,,USA,,1930,1,Bronze,,,Kyle,Tilley,Silver,,GBR,,1079,2,Silver,,,Ryan,Dalziel,Gold,,GBR,,192,3,Gold,,,,,,,,,,,,,,,,,,,,,
10,8,22,1:35.091,+4.640,+0.190,207.2,29,Tower Motorsport,LMP2,,,ORECA LMP2 07,M,973,352,28,85,7637,3,,11114,,,James,French,Silver,,USA,,284,3,Silver,,,John,Farano,Bronze,,CAN,,441,1,Bronze,,,Gabriel,Aubry,Gold,,FRA,,1769,2,Gold,,,,,,,,,,,,,,,,,,,,,
11,22,20,1:35.888,+5.437,+0.797,205.4,27,United Autosports,LMP2,,,ORECA LMP2 07,M,1355,370,28,85,7637,3,,11171,,,James,McGuire,Bronze,,USA,,921,2,Bronze,,,Wayne,Boyd,Silver,,GBR,,1912,1,Silver,,,Guy,Smith,Gold,,GBR,,2491,3,Gold,,,,,,,,,,,,,,,,,,,,,
12,11,11,1:39.366,+8.915,+3.478,198.2,12,WIN Autosport,LMP2,,,ORECA LMP2 07,M,942,183,28,85,7637,3,,11081,,,Steven,Thomas,Bronze,,USA,,1919,1,Bronze,,,Tristan,Nunez,Gold,,USA,,169,2,Gold,,,Thomas,Merrill,Bronze,,USA,,1458,3,Bronze,,,,,,,,,,,,,,,,,,,,,
13,74,25,1:39.937,+9.486,+0.571,197.1,28,Riley Motorsports,LMP3,,,Ligier JS P320,M,1282,35,36,96,7650,3,,11060,,,Gar,Robinson,Silver,,USA,,861,1,Silver,,,Felipe,Fraga,Gold,,BRA,,1750,2,Gold,,,Scott,Andrews,Silver,,AUS,,1657,3,Silver,,,,,,,,,,,,,,,,,,,,,
14,36,25,1:40.718,+10.267,+0.781,195.6,25,Andretti Autosport,LMP3,,,Ligier JS P320,M,1419,357,36,96,7650,3,,11167,,,Jarett,Andretti,Silver,,USA,,2292,1,Silver,,,Oliver,Askew,Silver,,USA,,2413,2,Silver,,,Marco,Andretti,Gold,,USA,,2555,3,Gold,,,,,,,,,,,,,,,,,,,,,
15,2,26,1:41.657,+11.206,+0.939,193.8,27,United Autosports USA,LMP3,,,Ligier JS P320,M,1486,382,36,96,7650,3,,11174,,,Niklas,Kruetten,Silver,,DEU,,2498,1,Silver,,,Edouard,Cauhaupe,Silver,,FRA,,2560,2,Silver,,,Austin,McCusker,Silver,,USA,,1586,3,Silver,,,,,,,,,,,,,,,,,,,,,
16,91,25,1:41.886,+11.435,+0.229,193.3,26,Riley Motorsports,LMP3,,,Ligier JS P320,M,1283,35,36,96,7650,3,,11061,,,Jim,Cox,Bronze,,USA,,1248,1,Bronze,,,Dylan,Murry,Silver,,USA,,2233,2,Silver,,,Jeroen,Bleekemolen,Gold,,NLD,,186,3,Gold,,,,,,,,,,,,,,,,,,,,,
17,25,24,1:41.977,+11.526,+0.091,193.2,25,BMW Team RLL,GTLM,,,BMW M8 GTE,M,412,17,3,66,74,3,,11103,,,Connor,De Phillippi,Gold,,USA,,698,2,Gold,,,Philipp,Eng,Platinum,,AUT,,883,4,Platinum,,,Bruno,Spengler,Platinum,,CAN,,903,1,Platinum,,,,,,,,,,,,,,,,,,,,,
18,3,24,1:42.102,+11.651,+0.125,192.9,27,Corvette Racing,GTLM,,,Chevrolet Corvette C8.R,M,748,23,3,83,105,3,,11068,,,Antonio,Garcia,Platinum,,ESP,,12,1,Platinum,,,Jordan,Taylor,Platinum,,USA,,13,2,Platinum,,,,,,,,,,,,,,,,,,,,,,,,,,,
19,54,26,1:42.176,+11.725,+0.074,192.8,27,Core Autosport,LMP3,,,Ligier JS P320,M,1285,174,36,96,7650,3,,11062,,,Jonathan,Bennett,Bronze,,USA,,60,1,Bronze,,,George,Kurtz,Bronze,,USA,,1612,3,Bronze,,,Colin,Braun,Gold,,USA,,61,2,Gold,,,,,,,,,,,,,,,,,,,,,
20,24,26,1:42.273,+11.822,+0.097,192.6,30,BMW Team RLL,GTLM,,,BMW M8 GTE,M,434,17,3,66,74,3,,11104,,,John,Edwards,Platinum,,USA,,942,2,Platinum,,,Jesse,Krohn,Gold,,FIN,,2414,1,Gold,,,Augusto,Farfus,Platinum,,BRA,,701,4,Platinum,,,,,,,,,,,,,,,,,,,,,
21,4,22,1:42.319,+11.868,+0.046,192.5,31,Corvette Racing,GTLM,,,Chevrolet Corvette C8.R,M,749,23,3,83,105,3,,11069,,,Tommy,Milner,Platinum,,USA,,15,1,Platinum,,,Nick,Tandy,Platinum,,GBR,,124,2,Platinum,,,,,,,,,,,,,,,,,,,,,,,,,,,
22,38,8,1:42.451,+12.000,+0.132,192.3,12,Performance Tech Motorsports,LMP3,,,Ligier JS P320,M,1287,289,36,96,7650,3,,11079,,,Dan,Goldburg,Bronze,,USA,,1915,1,Bronze,,,Mateo,LLarena,Silver,,GTM,,2091,3,Silver,,,Rasmus,Lindh,Silver,,SWE,,2101,2,Silver,,,,,,,,,,,,,,,,,,,,,
23,79,7,1:43.146,+12.695,+0.695,191.0,31,WeatherTech Racing,GTLM,,,Porsche 911 RSR - 19,M,983,360,3,87,112,3,,11122,,,Cooper,MacNeil,Silver,,USA,,113,1,Silver,,,Mathieu,Jaminet,Gold,,FRA,,1449,2,Gold,,,Matt,Campbell,Gold,,AUS,,1791,3,Gold,,,,,,,,,,,,,,,,,,,,,
24,84,14,1:43.842,+13.391,+0.696,189.7,19,Dawson Racing,LMP3,,,Ligier JS P320,M,1463,384,36,96,7650,3,,11187,,,Theodor,Olsen,Silver,,NOR,,2554,1,Silver,,,Dom,Cicero,Bronze,,USA,,2100,2,Bronze,,,Ben,Devlin,Gold,,GBR,,285,3,Gold,,,,,,,,,,,,,,,,,,,,,
25,14,6,1:45.156,+14.705,+1.314,187.3,25,Vasser Sullivan,GTD,,,Lexus RC F GT3,M,930,336,4,46,7644,3,,11073,,,Aaron,Telitz,Silver,,USA,,2230,1,Silver,,,Jack,Hawksworth,Gold,,GBR,,838,2,Gold,,,Kyle,Kirkwood,Silver,,USA,,1755,3,Silver,,,,,,,,,,,,,,,,,,,,,
26,96,22,1:45.898,+15.447,+0.742,186.0,26,Turner Motorsport,GTD,,,BMW M6 GT3,M,38,38,4,17,74,3,,11087,,,Bill,Auberlen,Gold,,USA,,39,1,Gold,,,Robby,Foley,Silver,,USA,,1302,2,Silver,,,Aidan,Read,Silver,,AUS,,2417,3,Silver,,,,,,,,,,,,,,,,,,,,,
27,16,10,1:46.193,+15.742,+0.295,185.5,27,Wright Motorsports,GTD,,,Porsche 911 GT3R,M,857,111,4,93,112,3,,11101,,,Patrick,Long,Platinum,,USA,,27,1,Platinum,,,Trent,Hindman,Silver,,USA,,244,2,Silver,,,Jan,Heylen,Silver,,BEL,,184,3,Silver,,,,,,,,,,,,,,,,,,,,,
28,28,11,1:46.304,+15.853,+0.111,185.3,28,Alegra Motorsports,GTD,,,Mercedes-AMG GT3,M,941,122,4,45,7643,3,,11080,,,Daniel,Morad,Silver,,CAN,,1144,2,Silver,,,Michael,de Quesada,Silver,,USA,,1136,4,Silver,,,Billy,Johnson,Gold,,USA,,365,3,Gold,,,,,,,,,,,,,,,,,,,,,
29,12,4,1:46.380,+15.929,+0.076,185.2,27,Vasser Sullivan,GTD,,,Lexus RC F GT3,M,931,336,4,46,7644,3,,11074,,,Frankie,Montecalvo,Silver,,USA,,1279,1,Silver,,,Zach,Veach,Gold,,USA,,961,2,Gold,,,Robert,Megennis,Silver,,USA,,2412,3,Silver,,,,,,,,,,,,,,,,,,,,,
30,23,26,1:46.608,+16.157,+0.228,184.8,27,Heart Of Racing Team,GTD,,,Aston Martin Vantage GT3,M,767,294,4,18,73,3,,11070,,,Roman,De Angelis,Silver,,CAN,,1379,2,Silver,,,Ross,Gunn,Gold,,GBR,,1905,4,Gold,,,Ian,James,Silver,,USA,,453,1,Silver,,,,,,,,,,,,,,,,,,,,,
31,42,26,1:46.698,+16.247,+0.090,184.6,27,NTE Sport,GTD,,,Audi R8 LMS GT3,M,974,353,4,12,909,3,,11177,,,Don,Yount,Bronze,,USA,,399,4,Bronze,,,Jaden,Conwright,Silver,,USA,,2204,1,Silver,,,Markus,Palttala,Gold,,BEL,,702,2,Gold,,,,,,,,,,,,,,,,,,,,,
32,19,20,1:46.746,+16.295,+0.048,184.5,27,GRT Grasser Racing Team,GTD,,,Lamborghini Huracan GT3,M,969,325,4,13,1609,3,,11108,,,Misha,Goikhberg,Silver,,RUS,,168,1,Silver,,,Franck,Perera,Platinum,,FRA,,1617,2,Platinum,,,Tim,Zimmermann,Silver,,DEU,,2310,4,Silver,,,,,,,,,,,,,,,,,,,,,
33,75,23,1:46.794,+16.343,+0.048,184.5,26,Sun Energy 1,GTD,,,Mercedes-AMG GT3,M,242,143,4,45,7643,3,,11115,,,Maro,Engel,Platinum,,DEU,,1092,2,Platinum,,,Kenny,Habul,Bronze,,AUS,,1115,1,Bronze,,,Mikael,Grenier,Silver,,CAN,,1624,5,Silver,,,,,,,,,,,,,,,,,,,,,
34,1,21,1:46.821,+16.370,+0.027,184.4,26,Paul Miller Racing,GTD,,,Lamborghini Huracan GT3,M,938,34,4,13,1609,3,,11076,,,Bryan,Sellers,Gold,,USA,,18,1,Gold,,,Madison,Snow,Silver,,USA,,155,2,Silver,,,Corey,Lewis,Silver,,USA,,763,3,Silver,,,,,,,,,,,,,,,,,,,,,
35,39,15,1:46.823,+16.372,+0.002,184.4,26,CarBahn with Peregrine racing,GTD,,,Audi R8 LMS GT3,M,1415,378,4,12,909,3,,11168,,,Richard,Heistand,Bronze,,USA,,1817,1,Bronze,,,Jeff,Westphal,Silver,,USA,,682,2,Silver,,,Tyler,McQuarrie,,,USA,,454,3,,,,,,,,,,,,,,,,,,,,,,
36,9,15,1:47.055,+16.604,+0.232,184.0,18,Pfaff Motorsports,GTD,,,Porsche 911 GT3R,M,925,334,4,93,112,3,,11066,,,Zacharie,Robichon,Silver,,CAN,,1176,2,Silver,,,Laurens,Vanthoor,Platinum,,BEL,,1241,4,Platinum,,,Lars,Kern,Silver,,DEU,,1785,3,Silver,,,,,,,,,,,,,,,,,,,,,
37,44,15,1:47.288,+16.837,+0.233,183.6,24,Magnus with Archangel,GTD,,,Acura NSX GT3,M,961,343,4,43,7641,3,,11098,,,John,Potter,Bronze,,USA,,670,1,Bronze,,,Andy,Lally,Gold,,USA,,25,2,Gold,,,Spencer,Pumpelly,Silver,,USA,,64,3,Silver,,,,,,,,,,,,,,,,,,,,,
38,88,27,1:47.366,+16.915,+0.078,183.5,28,Team Hardpoint EBM,GTD,,,Porsche 911 GT3R,M,966,346,4,93,112,3,,11107,,,Andrew,Davis,Silver,,USA,,329,2,Silver,,,Rob,Ferriol,Bronze,,USA,,1589,1,Bronze,,,Katherine,Legge,Gold,,GBR,,2305,3,Gold,,,,,,,,,,,,,,,,,,,,,
