﻿POS,NUMBER,LAP,TIME,GAP_FIRST,GAP_PREVIOUS,KPH, LAPS,TEAM,CLASS,GROUP,DIVISION,VEHICLE,TIRES,IMSA_CarId,IMSA_TeamId,IMSA_ClassId,IMSA_CarTypeId,IMSA_ManufacturerId,IMSA_TireId,IMSA_SponsorId,IMSA_EventEntryId,*Extra 9,*Extra 10,DRIVER1_FIRSTNAME,DRIVER1_SECONDNAME,DRIVER1_LICENSE,DRIVER1_HOMETOWN,DRIVER1_COUNTRY,DRIVER1_SHORTNAME,DRIVER1_IMSA_DriverId,DRIVER1_IMSA_DriverPlugId,DRIVER1_IMSA_DriverRatingLong,DRIVER1_*Extra 4,DRIVER1_*Extra 5,DRIVER2_FIRSTNAME,DRIVER2_SECONDNAME,DRIVER2_LICENSE,DRIVER2_HOMETOWN,DRIVER2_COUNTRY,DRIVER2_SHORTNAME,DRIVER2_IMSA_DriverId,DRIVER2_IMSA_DriverPlugId,DRIVER2_IMSA_DriverRatingLong,DRIVER2_*Extra 4,DRIVER2_*Extra 5,DRIVER3_FIRSTNAME,DRIVER3_SECONDNAME,DRIVER3_LICENSE,DRIVER3_HOMETOWN,DRIVER3_COUNTRY,DRIVER3_SHORTNAME,DRIVER3_IMSA_DriverId,DRIVER3_IMSA_DriverPlugId,DRIVER3_IMSA_DriverRatingLong,DRIVER3_*Extra 4,DRIVER3_*Extra 5,DRIVER4_FIRSTNAME,DRIVER4_SECONDNAME,DRIVER4_LICENSE,DRIVER4_HOMETOWN,DRIVER4_COUNTRY,DRIVER4_SHORTNAME,DRIVER4_IMSA_DriverId,DRIVER4_IMSA_DriverPlugId,DRIVER4_IMSA_DriverRatingLong,DRIVER4_*Extra 4,DRIVER4_*Extra 5,DRIVER5_FIRSTNAME,DRIVER5_SECONDNAME,DRIVER5_LICENSE,DRIVER5_HOMETOWN,DRIVER5_COUNTRY,DRIVER5_SHORTNAME,DRIVER5_IMSA_DriverId,DRIVER5_IMSA_DriverPlugId,DRIVER5_IMSA_DriverRatingLong,DRIVER5_*Extra 4,DRIVER5_*Extra 5,DRIVER6_FIRSTNAME,DRIVER6_SECONDNAME,DRIVER6_LICENSE,DRIVER6_HOMETOWN,DRIVER6_COUNTRY,DRIVER6_SHORTNAME,DRIVER6_IMSA_DriverId,DRIVER6_IMSA_DriverPlugId,DRIVER6_IMSA_DriverRatingLong,DRIVER6_*Extra 4,DRIVER6_*Extra 5,
1,55,9,1:31.670,-,-,214.9,10,Mazda Motorsports,DPi,,,Mazda DPi,M,858,4,27,48,110,3,,11067,,,Oliver,Jarvis,Platinum,,GBR,,1999,1,Platinum,,,Harry,Tincknell,Platinum,,GBR,,1288,2,Platinum,,,Jonathan,Bomarito,Gold,,USA,,309,3,Gold,,,,,,,,,,,,,,,,,,,,,
2,60,5,1:31.688,+0.018,+0.018,214.8,12,Meyer Shank Racing w/Curb-Agajanian,DPi,,,Acura DPi,M,947,3,27,65,7641,3,,11085,,,Dane,Cameron,Gold,,USA,,54,1,Gold,,,Olivier,Pla,Platinum,,FRA,,2409,2,Platinum,,,,,,,,,,,,,,,,,,,,,,,,,,,
3,10,11,1:32.517,+0.847,+0.829,212.9,12,Konica Minolta Acura ARX-05,DPi,,,Acura DPi,M,948,81,27,65,7641,3,,11086,,,Ricky,Taylor,Platinum,,USA,,608,1,Platinum,,,Filipe,Albuquerque,Platinum,,PRT,,1194,2,Platinum,,,Alexander,Rossi,Platinum,,USA,,599,3,Platinum,,,,,,,,,,,,,,,,,,,,,
4,5,10,1:32.553,+0.883,+0.036,212.8,11,Mustang Sampling / JDC-Miller MotorSports,DPi,,,Cadillac DPi,M,1043,367,27,49,7646,3,,11072,,,Tristan,Vautier,Gold,,FRA,,635,1,Gold,,,Loic,Duval,Platinum,,FRA,,1274,2,Platinum,,,Sebastien,Bourdais,Platinum,,FRA,,602,3,Platinum,,,,,,,,,,,,,,,,,,,,,
5,31,11,1:32.777,+1.107,+0.224,212.3,11,Whelen Engineering Racing,DPi,,,Cadillac DPi,M,741,159,27,49,7646,3,,11102,,,Felipe,Nasr,Platinum,,BRA,,1598,1,Platinum,,,Mike,Conway,Platinum,,GBR,,1254,2,Platinum,,,Pipo,Derani,Platinum,,BRA,,1083,3,Platinum,,,,,,,,,,,,,,,,,,,,,
6,48,4,1:32.905,+1.235,+0.128,212.0,11,Ally Cadillac Racing,DPi,,,Cadillac DPi,M,963,344,27,49,7646,3,,11145,,,Jimmie,Johnson,Platinum,,USA,,2244,1,Platinum,,,Kamui,Kobayashi,Platinum,,JPN,,1778,2,Platinum,,,Simon,Pagenaud,Platinum,,FRA,,3,3,Platinum,,,,,,,,,,,,,,,,,,,,,
7,01,6,1:34.576,+2.906,+1.671,208.3,8,Cadillac Chip Ganassi Racing,DPi,,,Cadillac DPi,M,943,339,27,49,7646,3,,11084,,,Renger,van der Zande,Gold,,NLD,,1998,1,Gold,,,Kevin,Magnussen,Platinum,,DNK,,2411,2,Platinum,,,,,,,,,,,,,,,,,,,,,,,,,,,
8,52,5,1:35.073,+3.403,+0.497,207.2,9,PR1 Mathiasen Motorsports,LMP2,,,ORECA LMP2 07,M,776,16,28,85,7637,3,,11099,,,Ben,Keating,Bronze,,USA,,378,1,Bronze,,,Mikkel,Jensen,Silver,,DNK,,2088,2,Silver,,,Scott,Huffaker,Silver,,USA,,1852,3,Silver,,,,,,,,,,,,,,,,,,,,,
9,11,5,1:36.179,+4.509,+1.106,204.8,7,WIN Autosport,LMP2,,,ORECA LMP2 07,M,942,183,28,85,7637,3,,11081,,,Steven,Thomas,Bronze,,USA,,1919,1,Bronze,,,Tristan,Nunez,Gold,,USA,,169,2,Gold,,,Thomas,Merrill,Bronze,,USA,,1458,3,Bronze,,,,,,,,,,,,,,,,,,,,,
10,8,4,1:36.514,+4.844,+0.335,204.1,10,Tower Motorsport,LMP2,,,ORECA LMP2 07,M,973,352,28,85,7637,3,,11114,,,James,French,Silver,,USA,,284,3,Silver,,,John,Farano,Bronze,,CAN,,441,1,Bronze,,,Gabriel,Aubry,Gold,,FRA,,1769,2,Gold,,,,,,,,,,,,,,,,,,,,,
11,18,6,1:40.270,+8.600,+3.756,196.5,8,Era Motorsport,LMP2,,,ORECA LMP2 07,M,761,291,28,85,7637,3,,11106,,,Dwight,Merriman,Bronze,,USA,,1930,1,Bronze,,,Kyle,Tilley,Silver,,GBR,,1079,2,Silver,,,Ryan,Dalziel,Gold,,GBR,,192,3,Gold,,,,,,,,,,,,,,,,,,,,,
12,2,11,1:41.574,+9.904,+1.304,193.9,11,United Autosports USA,LMP3,,,Ligier JS P320,M,1486,382,36,96,7650,3,,11174,,,Niklas,Kruetten,Silver,,DEU,,2498,1,Silver,,,Edouard,Cauhaupe,Silver,,FRA,,2560,2,Silver,,,Austin,McCusker,Silver,,USA,,1586,3,Silver,,,,,,,,,,,,,,,,,,,,,
13,36,9,1:41.844,+10.174,+0.270,193.4,10,Andretti Autosport,LMP3,,,Ligier JS P320,M,1419,357,36,96,7650,3,,11167,,,Jarett,Andretti,Silver,,USA,,2292,1,Silver,,,Oliver,Askew,Silver,,USA,,2413,2,Silver,,,Marco,Andretti,Gold,,USA,,2555,3,Gold,,,,,,,,,,,,,,,,,,,,,
14,24,9,1:42.043,+10.373,+0.199,193.0,10,BMW Team RLL,GTLM,,,BMW M8 GTE,M,434,17,3,66,74,3,,11104,,,John,Edwards,Platinum,,USA,,942,2,Platinum,,,Jesse,Krohn,Gold,,FIN,,2414,1,Gold,,,Augusto,Farfus,Platinum,,BRA,,701,4,Platinum,,,,,,,,,,,,,,,,,,,,,
15,79,4,1:42.305,+10.635,+0.262,192.5,10,WeatherTech Racing,GTLM,,,Porsche 911 RSR - 19,M,983,360,3,87,112,3,,11122,,,Cooper,MacNeil,Silver,,USA,,113,1,Silver,,,Mathieu,Jaminet,Gold,,FRA,,1449,2,Gold,,,Matt,Campbell,Gold,,AUS,,1791,3,Gold,,,,,,,,,,,,,,,,,,,,,
16,74,4,1:42.318,+10.648,+0.013,192.5,9,Riley Motorsports,LMP3,,,Ligier JS P320,M,1282,35,36,96,7650,3,,11060,,,Gar,Robinson,Silver,,USA,,861,1,Silver,,,Felipe,Fraga,Gold,,BRA,,1750,2,Gold,,,Scott,Andrews,Silver,,AUS,,1657,3,Silver,,,,,,,,,,,,,,,,,,,,,
17,91,5,1:42.383,+10.713,+0.065,192.4,9,Riley Motorsports,LMP3,,,Ligier JS P320,M,1283,35,36,96,7650,3,,11061,,,Jim,Cox,Bronze,,USA,,1248,1,Bronze,,,Dylan,Murry,Silver,,USA,,2233,2,Silver,,,Jeroen,Bleekemolen,Gold,,NLD,,186,3,Gold,,,,,,,,,,,,,,,,,,,,,
18,25,9,1:43.101,+11.431,+0.718,191.1,10,BMW Team RLL,GTLM,,,BMW M8 GTE,M,412,17,3,66,74,3,,11103,,,Connor,De Phillippi,Gold,,USA,,698,2,Gold,,,Philipp,Eng,Platinum,,AUT,,883,4,Platinum,,,Bruno,Spengler,Platinum,,CAN,,903,1,Platinum,,,,,,,,,,,,,,,,,,,,,
19,4,8,1:44.621,+12.951,+1.520,188.3,9,Corvette Racing,GTLM,,,Chevrolet Corvette C8.R,M,749,23,3,83,105,3,,11069,,,Tommy,Milner,Platinum,,USA,,15,1,Platinum,,,Nick,Tandy,Platinum,,GBR,,124,2,Platinum,,,,,,,,,,,,,,,,,,,,,,,,,,,
20,38,4,1:45.047,+13.377,+0.426,187.5,5,Performance Tech Motorsports,LMP3,,,Ligier JS P320,M,1287,289,36,96,7650,3,,11079,,,Dan,Goldburg,Bronze,,USA,,1915,1,Bronze,,,Mateo,LLarena,Silver,,GTM,,2091,3,Silver,,,Rasmus,Lindh,Silver,,SWE,,2101,2,Silver,,,,,,,,,,,,,,,,,,,,,
21,19,8,1:46.018,+14.348,+0.971,185.8,9,GRT Grasser Racing Team,GTD,,,Lamborghini Huracan GT3,M,969,325,4,13,1609,3,,11108,,,Misha,Goikhberg,Silver,,RUS,,168,1,Silver,,,Franck,Perera,Platinum,,FRA,,1617,2,Platinum,,,Tim,Zimmermann,Silver,,DEU,,2310,3,Silver,,,,,,,,,,,,,,,,,,,,,
22,39,8,1:46.088,+14.418,+0.070,185.7,10,CarBahn with Peregrine racing,GTD,,,Audi R8 LMS GT3,M,1415,378,4,12,909,3,,11168,,,Richard,Heistand,Bronze,,USA,,1817,1,Bronze,,,Jeff,Westphal,Silver,,USA,,682,2,Silver,,,Tyler,McQuarrie,,,USA,,454,3,,,,,,,,,,,,,,,,,,,,,,
23,96,5,1:46.546,+14.876,+0.458,184.9,11,Turner Motorsport,GTD,,,BMW M6 GT3,M,38,38,4,17,74,3,,11087,,,Bill,Auberlen,Gold,,USA,,39,1,Gold,,,Robby,Foley,Silver,,USA,,1302,2,Silver,,,Aidan,Read,Silver,,AUS,,2417,3,Silver,,,,,,,,,,,,,,,,,,,,,
24,23,6,1:46.827,+15.157,+0.281,184.4,9,Heart Of Racing Team,GTD,,,Aston Martin Vantage GT3,M,767,294,4,18,73,3,,11070,,,Roman,De Angelis,Silver,,CAN,,1379,2,Silver,,,Ross,Gunn,Gold,,GBR,,1905,4,Gold,,,Ian,James,Silver,,USA,,453,1,Silver,,,,,,,,,,,,,,,,,,,,,
25,75,6,1:47.044,+15.374,+0.217,184.0,9,Sun Energy 1,GTD,,,Mercedes-AMG GT3,M,242,143,4,45,7643,3,,11115,,,Maro,Engel,Platinum,,DEU,,1092,2,Platinum,,,Kenny,Habul,Bronze,,AUS,,1115,1,Bronze,,,Mikael,Grenier,Silver,,CAN,,1624,5,Silver,,,,,,,,,,,,,,,,,,,,,
26,1,9,1:47.068,+15.398,+0.024,184.0,9,Paul Miller Racing,GTD,,,Lamborghini Huracan GT3,M,938,34,4,13,1609,3,,11076,,,Bryan,Sellers,Gold,,USA,,18,1,Gold,,,Madison,Snow,Silver,,USA,,155,2,Silver,,,Corey,Lewis,Silver,,USA,,763,3,Silver,,,,,,,,,,,,,,,,,,,,,
27,16,9,1:47.673,+16.003,+0.605,182.9,9,Wright Motorsports,GTD,,,Porsche 911 GT3R,M,857,111,4,93,112,3,,11101,,,Patrick,Long,Platinum,,USA,,27,1,Platinum,,,Trent,Hindman,Silver,,USA,,244,2,Silver,,,Jan,Heylen,Silver,,BEL,,184,3,Silver,,,,,,,,,,,,,,,,,,,,,
28,28,8,1:48.000,+16.330,+0.327,182.4,8,Alegra Motorsports,GTD,,,Mercedes-AMG GT3,M,941,122,4,45,7643,3,,11080,,,Daniel,Morad,Silver,,CAN,,1144,2,Silver,,,Michael,de Quesada,Silver,,USA,,1136,4,Silver,,,Billy,Johnson,Gold,,USA,,365,3,Gold,,,,,,,,,,,,,,,,,,,,,
29,44,7,1:48.268,+16.598,+0.268,181.9,7,Magnus with Archangel,GTD,,,Acura NSX GT3,M,961,343,4,43,7641,3,,11098,,,John,Potter,Bronze,,USA,,670,1,Bronze,,,Andy,Lally,Gold,,USA,,25,2,Gold,,,Spencer,Pumpelly,Silver,,USA,,64,3,Silver,,,,,,,,,,,,,,,,,,,,,
30,88,7,1:48.657,+16.987,+0.389,181.3,10,Team Hardpoint EBM,GTD,,,Porsche 911 GT3R,M,966,346,4,93,112,3,,11107,,,Andrew,Davis,Silver,,USA,,329,2,Silver,,,Rob,Ferriol,Bronze,,USA,,1589,1,Bronze,,,Katherine,Legge,Gold,,GBR,,2305,3,Gold,,,,,,,,,,,,,,,,,,,,,
31,9,3,1:48.970,+17.300,+0.313,180.8,8,Pfaff Motorsports,GTD,,,Porsche 911 GT3R,M,925,334,4,93,112,3,,11066,,,Zacharie,Robichon,Silver,,CAN,,1176,2,Silver,,,Laurens,Vanthoor,Platinum,,BEL,,1241,4,Platinum,,,Lars,Kern,Silver,,DEU,,1785,3,Silver,,,,,,,,,,,,,,,,,,,,,
32,3,0,,,,,8,Corvette Racing,GTLM,,,Chevrolet Corvette C8.R,M,748,23,3,83,105,3,,11068,,,Antonio,Garcia,Platinum,,ESP,,12,1,Platinum,,,Jordan,Taylor,Platinum,,USA,,13,2,Platinum,,,,,,,,,,,,,,,,,,,,,,,,,,,
33,12,0,,,,,7,Vasser Sullivan,GTD,,,Lexus RC F GT3,M,931,336,4,46,7644,3,,11074,,,Frankie,Montecalvo,Silver,,USA,,1279,1,Silver,,,Zach,Veach,Gold,,USA,,961,2,Gold,,,Robert,Megennis,Silver,,USA,,2412,3,Silver,,,,,,,,,,,,,,,,,,,,,
34,14,0,,,,,2,Vasser Sullivan,GTD,,,Lexus RC F GT3,M,930,336,4,46,7644,3,,11073,,,Aaron,Telitz,Silver,,USA,,2230,1,Silver,,,Jack,Hawksworth,Gold,,GBR,,838,2,Gold,,,Kyle,Kirkwood,Silver,,USA,,1755,3,Silver,,,,,,,,,,,,,,,,,,,,,
35,22,0,,,,,5,United Autosports,LMP2,,,ORECA LMP2 07,M,1355,370,28,85,7637,3,,11171,,,James,McGuire,Bronze,,USA,,921,2,Bronze,,,Wayne,Boyd,Silver,,GBR,,1912,1,Silver,,,Guy,Smith,Gold,,GBR,,2491,3,Gold,,,,,,,,,,,,,,,,,,,,,
36,42,0,,,,,0,NTE Sport,GTD,,,Audi R8 LMS GT3,M,974,353,4,12,909,3,,11177,,,Don,Yount,Bronze,,USA,,399,4,Bronze,,,Jaden,Conwright,Silver,,USA,,2204,1,Silver,,,Markus,Palttala,Gold,,BEL,,702,2,Gold,,,,,,,,,,,,,,,,,,,,,
37,54,0,,,,,0,Core Autosport,LMP3,,,Ligier JS P320,M,1285,174,36,96,7650,3,,11062,,,Jonathan,Bennett,Bronze,,USA,,60,1,Bronze,,,George,Kurtz,Bronze,,USA,,1612,3,Bronze,,,Colin,Braun,Gold,,USA,,61,2,Gold,,,,,,,,,,,,,,,,,,,,,
38,84,0,,,,,1,Dawson Racing,LMP3,,,Ligier JS P320,M,1463,384,36,96,7650,3,,11187,,,Theodor,Olsen,Silver,,NOR,,2554,1,Silver,,,Dom,Cicero,Bronze,,USA,,2100,2,Bronze,,,Ben,Devlin,Gold,,GBR,,285,3,Gold,,,,,,,,,,,,,,,,,,,,,
