﻿POS,NUMBER,LAP,TIME,GAP_FIRST,GAP_PREVIOUS,KPH, LAPS,TEAM,CLASS,GROUP,DIVISION,VEHICLE,TIRES,IMSA_CarId,IMSA_TeamId,IMSA_ClassId,IMSA_CarTypeId,IMSA_ManufacturerId,IMSA_TireId,IMSA_SponsorId,IMSA_EventEntryId,*Extra 9,*Extra 10,DRIVER1_FIRSTNAME,DRIVER1_SECONDNAME,DRIVER1_LICENSE,DRIVER1_HOMETOWN,DRIVER1_COUNTRY,DRIVER1_SHORTNAME,DRIVER1_IMSA_DriverId,DRIVER1_IMSA_DriverPlugId,DRIVER1_IMSA_DriverRatingLong,DRIVER1_*Extra 4,DRIVER1_*Extra 5,DRIVER2_FIRSTNAME,DRIVER2_SECONDNAME,DRIVER2_LICENSE,DRIVER2_HOMETOWN,DRIVER2_COUNTRY,DRIVER2_SHORTNAME,DRIVER2_IMSA_DriverId,DRIVER2_IMSA_DriverPlugId,DRIVER2_IMSA_DriverRatingLong,DRIVER2_*Extra 4,DRIVER2_*Extra 5,DRIVER3_FIRSTNAME,DRIVER3_SECONDNAME,DRIVER3_LICENSE,DRIVER3_HOMETOWN,DRIVER3_COUNTRY,DRIVER3_SHORTNAME,DRIVER3_IMSA_DriverId,DRIVER3_IMSA_DriverPlugId,DRIVER3_IMSA_DriverRatingLong,DRIVER3_*Extra 4,DRIVER3_*Extra 5,DRIVER4_FIRSTNAME,DRIVER4_SECONDNAME,DRIVER4_LICENSE,DRIVER4_HOMETOWN,DRIVER4_COUNTRY,DRIVER4_SHORTNAME,DRIVER4_IMSA_DriverId,DRIVER4_IMSA_DriverPlugId,DRIVER4_IMSA_DriverRatingLong,DRIVER4_*Extra 4,DRIVER4_*Extra 5,DRIVER5_FIRSTNAME,DRIVER5_SECONDNAME,DRIVER5_LICENSE,DRIVER5_HOMETOWN,DRIVER5_COUNTRY,DRIVER5_SHORTNAME,DRIVER5_IMSA_DriverId,DRIVER5_IMSA_DriverPlugId,DRIVER5_IMSA_DriverRatingLong,DRIVER5_*Extra 4,DRIVER5_*Extra 5,DRIVER6_FIRSTNAME,DRIVER6_SECONDNAME,DRIVER6_LICENSE,DRIVER6_HOMETOWN,DRIVER6_COUNTRY,DRIVER6_SHORTNAME,DRIVER6_IMSA_DriverId,DRIVER6_IMSA_DriverPlugId,DRIVER6_IMSA_DriverRatingLong,DRIVER6_*Extra 4,DRIVER6_*Extra 5,
1,60,21,1:31.056,-,-,216.3,23,Meyer Shank Racing w/Curb-Agajanian,DPi,,,Acura DPi,M,947,3,27,65,7641,3,,11085,,,Dane,Cameron,Gold,,USA,,54,1,Gold,,,Olivier,Pla,Platinum,,FRA,,2409,2,Platinum,,,,,,,,,,,,,,,,,,,,,,,,,,,
2,31,18,1:31.647,+0.591,+0.591,214.9,29,Whelen Engineering Racing,DPi,,,Cadillac DPi,M,741,159,27,49,7646,3,,11102,,,Felipe,Nasr,Platinum,,BRA,,1598,1,Platinum,,,Mike,Conway,Platinum,,GBR,,1254,2,Platinum,,,Pipo,Derani,Platinum,,BRA,,1083,3,Platinum,,,,,,,,,,,,,,,,,,,,,
3,01,17,1:31.949,+0.893,+0.302,214.2,24,Cadillac Chip Ganassi Racing,DPi,,,Cadillac DPi,M,943,339,27,49,7646,3,,11084,,,Renger,van der Zande,Gold,,NLD,,1998,1,Gold,,,Kevin,Magnussen,Platinum,,DNK,,2411,2,Platinum,,,,,,,,,,,,,,,,,,,,,,,,,,,
4,10,25,1:31.987,+0.931,+0.038,214.1,27,Konica Minolta Acura ARX-05,DPi,,,Acura DPi,M,948,81,27,65,7641,3,,11086,,,Ricky,Taylor,Platinum,,USA,,608,1,Platinum,,,Filipe,Albuquerque,Platinum,,PRT,,1194,2,Platinum,,,Alexander,Rossi,Platinum,,USA,,599,3,Platinum,,,,,,,,,,,,,,,,,,,,,
5,5,21,1:32.266,+1.210,+0.279,213.5,31,Mustang Sampling / JDC-Miller MotorSports,DPi,,,Cadillac DPi,M,1043,367,27,49,7646,3,,11072,,,Tristan,Vautier,Gold,,FRA,,635,1,Gold,,,Loic,Duval,Platinum,,FRA,,1274,2,Platinum,,,Sebastien,Bourdais,Platinum,,FRA,,602,3,Platinum,,,,,,,,,,,,,,,,,,,,,
6,55,7,1:32.483,+1.427,+0.217,213.0,25,Mazda Motorsports,DPi,,,Mazda DPi,M,858,4,27,48,110,3,,11067,,,Oliver,Jarvis,Platinum,,GBR,,1999,1,Platinum,,,Harry,Tincknell,Platinum,,GBR,,1288,2,Platinum,,,Jonathan,Bomarito,Gold,,USA,,309,3,Gold,,,,,,,,,,,,,,,,,,,,,
7,48,17,1:32.515,+1.459,+0.032,212.9,30,Ally Cadillac Racing,DPi,,,Cadillac DPi,M,963,344,27,49,7646,3,,11145,,,Jimmie,Johnson,Platinum,,USA,,2244,1,Platinum,,,Kamui,Kobayashi,Platinum,,JPN,,1778,2,Platinum,,,Simon,Pagenaud,Platinum,,FRA,,3,3,Platinum,,,,,,,,,,,,,,,,,,,,,
8,11,12,1:33.836,+2.780,+1.321,209.9,43,WIN Autosport,LMP2,,,ORECA LMP2 07,M,942,183,28,85,7637,3,,11081,,,Steven,Thomas,Bronze,,USA,,1919,1,Bronze,,,Tristan,Nunez,Gold,,USA,,169,2,Gold,,,Thomas,Merrill,Bronze,,USA,,1458,3,Bronze,,,,,,,,,,,,,,,,,,,,,
9,8,19,1:33.881,+2.825,+0.045,209.8,40,Tower Motorsport,LMP2,,,ORECA LMP2 07,M,973,352,28,85,7637,3,,11114,,,James,French,Silver,,USA,,284,3,Silver,,,John,Farano,Bronze,,CAN,,441,1,Bronze,,,Gabriel,Aubry,Gold,,FRA,,1769,2,Gold,,,,,,,,,,,,,,,,,,,,,
10,52,13,1:34.397,+3.341,+0.516,208.7,44,PR1 Mathiasen Motorsports,LMP2,,,ORECA LMP2 07,M,776,16,28,85,7637,3,,11099,,,Ben,Keating,Bronze,,USA,,378,1,Bronze,,,Mikkel,Jensen,Silver,,DNK,,2088,2,Silver,,,Scott,Huffaker,Silver,,USA,,1852,3,Silver,,,,,,,,,,,,,,,,,,,,,
11,18,22,1:34.492,+3.436,+0.095,208.5,41,Era Motorsport,LMP2,,,ORECA LMP2 07,M,761,291,28,85,7637,3,,11106,,,Dwight,Merriman,Bronze,,USA,,1930,1,Bronze,,,Kyle,Tilley,Silver,,GBR,,1079,2,Silver,,,Ryan,Dalziel,Gold,,GBR,,192,3,Gold,,,,,,,,,,,,,,,,,,,,,
12,22,13,1:35.286,+4.230,+0.794,206.7,38,United Autosports,LMP2,,,ORECA LMP2 07,M,1355,370,28,85,7637,3,,11171,,,James,McGuire,Bronze,,USA,,921,2,Bronze,,,Wayne,Boyd,Silver,,GBR,,1912,1,Silver,,,Guy,Smith,Gold,,GBR,,2491,3,Gold,,,,,,,,,,,,,,,,,,,,,
13,36,11,1:40.812,+9.756,+5.526,195.4,24,Andretti Autosport,LMP3,,,Ligier JS P320,M,1419,357,36,96,7650,3,,11167,,,Jarett,Andretti,Silver,,USA,,2292,1,Silver,,,Oliver,Askew,Silver,,USA,,2413,2,Silver,,,Marco,Andretti,Gold,,USA,,2555,3,Gold,,,,,,,,,,,,,,,,,,,,,
14,54,4,1:40.895,+9.839,+0.083,195.2,31,Core Autosport,LMP3,,,Ligier JS P320,M,1285,174,36,96,7650,3,,11062,,,Jonathan,Bennett,Bronze,,USA,,60,1,Bronze,,,George,Kurtz,Bronze,,USA,,1612,3,Bronze,,,Colin,Braun,Gold,,USA,,61,2,Gold,,,,,,,,,,,,,,,,,,,,,
15,74,10,1:41.517,+10.461,+0.622,194.0,28,Riley Motorsports,LMP3,,,Ligier JS P320,M,1282,35,36,96,7650,3,,11060,,,Gar,Robinson,Silver,,USA,,861,1,Silver,,,Felipe,Fraga,Gold,,BRA,,1750,2,Gold,,,Scott,Andrews,Silver,,AUS,,1657,3,Silver,,,,,,,,,,,,,,,,,,,,,
16,91,15,1:41.912,+10.856,+0.395,193.3,18,Riley Motorsports,LMP3,,,Ligier JS P320,M,1283,35,36,96,7650,3,,11061,,,Jim,Cox,Bronze,,USA,,1248,1,Bronze,,,Dylan,Murry,Silver,,USA,,2233,2,Silver,,,Jeroen,Bleekemolen,Gold,,NLD,,186,3,Gold,,,,,,,,,,,,,,,,,,,,,
17,4,14,1:42.517,+11.461,+0.605,192.1,27,Corvette Racing,GTLM,,,Chevrolet Corvette C8.R,M,749,23,3,83,105,3,,11069,,,Tommy,Milner,Platinum,,USA,,15,1,Platinum,,,Nick,Tandy,Platinum,,GBR,,124,2,Platinum,,,,,,,,,,,,,,,,,,,,,,,,,,,
18,3,19,1:42.674,+11.618,+0.157,191.9,27,Corvette Racing,GTLM,,,Chevrolet Corvette C8.R,M,748,23,3,83,105,3,,11068,,,Antonio,Garcia,Platinum,,ESP,,12,1,Platinum,,,Jordan,Taylor,Platinum,,USA,,13,2,Platinum,,,,,,,,,,,,,,,,,,,,,,,,,,,
19,24,10,1:42.852,+11.796,+0.178,191.5,24,BMW Team RLL,GTLM,,,BMW M8 GTE,M,434,17,3,66,74,3,,11104,,,John,Edwards,Platinum,,USA,,942,2,Platinum,,,Jesse,Krohn,Gold,,FIN,,2414,1,Gold,,,Augusto,Farfus,Platinum,,BRA,,701,4,Platinum,,,,,,,,,,,,,,,,,,,,,
20,25,20,1:43.062,+12.006,+0.210,191.1,22,BMW Team RLL,GTLM,,,BMW M8 GTE,M,412,17,3,66,74,3,,11103,,,Connor,De Phillippi,Gold,,USA,,698,2,Gold,,,Philipp,Eng,Platinum,,AUT,,883,4,Platinum,,,Bruno,Spengler,Platinum,,CAN,,903,1,Platinum,,,,,,,,,,,,,,,,,,,,,
21,38,9,1:43.792,+12.736,+0.730,189.8,33,Performance Tech Motorsports,LMP3,,,Ligier JS P320,M,1287,289,36,96,7650,3,,11079,,,Dan,Goldburg,Bronze,,USA,,1915,1,Bronze,,,Mateo,LLarena,Silver,,GTM,,2091,3,Silver,,,Rasmus,Lindh,Silver,,SWE,,2101,2,Silver,,,,,,,,,,,,,,,,,,,,,
22,2,20,1:44.060,+13.004,+0.268,189.3,26,United Autosports USA,LMP3,,,Ligier JS P320,M,1486,382,36,96,7650,3,,11174,,,Niklas,Kruetten,Silver,,DEU,,2498,1,Silver,,,Edouard,Cauhaupe,Silver,,FRA,,2560,2,Silver,,,Austin,McCusker,Silver,,USA,,1586,3,Silver,,,,,,,,,,,,,,,,,,,,,
23,79,17,1:44.215,+13.159,+0.155,189.0,20,WeatherTech Racing,GTLM,,,Porsche 911 RSR - 19,M,983,360,3,87,112,3,,11122,,,Cooper,MacNeil,Silver,,USA,,113,1,Silver,,,Mathieu,Jaminet,Gold,,FRA,,1449,2,Gold,,,Matt,Campbell,Gold,,AUS,,1791,3,Gold,,,,,,,,,,,,,,,,,,,,,
24,14,7,1:46.673,+15.617,+2.458,184.7,23,Vasser Sullivan,GTD,,,Lexus RC F GT3,M,930,336,4,46,7644,3,,11073,,,Aaron,Telitz,Silver,,USA,,2230,1,Silver,,,Jack,Hawksworth,Gold,,GBR,,838,2,Gold,,,Kyle,Kirkwood,Silver,,USA,,1755,3,Silver,,,,,,,,,,,,,,,,,,,,,
25,16,8,1:46.861,+15.805,+0.188,184.3,25,Wright Motorsports,GTD,,,Porsche 911 GT3R,M,857,111,4,93,112,3,,11101,,,Patrick,Long,Platinum,,USA,,27,1,Platinum,,,Trent,Hindman,Silver,,USA,,244,2,Silver,,,Jan,Heylen,Silver,,BEL,,184,3,Silver,,,,,,,,,,,,,,,,,,,,,
26,42,17,1:47.085,+16.029,+0.224,184.0,37,NTE Sport,GTD,,,Audi R8 LMS GT3,M,974,353,4,12,909,3,,11177,,,Don,Yount,Bronze,,USA,,399,4,Bronze,,,Jaden,Conwright,Silver,,USA,,2204,1,Silver,,,Markus,Palttala,Gold,,BEL,,702,2,Gold,,,,,,,,,,,,,,,,,,,,,
27,12,8,1:47.112,+16.056,+0.027,183.9,26,Vasser Sullivan,GTD,,,Lexus RC F GT3,M,931,336,4,46,7644,3,,11074,,,Frankie,Montecalvo,Silver,,USA,,1279,1,Silver,,,Zach,Veach,Gold,,USA,,961,2,Gold,,,Robert,Megennis,Silver,,USA,,2412,3,Silver,,,,,,,,,,,,,,,,,,,,,
28,1,13,1:47.183,+16.127,+0.071,183.8,24,Paul Miller Racing,GTD,,,Lamborghini Huracan GT3,M,938,34,4,13,1609,3,,11076,,,Bryan,Sellers,Gold,,USA,,18,1,Gold,,,Madison,Snow,Silver,,USA,,155,2,Silver,,,Corey,Lewis,Silver,,USA,,763,3,Silver,,,,,,,,,,,,,,,,,,,,,
29,39,41,1:47.239,+16.183,+0.056,183.7,41,CarBahn with Peregrine racing,GTD,,,Audi R8 LMS GT3,M,1415,378,4,12,909,3,,11168,,,Richard,Heistand,Bronze,,USA,,1817,1,Bronze,,,Jeff,Westphal,Silver,,USA,,682,2,Silver,,,Tyler,McQuarrie,,,USA,,454,3,,,,,,,,,,,,,,,,,,,,,,
30,88,14,1:47.300,+16.244,+0.061,183.6,36,Team Hardpoint EBM,GTD,,,Porsche 911 GT3R,M,966,346,4,93,112,3,,11107,,,Andrew,Davis,Silver,,USA,,329,2,Silver,,,Rob,Ferriol,Bronze,,USA,,1589,1,Bronze,,,Katherine,Legge,Gold,,GBR,,2305,3,Gold,,,,,,,,,,,,,,,,,,,,,
31,44,10,1:47.366,+16.310,+0.066,183.5,34,Magnus with Archangel,GTD,,,Acura NSX GT3,M,961,343,4,43,7641,3,,11098,,,John,Potter,Bronze,,USA,,670,1,Bronze,,,Andy,Lally,Gold,,USA,,25,2,Gold,,,Spencer,Pumpelly,Silver,,USA,,64,3,Silver,,,,,,,,,,,,,,,,,,,,,
32,28,14,1:47.483,+16.427,+0.117,183.3,27,Alegra Motorsports,GTD,,,Mercedes-AMG GT3,M,941,122,4,45,7643,3,,11080,,,Daniel,Morad,Silver,,CAN,,1144,2,Silver,,,Michael,de Quesada,Silver,,USA,,1136,4,Silver,,,Billy,Johnson,Gold,,USA,,365,3,Gold,,,,,,,,,,,,,,,,,,,,,
33,9,11,1:47.494,+16.438,+0.011,183.3,14,Pfaff Motorsports,GTD,,,Porsche 911 GT3R,M,925,334,4,93,112,3,,11066,,,Zacharie,Robichon,Silver,,CAN,,1176,2,Silver,,,Laurens,Vanthoor,Platinum,,BEL,,1241,4,Platinum,,,Lars,Kern,Silver,,DEU,,1785,3,Silver,,,,,,,,,,,,,,,,,,,,,
34,19,19,1:47.685,+16.629,+0.191,182.9,22,GRT Grasser Racing Team,GTD,,,Lamborghini Huracan GT3,M,969,325,4,13,1609,3,,11108,,,Misha,Goikhberg,Silver,,RUS,,168,1,Silver,,,Franck,Perera,Platinum,,FRA,,1617,2,Platinum,,,Tim,Zimmermann,Silver,,DEU,,2310,4,Silver,,,,,,,,,,,,,,,,,,,,,
35,75,20,1:48.198,+17.142,+0.513,182.1,37,Sun Energy 1,GTD,,,Mercedes-AMG GT3,M,242,143,4,45,7643,3,,11115,,,Maro,Engel,Platinum,,DEU,,1092,2,Platinum,,,Kenny,Habul,Bronze,,AUS,,1115,1,Bronze,,,Mikael,Grenier,Silver,,CAN,,1624,5,Silver,,,,,,,,,,,,,,,,,,,,,
36,23,8,1:49.678,+18.622,+1.480,179.6,22,Heart Of Racing Team,GTD,,,Aston Martin Vantage GT3,M,767,294,4,18,73,3,,11070,,,Roman,De Angelis,Silver,,CAN,,1379,2,Silver,,,Ross,Gunn,Gold,,GBR,,1905,4,Gold,,,Ian,James,Silver,,USA,,453,1,Silver,,,,,,,,,,,,,,,,,,,,,
37,84,16,1:50.144,+19.088,+0.466,178.8,17,Dawson Racing,LMP3,,,Ligier JS P320,M,1463,384,36,96,7650,3,,11187,,,Theodor,Olsen,Silver,,NOR,,2554,1,Silver,,,Dom,Cicero,Bronze,,USA,,2100,2,Bronze,,,Ben,Devlin,Gold,,GBR,,285,3,Gold,,,,,,,,,,,,,,,,,,,,,
38,96,5,2:25.175,+54.119,+35.031,135.7,8,Turner Motorsport,GTD,,,BMW M6 GT3,M,38,38,4,17,74,3,,11087,,,Bill,Auberlen,Gold,,USA,,39,1,Gold,,,Robby,Foley,Silver,,USA,,1302,2,Silver,,,Aidan,Read,Silver,,AUS,,2417,3,Silver,,,,,,,,,,,,,,,,,,,,,
