﻿POS,NUMBER,LAP,TIME,GAP_FIRST,GAP_PREVIOUS,KPH, LAPS,TEAM,CLASS,GROUP,DIVISION,VEHICLE,TIRES,IMSA_CarId,IMSA_TeamId,IMSA_ClassId,IMSA_CarTypeId,IMSA_ManufacturerId,IMSA_TireId,IMSA_SponsorId,IMSA_EventEntryId,*Extra 9,*Extra 10,DRIVER1_FIRSTNAME,DRIVER1_SECONDNAME,DRIVER1_LICENSE,DRIVER1_HOMETOWN,DRIVER1_COUNTRY,DRIVER1_SHORTNAME,DRIVER1_IMSA_DriverId,DRIVER1_IMSA_DriverPlugId,DRIVER1_IMSA_DriverRatingLong,DRIVER1_*Extra 4,DRIVER1_*Extra 5,DRIVER2_FIRSTNAME,DRIVER2_SECONDNAME,DRIVER2_LICENSE,DRIVER2_HOMETOWN,DRIVER2_COUNTRY,DRIVER2_SHORTNAME,DRIVER2_IMSA_DriverId,DRIVER2_IMSA_DriverPlugId,DRIVER2_IMSA_DriverRatingLong,DRIVER2_*Extra 4,DRIVER2_*Extra 5,DRIVER3_FIRSTNAME,DRIVER3_SECONDNAME,DRIVER3_LICENSE,DRIVER3_HOMETOWN,DRIVER3_COUNTRY,DRIVER3_SHORTNAME,DRIVER3_IMSA_DriverId,DRIVER3_IMSA_DriverPlugId,DRIVER3_IMSA_DriverRatingLong,DRIVER3_*Extra 4,DRIVER3_*Extra 5,DRIVER4_FIRSTNAME,DRIVER4_SECONDNAME,DRIVER4_LICENSE,DRIVER4_HOMETOWN,DRIVER4_COUNTRY,DRIVER4_SHORTNAME,DRIVER4_IMSA_DriverId,DRIVER4_IMSA_DriverPlugId,DRIVER4_IMSA_DriverRatingLong,DRIVER4_*Extra 4,DRIVER4_*Extra 5,DRIVER5_FIRSTNAME,DRIVER5_SECONDNAME,DRIVER5_LICENSE,DRIVER5_HOMETOWN,DRIVER5_COUNTRY,DRIVER5_SHORTNAME,DRIVER5_IMSA_DriverId,DRIVER5_IMSA_DriverPlugId,DRIVER5_IMSA_DriverRatingLong,DRIVER5_*Extra 4,DRIVER5_*Extra 5,DRIVER6_FIRSTNAME,DRIVER6_SECONDNAME,DRIVER6_LICENSE,DRIVER6_HOMETOWN,DRIVER6_COUNTRY,DRIVER6_SHORTNAME,DRIVER6_IMSA_DriverId,DRIVER6_IMSA_DriverPlugId,DRIVER6_IMSA_DriverRatingLong,DRIVER6_*Extra 4,DRIVER6_*Extra 5,
1,01,14,1:07.969,-,-,209.6,15,Cadillac Racing,GTP,,,Cadillac V-Series.R,M,2187,339,44,228,7646,3,,15107,,,Sebastien,Bourdais,Platinum,,FRA,,602,2,Platinum,,,Renger,van der Zande,Platinum,,NLD,,1998,1,Platinum,,,,,,,,,,,,,,,,,,,,,,,,,,,
2,31,14,1:08.195,+0.226,+0.226,208.9,15,Whelen Engineering Cadillac Racing,GTP,,,Cadillac V-Series.R,M,2196,344,44,228,7646,3,,15112,,,Pipo,Derani,Platinum,,BRA,,1083,3,Platinum,,,Alexander,Sims,Platinum,,GBR,,1261,2,Platinum,,,,,,,,,,,,,,,,,,,,,,,,,,,
3,60,6,1:08.523,+0.554,+0.328,207.9,14,Meyer Shank Racing w/ Curb Agajanian,GTP,,,Acura ARX-06,M,2267,3,44,195,7641,3,,15106,,,Tom,Blomqvist,Platinum,,MCO,,1718,1,Platinum,,,Colin,Braun,Gold,,USA,,61,2,Gold,,,,,,,,,,,,,,,,,,,,,,,,,,,
4,6,8,1:08.653,+0.684,+0.130,207.5,16,Porsche Penske Motorsports,GTP,,,Porsche 963,M,2189,200,44,193,112,3,,15108,,,Nick,Tandy,Platinum,,GBR,,124,1,Platinum,,,Mathieu,Jaminet,Platinum,,FRA,,1449,2,Platinum,,,,,,,,,,,,,,,,,,,,,,,,,,,
5,10,7,1:08.749,+0.780,+0.096,207.2,12,Konica Minolta Acura ARX-06,GTP,,,Acura ARX-06,M,2191,234,44,195,7641,3,,15110,,,Ricky,Taylor,Platinum,,USA,,608,1,Platinum,,,Filipe,Albuquerque,Platinum,,PRT,,1194,2,Platinum,,,,,,,,,,,,,,,,,,,,,,,,,,,
6,5,10,1:08.778,+0.809,+0.029,207.1,15,JDC Miller MotorSports,GTP,,,Porsche 963,M,2276,15,44,193,112,3,,15111,,,Tijmen,van der Helm,Gold,,NLD,,2687,1,Gold,,,Mike,Rockenfeller,Platinum,,CHE,,625,2,Platinum,,,,,,,,,,,,,,,,,,,,,,,,,,,
7,7,15,1:08.982,+1.013,+0.204,206.5,15,Porsche Penske Motorsports,GTP,,,Porsche 963,M,2190,200,44,193,112,3,,15109,,,Matt,Campbell,Platinum,,AUS,,1791,1,Platinum,,,Felipe,Nasr,Platinum,,BRA,,1598,2,Platinum,,,,,,,,,,,,,,,,,,,,,,,,,,,
8,24,11,1:09.204,+1.235,+0.222,205.9,16,BMW M Team RLL,GTP,,,BMW M Hybrid V8,M,2154,395,44,190,74,3,,15104,,,Philipp,Eng,Platinum,,AUT,,883,1,Platinum,,,Augusto,Farfus,Platinum,,MCO,,3000,4,Platinum,,,,,,,,,,,,,,,,,,,,,,,,,,,
9,25,9,1:09.902,+1.933,+0.698,203.8,14,BMW M Team RLL,GTP,,,BMW M Hybrid V8,M,2155,395,44,190,74,3,,15105,,,Connor,De Phillippi,Gold,,USA,,698,2,Gold,,,Nick,Yelloly,Platinum,,GBR,,2205,1,Platinum,,,,,,,,,,,,,,,,,,,,,,,,,,,
10,17,8,1:12.455,+4.486,+2.553,196.6,8,AWA,LMP3,,,Duqueine D08,M,2108,217,36,105,7665,3,,15114,,,Anthony,Mantella,Bronze,,CAN,,2682,2,Bronze,,,Wayne,Boyd,Gold,,GBR,,3002,3,Gold,,,,,,,,,,,,,,,,,,,,,,,,,,,
11,33,5,1:15.523,+7.554,+3.068,188.6,9,Sean Creech Motorsport,LMP3,,,Ligier JS P320,M,1603,286,36,96,7650,3,,15115,,,Lance,Willsey,Bronze,,USA,,664,2,Bronze,,,Joao,Barbosa,Gold,,USA,,182,1,Gold,,,,,,,,,,,,,,,,,,,,,,,,,,,
12,78,4,1:16.040,+8.071,+0.517,187.4,12,Forte Racing Powered by USRT,GTD,,,Lamborghini Huracan GT3 EVO2,M,2156,396,4,194,1609,3,,15127,,,Misha,Goikhberg,Silver,,CAN,,168,1,Silver,,,Loris,Spinelli,Gold,,ITA,,3038,2,Gold,,,,,,,,,,,,,,,,,,,,,,,,,,,
13,66,12,1:16.211,+8.242,+0.171,186.9,13,Gradient Racing,GTD,B,,Acura NSX GT3,M,1416,328,4,43,7641,3,,15130,,,Sheena,Monk,Bronze,,USA,,1532,3,Bronze,,,Katherine,Legge,Gold,,GBR,,2305,1,Gold,,,,,,,,,,,,,,,,,,,,,,,,,,,
14,23,11,1:16.227,+8.258,+0.016,186.9,13,Heart of Racing Team,GTDPRO,,,Aston Martin Vantage GT3,M,2246,294,41,18,73,3,,15120,,,Ross,Gunn,Gold,,GBR,,1905,1,Gold,,,Alex,Riberas,Gold,,ESP,,659,2,Gold,,,,,,,,,,,,,,,,,,,,,,,,,,,
15,70,7,1:16.340,+8.371,+0.113,186.6,12,Inception Racing,GTD,B,,McLaren 720S GT3 EVO,M,1520,388,4,81,7651,3,,15134,,,Brendan,Iribe,Bronze,,USA,,2622,1,Bronze,,,Frederik,Schandorff,Gold,,DNK,,2995,2,Gold,,,,,,,,,,,,,,,,,,,,,,,,,,,
16,80,13,1:16.417,+8.448,+0.077,186.4,14,AO Racing,GTD,B,,Porsche 911 GT3 R (992),M,2204,466,4,192,112,3,,15136,,,PJ,Hyett,Bronze,,USA,,2947,1,Bronze,,,Seb,Priaulx,Gold,,GBR,,3009,2,Gold,,,,,,,,,,,,,,,,,,,,,,,,,,,
17,27,6,1:16.428,+8.459,+0.011,186.4,13,Heart of Racing Team,GTD,,,Aston Martin Vantage GT3,M,1510,294,4,18,73,3,,15129,,,Roman,De Angelis,Silver,,CAN,,1379,1,Silver,,,Marco,Sorensen,Platinum,,MCO,,2721,2,Platinum,,,,,,,,,,,,,,,,,,,,,,,,,,,
18,77,10,1:16.448,+8.479,+0.020,186.4,13,Wright Motorsports,GTD,B,,Porsche 911 GT3 R (992),M,2185,111,4,192,112,3,,15133,,,Alan,Brynjolfsson,Bronze,,USA,,1271,1,Bronze,,,Trent,Hindman,Gold,,USA,,244,2,Gold,,,,,,,,,,,,,,,,,,,,,,,,,,,
19,1,9,1:16.503,+8.534,+0.055,186.2,14,Paul Miller Racing,GTD,,,BMW M4 GT3,M,1558,34,4,111,74,3,,15128,,,Bryan,Sellers,Gold,,USA,,18,1,Gold,,,Madison,Snow,Silver,,USA,,155,2,Silver,,,,,,,,,,,,,,,,,,,,,,,,,,,
20,96,12,1:16.689,+8.720,+0.186,185.8,15,Turner Motorsport,GTD,,,BMW M4 GT3,M,1553,38,4,111,74,3,,15126,,,Patrick,Gallagher,Silver,,USA,,1593,1,Silver,,,Robby,Foley,Gold,,USA,,1302,2,Gold,,,,,,,,,,,,,,,,,,,,,,,,,,,
21,3,13,1:16.994,+9.025,+0.305,185.0,15,Corvette Racing,GTDPRO,,,Chevrolet Corvette C8.R GTD,M,2253,23,41,110,105,3,,15123,,,Antonio,Garcia,Platinum,,ESP,,12,1,Platinum,,,Jordan,Taylor,Platinum,,USA,,13,2,Platinum,,,,,,,,,,,,,,,,,,,,,,,,,,,
22,97,6,1:17.007,+9.038,+0.013,185.0,13,Turner Motorsport,GTD,,,BMW M4 GT3,M,2397,38,4,111,74,3,,15138,,,Bill,Auberlen,Gold,,USA,,39,1,Gold,,,Chandler,Hull,Silver,,USA,,2152,2,Silver,,,,,,,,,,,,,,,,,,,,,,,,,,,
23,79,14,1:17.128,+9.159,+0.121,184.7,14,WeatherTech Racing,GTDPRO,,,Mercedes-AMG GT3,M,2244,360,41,204,7643,3,,15119,,,Daniel,Juncadella,Platinum,,ESP,,1584,2,Platinum,,,Jules,Gounon,Platinum,,FRA,,1224,1,Platinum,,,,,,,,,,,,,,,,,,,,,,,,,,,
24,14,2,1:18.021,+10.052,+0.893,182.6,5,Vasser Sullivan,GTDPRO,,,Lexus RC F GT3,M,2250,336,41,46,7644,3,,15121,,,Jack,Hawksworth,Gold,,GBR,,838,2,Gold,,,Ben,Barnicoat,Platinum,,GBR,,2620,1,Platinum,,,,,,,,,,,,,,,,,,,,,,,,,,,
25,91,12,1:18.038,+10.069,+0.017,182.6,13,Kellymoss with Riley,GTD,B,,Porsche 911 GT3 R (992),M,2202,465,4,192,112,3,,15135,,,Alan,Metni,Bronze,,USA,,1344,1,Bronze,,,Kay,van Berlo,Silver,,NLD,,1759,2,Silver,,,,,,,,,,,,,,,,,,,,,,,,,,,
26,12,3,1:18.446,+10.477,+0.408,181.6,5,Vasser Sullivan,GTD,,,Lexus RC F GT3,M,931,336,4,46,7644,3,,15131,,,Frankie,Montecalvo,Silver,,USA,,1279,1,Silver,,,Aaron,Telitz,Gold,,USA,,1780,2,Gold,,,,,,,,,,,,,,,,,,,,,,,,,,,
27,32,4,1:18.956,+10.987,+0.510,180.4,10,Team Korthoff Motorsports,GTD,,,Mercedes-AMG GT3,M,2335,463,4,224,7643,3,,15132,,,Mike,Skeen,Silver,,USA,,830,4,Silver,,,Mikael,Grenier,Gold,,CAN,,1624,3,Gold,,,,,,,,,,,,,,,,,,,,,,,,,,,
28,92,6,1:20.477,+12.508,+1.521,177.0,15,Kellymoss with Riley,GTD,B,,Porsche 911 GT3 R (992),M,2201,465,4,192,112,3,,15137,,,David,Brule,Bronze,,USA,,2924,1,Bronze,,,Alec,Udell,Silver,,USA,,866,2,Silver,,,,,,,,,,,,,,,,,,,,,,,,,,,
29,4,5,1:28.401,+20.432,+7.924,161.2,6,Ave Motorsports,LMP3,,,Ligier JS P320,M,2360,163,36,96,7650,3,,15118,,,George,Staikos,Bronze,,CAN,,1916,5,Bronze,,,Antoine,Comeau,Bronze,,CAN,,2523,4,Bronze,,,,,,,,,,,,,,,,,,,,,,,,,,,
30,9,0,,,,,0,Pfaff Motorsports,GTDPRO,,,Porsche 911 GT3 R (992),M,2251,390,41,192,112,3,,15122,,,Klaus,Bachler,Platinum,,AUT,,663,2,Platinum,,,Patrick,Pilet,Platinum,,FRA,,3037,3,Platinum,,,,,,,,,,,,,,,,,,,,,,,,,,,
31,13,0,,,,,0,AWA,LMP3,,,Duqueine D08,M,1675,217,36,105,7665,3,,15116,,,Orey,Fidani,Bronze,,CAN,,973,3,Bronze,,,Matthew,Bell,Gold,,GBR,,424,4,Gold,,,,,,,,,,,,,,,,,,,,,,,,,,,
32,30,0,,,,,0,Jr III Racing,LMP3,,,Ligier JS P320,M,2356,283,36,96,7650,3,,15113,,,Ari,Balogh,Bronze,,USA,,1081,1,Bronze,,,Garett,Grist,Gold,,CAN,,1388,2,Gold,,,,,,,,,,,,,,,,,,,,,,,,,,,
33,57,0,,,,,0,Winward Racing,GTD,,,Mercedes-AMG GT3,M,2330,304,4,224,7643,3,,15125,,,Russell,Ward,Silver,,USA,,1252,1,Silver,,,Philip,Ellis,Gold,,DEU,,1936,2,Gold,,,,,,,,,,,,,,,,,,,,,,,,,,,
34,74,0,,,,,0,Riley,LMP3,,,Ligier JS P320,M,2200,149,36,96,7650,3,,15117,,,Gar,Robinson,Bronze,,USA,,861,1,Bronze,,,Felipe,Fraga,Gold,,BRA,,1750,2,Gold,,,,,,,,,,,,,,,,,,,,,,,,,,,
