﻿POSITION,NUMBER,STATUS,LAPS,TOTAL_TIME,GAP_FIRST,GAP_PREVIOUS,FL_LAPNUM,FL_TIME,FL_KPH,TEAM,CLASS,GROUP,DIVISION,VEHICLE,TIRES,IMSA_CarId,IMSA_TeamId,IMSA_ClassId,IMSA_CarTypeId,IMSA_ManufacturerId,IMSA_TireId,IMSA_SponsorId,IMSA_EventEntryId,*Extra 9,*Extra 10,DRIVER1_FIRSTNAME,DRIVER1_SECONDNAME,DRIVER1_LICENSE,DRIVER1_HOMETOWN,DRIVER1_COUNTRY,DRIVER1_SHORTNAME,DRIVER1_IMSA_DriverId,DRIVER1_IMSA_DriverPlugId,DRIVER1_IMSA_DriverRatingLong,DRIVER1_*Extra 4,DRIVER1_*Extra 5,DRIVER2_FIRSTNAME,DRIVER2_SECONDNAME,DRIVER2_LICENSE,DRIVER2_HOMETOWN,DRIVER2_COUNTRY,DRIVER2_SHORTNAME,DRIVER2_IMSA_DriverId,DRIVER2_IMSA_DriverPlugId,DRIVER2_IMSA_DriverRatingLong,DRIVER2_*Extra 4,DRIVER2_*Extra 5,DRIVER3_FIRSTNAME,DRIVER3_SECONDNAME,DRIVER3_LICENSE,DRIVER3_HOMETOWN,DRIVER3_COUNTRY,DRIVER3_SHORTNAME,DRIVER3_IMSA_DriverId,DRIVER3_IMSA_DriverPlugId,DRIVER3_IMSA_DriverRatingLong,DRIVER3_*Extra 4,DRIVER3_*Extra 5,DRIVER4_FIRSTNAME,DRIVER4_SECONDNAME,DRIVER4_LICENSE,DRIVER4_HOMETOWN,DRIVER4_COUNTRY,DRIVER4_SHORTNAME,DRIVER4_IMSA_DriverId,DRIVER4_IMSA_DriverPlugId,DRIVER4_IMSA_DriverRatingLong,DRIVER4_*Extra 4,DRIVER4_*Extra 5,DRIVER5_FIRSTNAME,DRIVER5_SECONDNAME,DRIVER5_LICENSE,DRIVER5_HOMETOWN,DRIVER5_COUNTRY,DRIVER5_SHORTNAME,DRIVER5_IMSA_DriverId,DRIVER5_IMSA_DriverPlugId,DRIVER5_IMSA_DriverRatingLong,DRIVER5_*Extra 4,DRIVER5_*Extra 5,DRIVER6_FIRSTNAME,DRIVER6_SECONDNAME,DRIVER6_LICENSE,DRIVER6_HOMETOWN,DRIVER6_COUNTRY,DRIVER6_SHORTNAME,DRIVER6_IMSA_DriverId,DRIVER6_IMSA_DriverPlugId,DRIVER6_IMSA_DriverRatingLong,DRIVER6_*Extra 4,DRIVER6_*Extra 5,
1,60,Classified,120,2:41:01.603,-,-,91,1:07.562,210.9,Meyer Shank Racing w/ Curb Agajanian,GTP,,,Acura ARX-06,M,2267,3,44,195,7641,3,,15106,,,Tom,Blomqvist,Platinum,,MCO,,1718,1,Platinum,,,Colin,Braun,Gold,,USA,,61,2,Gold,,,,,,,,,,,,,,,,,,,,,,,,,,,
2,10,Classified,120,2:41:10.760,+9.157,+9.157,75,1:07.585,210.8,Konica Minolta Acura ARX-06,GTP,,,Acura ARX-06,M,2191,234,44,195,7641,3,,15110,,,Ricky,Taylor,Platinum,,USA,,608,1,Platinum,,,Filipe,Albuquerque,Platinum,,PRT,,1194,2,Platinum,,,,,,,,,,,,,,,,,,,,,,,,,,,
3,25,Classified,120,2:41:20.168,+18.565,+9.408,26,1:08.335,208.5,BMW M Team RLL,GTP,,,BMW M Hybrid V8,M,2155,395,44,190,74,3,,15105,,,Connor,De Phillippi,Gold,,USA,,698,2,Gold,,,Nick,Yelloly,Platinum,,GBR,,2205,1,Platinum,,,,,,,,,,,,,,,,,,,,,,,,,,,
4,5,Classified,120,2:41:21.134,+19.531,+0.966,31,1:08.490,208.0,JDC Miller MotorSports,GTP,,,Porsche 963,M,2276,15,44,193,112,3,,15111,,,Tijmen,van der Helm,Gold,,NLD,,2687,1,Gold,,,Mike,Rockenfeller,Platinum,,CHE,,625,2,Platinum,,,,,,,,,,,,,,,,,,,,,,,,,,,
5,6,Classified,120,2:41:22.243,+20.640,+1.109,30,1:08.259,208.7,Porsche Penske Motorsports,GTP,,,Porsche 963,M,2189,200,44,193,112,3,,15108,,,Nick,Tandy,Platinum,,GBR,,124,1,Platinum,,,Mathieu,Jaminet,Platinum,,FRA,,1449,2,Platinum,,,,,,,,,,,,,,,,,,,,,,,,,,,
6,7,Classified,120,2:41:24.005,+22.402,+1.762,91,1:07.623,210.7,Porsche Penske Motorsports,GTP,,,Porsche 963,M,2190,200,44,193,112,3,,15109,,,Matt,Campbell,Platinum,,AUS,,1791,1,Platinum,,,Felipe,Nasr,Platinum,,BRA,,1598,2,Platinum,,,,,,,,,,,,,,,,,,,,,,,,,,,
7,31,Classified,120,2:41:25.486,+23.883,+1.481,96,1:07.422,211.3,Whelen Engineering Cadillac Racing,GTP,,,Cadillac V-Series.R,M,2196,344,44,228,7646,3,,15112,,,Pipo,Derani,Platinum,,BRA,,1083,3,Platinum,,,Alexander,Sims,Platinum,,GBR,,1261,2,Platinum,,,,,,,,,,,,,,,,,,,,,,,,,,,
8,24,Classified,120,2:41:55.976,+54.373,+30.490,114,1:08.659,207.5,BMW M Team RLL,GTP,,,BMW M Hybrid V8,M,2154,395,44,190,74,3,,15104,,,Philipp,Eng,Platinum,,AUT,,883,1,Platinum,,,Augusto,Farfus,Platinum,,MCO,,3000,4,Platinum,,,,,,,,,,,,,,,,,,,,,,,,,,,
9,01,Classified,117,2:33:41.436,3 Laps,3 Laps,93,1:07.895,209.8,Cadillac Racing,GTP,,,Cadillac V-Series.R,M,2187,339,44,228,7646,3,,15107,,,Sebastien,Bourdais,Platinum,,FRA,,602,2,Platinum,,,Renger,van der Zande,Platinum,,NLD,,1998,1,Platinum,,,,,,,,,,,,,,,,,,,,,,,,,,,
10,74,Classified,113,2:41:02.644,7 Laps,4 Laps,102,1:12.707,195.9,Riley,LMP3,,,Ligier JS P320,M,2200,149,36,96,7650,3,,15117,,,Gar,Robinson,Bronze,,USA,,861,1,Bronze,,,Felipe,Fraga,Gold,,BRA,,1750,2,Gold,,,,,,,,,,,,,,,,,,,,,,,,,,,
11,30,Classified,113,2:41:03.315,7 Laps,+0.671,101,1:12.420,196.7,Jr III Racing,LMP3,,,Ligier JS P320,M,2356,283,36,96,7650,3,,15113,,,Ari,Balogh,Bronze,,USA,,1081,1,Bronze,,,Garett,Grist,Gold,,CAN,,1388,2,Gold,,,,,,,,,,,,,,,,,,,,,,,,,,,
12,17,Classified,113,2:41:10.113,7 Laps,+6.798,103,1:13.026,195.1,AWA,LMP3,,,Duqueine D08,M,2108,217,36,105,7665,3,,15114,,,Anthony,Mantella,Bronze,,CAN,,2682,2,Bronze,,,Wayne,Boyd,Gold,,GBR,,3002,3,Gold,,,,,,,,,,,,,,,,,,,,,,,,,,,
13,13,Classified,113,2:41:15.913,7 Laps,+5.800,104,1:12.803,195.7,AWA,LMP3,,,Duqueine D08,M,1675,217,36,105,7665,3,,15116,,,Orey,Fidani,Bronze,,CAN,,973,3,Bronze,,,Matthew,Bell,Gold,,GBR,,424,4,Gold,,,,,,,,,,,,,,,,,,,,,,,,,,,
14,33,Classified,113,2:41:18.846,7 Laps,+2.933,107,1:13.206,194.6,Sean Creech Motorsport,LMP3,,,Ligier JS P320,M,1603,286,36,96,7650,3,,15115,,,Lance,Willsey,Bronze,,USA,,664,2,Bronze,,,Joao,Barbosa,Gold,,USA,,182,1,Gold,,,,,,,,,,,,,,,,,,,,,,,,,,,
15,3,Classified,111,2:41:32.482,9 Laps,2 Laps,29,1:16.508,186.2,Corvette Racing,GTDPRO,,,Chevrolet Corvette C8.R GTD,M,2253,23,41,110,105,3,,15123,,,Antonio,Garcia,Platinum,,ESP,,12,1,Platinum,,,Jordan,Taylor,Platinum,,USA,,13,2,Platinum,,,,,,,,,,,,,,,,,,,,,,,,,,,
16,9,Classified,111,2:41:32.858,9 Laps,+0.376,37,1:16.895,185.3,Pfaff Motorsports,GTDPRO,,,Porsche 911 GT3 R (992),M,2251,390,41,192,112,3,,15122,,,Klaus,Bachler,Platinum,,AUT,,663,2,Platinum,,,Patrick,Pilet,Platinum,,FRA,,3037,3,Platinum,,,,,,,,,,,,,,,,,,,,,,,,,,,
17,1,Classified,111,2:41:37.690,9 Laps,+4.832,39,1:16.647,185.9,Paul Miller Racing,GTD,,,BMW M4 GT3,M,1558,34,4,111,74,3,,15128,,,Bryan,Sellers,Gold,,USA,,18,1,Gold,,,Madison,Snow,Silver,,USA,,155,2,Silver,,,,,,,,,,,,,,,,,,,,,,,,,,,
18,70,Classified,111,2:41:38.085,9 Laps,+0.395,40,1:16.524,186.2,Inception Racing,GTD,B,,McLaren 720S GT3 EVO,M,1520,388,4,81,7651,3,,15134,,,Brendan,Iribe,Bronze,,USA,,2622,1,Bronze,,,Frederik,Schandorff,Gold,,DNK,,2995,2,Gold,,,,,,,,,,,,,,,,,,,,,,,,,,,
19,79,Classified,111,2:41:38.845,9 Laps,+0.760,30,1:16.615,185.9,WeatherTech Racing,GTDPRO,,,Mercedes-AMG GT3,M,2244,360,41,204,7643,3,,15119,,,Daniel,Juncadella,Platinum,,ESP,,1584,2,Platinum,,,Jules,Gounon,Platinum,,FRA,,1224,1,Platinum,,,,,,,,,,,,,,,,,,,,,,,,,,,
20,32,Classified,111,2:41:41.653,9 Laps,+2.808,44,1:17.039,184.9,Team Korthoff Motorsports,GTD,,,Mercedes-AMG GT3,M,2335,463,4,224,7643,3,,15132,,,Mike,Skeen,Silver,,USA,,830,4,Silver,,,Mikael,Grenier,Gold,,CAN,,1624,3,Gold,,,,,,,,,,,,,,,,,,,,,,,,,,,
21,27,Classified,111,2:41:44.433,9 Laps,+2.780,39,1:16.782,185.5,Heart of Racing Team,GTD,,,Aston Martin Vantage GT3,M,1510,294,4,18,73,3,,15129,,,Roman,De Angelis,Silver,,CAN,,1379,1,Silver,,,Marco,Sorensen,Platinum,,MCO,,2721,2,Platinum,,,,,,,,,,,,,,,,,,,,,,,,,,,
22,97,Classified,110,2:41:05.039,10 Laps,1 Lap,42,1:17.273,184.4,Turner Motorsport,GTD,,,BMW M4 GT3,M,2397,38,4,111,74,3,,15138,,,Bill,Auberlen,Gold,,USA,,39,1,Gold,,,Chandler,Hull,Silver,,USA,,2152,2,Silver,,,,,,,,,,,,,,,,,,,,,,,,,,,
23,12,Classified,110,2:41:06.271,10 Laps,+1.232,42,1:16.730,185.7,Vasser Sullivan,GTD,,,Lexus RC F GT3,M,931,336,4,46,7644,3,,15131,,,Frankie,Montecalvo,Silver,,USA,,1279,1,Silver,,,Aaron,Telitz,Gold,,USA,,1780,2,Gold,,,,,,,,,,,,,,,,,,,,,,,,,,,
24,77,Classified,110,2:41:06.816,10 Laps,+0.545,37,1:16.895,185.3,Wright Motorsports,GTD,B,,Porsche 911 GT3 R (992),M,2185,111,4,192,112,3,,15133,,,Alan,Brynjolfsson,Bronze,,USA,,1271,1,Bronze,,,Trent,Hindman,Gold,,USA,,244,2,Gold,,,,,,,,,,,,,,,,,,,,,,,,,,,
25,80,Classified,110,2:41:19.432,10 Laps,+12.616,43,1:17.080,184.8,AO Racing,GTD,B,,Porsche 911 GT3 R (992),M,2204,466,4,192,112,3,,15136,,,PJ,Hyett,Bronze,,USA,,2947,1,Bronze,,,Seb,Priaulx,Gold,,GBR,,3009,2,Gold,,,,,,,,,,,,,,,,,,,,,,,,,,,
26,91,Classified,110,2:41:26.367,10 Laps,+6.935,43,1:17.150,184.7,Kellymoss with Riley,GTD,B,,Porsche 911 GT3 R (992),M,2202,465,4,192,112,3,,15135,,,Alan,Metni,Bronze,,USA,,1344,1,Bronze,,,Kay,van Berlo,Silver,,NLD,,1759,2,Silver,,,,,,,,,,,,,,,,,,,,,,,,,,,
27,4,Classified,110,2:41:30.980,10 Laps,+4.613,43,1:14.591,191.0,Ave Motorsports,LMP3,,,Ligier JS P320,M,2360,163,36,96,7650,3,,15118,,,George,Staikos,Bronze,,CAN,,1916,5,Bronze,,,Antoine,Comeau,Bronze,,CAN,,2523,4,Bronze,,,,,,,,,,,,,,,,,,,,,,,,,,,
28,57,Classified,110,2:41:37.225,10 Laps,+6.245,83,1:16.811,185.5,Winward Racing,GTD,,,Mercedes-AMG GT3,M,2330,304,4,224,7643,3,,15125,,,Russell,Ward,Silver,,USA,,1252,1,Silver,,,Philip,Ellis,Gold,,DEU,,1936,2,Gold,,,,,,,,,,,,,,,,,,,,,,,,,,,
29,66,Classified,103,2:41:14.689,17 Laps,7 Laps,43,1:17.065,184.9,Gradient Racing,GTD,B,,Acura NSX GT3,M,1416,328,4,43,7641,3,,15130,,,Sheena,Monk,Bronze,,USA,,1532,3,Bronze,,,Katherine,Legge,Gold,,GBR,,2305,1,Gold,,,,,,,,,,,,,,,,,,,,,,,,,,,
30,92,Classified,103,2:41:17.177,17 Laps,+2.488,50,1:17.473,183.9,Kellymoss with Riley,GTD,B,,Porsche 911 GT3 R (992),M,2201,465,4,192,112,3,,15137,,,David,Brule,Bronze,,USA,,2924,1,Bronze,,,Alec,Udell,Silver,,USA,,866,2,Silver,,,,,,,,,,,,,,,,,,,,,,,,,,,
31,14,Classified,89,2:41:29.768,31 Laps,14 Laps,44,1:16.841,185.4,Vasser Sullivan,GTDPRO,,,Lexus RC F GT3,M,2250,336,41,46,7644,3,,15121,,,Jack,Hawksworth,Gold,,GBR,,838,2,Gold,,,Ben,Barnicoat,Platinum,,GBR,,2620,1,Platinum,,,,,,,,,,,,,,,,,,,,,,,,,,,
32,96,Classified,86,2:02:09.462,34 Laps,3 Laps,39,1:16.707,185.7,Turner Motorsport,GTD,,,BMW M4 GT3,M,1553,38,4,111,74,3,,15126,,,Patrick,Gallagher,Silver,,USA,,1593,1,Silver,,,Robby,Foley,Gold,,USA,,1302,2,Gold,,,,,,,,,,,,,,,,,,,,,,,,,,,
33,78,Classified,82,2:41:08.813,38 Laps,4 Laps,28,1:17.225,184.5,Forte Racing Powered by USRT,GTD,,,Lamborghini Huracan GT3 EVO2,M,2156,396,4,194,1609,3,,15127,,,Misha,Goikhberg,Silver,,CAN,,168,1,Silver,,,Loris,Spinelli,Gold,,ITA,,3038,2,Gold,,,,,,,,,,,,,,,,,,,,,,,,,,,
34,23,Classified,58,1:16:25.222,62 Laps,24 Laps,32,1:16.819,185.5,Heart of Racing Team,GTDPRO,,,Aston Martin Vantage GT3,M,2246,294,41,18,73,3,,15120,,,Ross,Gunn,Gold,,GBR,,1905,1,Gold,,,Alex,Riberas,Gold,,ESP,,659,2,Gold,,,,,,,,,,,,,,,,,,,,,,,,,,,
