﻿POS,NUMBER,LAP,TIME,GAP_FIRST,GAP_PREVIOUS,KPH, LAPS,TEAM,CLASS,GROUP,DIVISION,VEHICLE,TIRES,IMSA_CarId,IMSA_TeamId,IMSA_ClassId,IMSA_CarTypeId,IMSA_ManufacturerId,IMSA_TireId,IMSA_SponsorId,IMSA_EventEntryId,*Extra 9,*Extra 10,DRIVER1_FIRSTNAME,DRIVER1_SECONDNAME,DRIVER1_LICENSE,DRIVER1_HOMETOWN,DRIVER1_COUNTRY,DRIVER1_SHORTNAME,DRIVER1_IMSA_DriverId,DRIVER1_IMSA_DriverPlugId,DRIVER1_IMSA_DriverRatingLong,DRIVER1_*Extra 4,DRIVER1_*Extra 5,DRIVER2_FIRSTNAME,DRIVER2_SECONDNAME,DRIVER2_LICENSE,DRIVER2_HOMETOWN,DRIVER2_COUNTRY,DRIVER2_SHORTNAME,DRIVER2_IMSA_DriverId,DRIVER2_IMSA_DriverPlugId,DRIVER2_IMSA_DriverRatingLong,DRIVER2_*Extra 4,DRIVER2_*Extra 5,DRIVER3_FIRSTNAME,DRIVER3_SECONDNAME,DRIVER3_LICENSE,DRIVER3_HOMETOWN,DRIVER3_COUNTRY,DRIVER3_SHORTNAME,DRIVER3_IMSA_DriverId,DRIVER3_IMSA_DriverPlugId,DRIVER3_IMSA_DriverRatingLong,DRIVER3_*Extra 4,DRIVER3_*Extra 5,DRIVER4_FIRSTNAME,DRIVER4_SECONDNAME,DRIVER4_LICENSE,DRIVER4_HOMETOWN,DRIVER4_COUNTRY,DRIVER4_SHORTNAME,DRIVER4_IMSA_DriverId,DRIVER4_IMSA_DriverPlugId,DRIVER4_IMSA_DriverRatingLong,DRIVER4_*Extra 4,DRIVER4_*Extra 5,DRIVER5_FIRSTNAME,DRIVER5_SECONDNAME,DRIVER5_LICENSE,DRIVER5_HOMETOWN,DRIVER5_COUNTRY,DRIVER5_SHORTNAME,DRIVER5_IMSA_DriverId,DRIVER5_IMSA_DriverPlugId,DRIVER5_IMSA_DriverRatingLong,DRIVER5_*Extra 4,DRIVER5_*Extra 5,DRIVER6_FIRSTNAME,DRIVER6_SECONDNAME,DRIVER6_LICENSE,DRIVER6_HOMETOWN,DRIVER6_COUNTRY,DRIVER6_SHORTNAME,DRIVER6_IMSA_DriverId,DRIVER6_IMSA_DriverPlugId,DRIVER6_IMSA_DriverRatingLong,DRIVER6_*Extra 4,DRIVER6_*Extra 5,
1,10,10,1:35.309,-,-,216.4,31,Konica Minolta Acura ARX-05,DPi,,,Acura DPi,M,948,81,27,65,7641,3,,11976,,,Ricky,Taylor,Platinum,,USA,,608,1,Platinum,,,Filipe,Albuquerque,Platinum,,PRT,,1194,2,Platinum,,,Alexander,Rossi,Platinum,,USA,,599,3,Platinum,,,Will,Stevens,Platinum,,GBR,,2698,4,Platinum,,,,,,,,,,,,,,,
2,60,8,1:35.602,+0.293,+0.293,215.7,26,Meyer Shank Racing W/Curb-Agajanian,DPi,,,Acura DPi,M,947,3,27,65,7641,3,,11977,,,Oliver,Jarvis,Platinum,,GBR,,1999,1,Platinum,,,Tom,Blomqvist,Platinum,,MCO,,1718,2,Platinum,,,Helio,Castroneves,Platinum,,BRA,,1525,6,Platinum,,,Simon,Pagenaud,Platinum,,FRA,,3,4,Platinum,,,,,,,,,,,,,,,
3,01,16,1:35.942,+0.633,+0.340,215.0,29,Cadillac Racing,DPi,,,Cadillac DPi,M,943,339,27,49,7646,3,,11978,,,Renger,van der Zande,Gold,,NLD,,1998,1,Gold,,,Sebastien,Bourdais,Platinum,,FRA,,602,2,Platinum,,,Scott,Dixon,Platinum,,NZL,,2699,4,Platinum,,,Alex,Palou,Gold,,ESP,,2697,3,Gold,,,,,,,,,,,,,,,
4,02,27,1:35.962,+0.653,+0.020,214.9,29,Cadillac Racing,DPi,,,Cadillac DPi,M,1549,339,27,49,7646,3,,11979,,,Earl,Bamber,Platinum,,NZL,,651,1,Platinum,,,Alex,Lynn,Platinum,,GBR,,1313,2,Platinum,,,Marcus,Ericsson,Platinum,,SWE,,2689,3,Platinum,,,Kevin,Magnussen,Platinum,,DNK,,2411,4,Platinum,,,,,,,,,,,,,,,
5,48,4,1:36.171,+0.862,+0.209,214.5,29,Ally Cadillac,DPi,,,Cadillac DPi,M,1539,159,27,49,7646,3,,11973,,,Kamui,Kobayashi,Platinum,,JPN,,1778,2,Platinum,,,Mike,Rockenfeller,Platinum,,DEU,,625,4,Platinum,,,Jose Maria,Lopez,Platinum,,ARG,,2765,3,Platinum,,,Jimmie,Johnson,Platinum,,USA,,2244,1,Platinum,,,,,,,,,,,,,,,
6,5,10,1:36.177,+0.868,+0.006,214.5,29,JDC Miller MotorSports,DPi,,,Cadillac DPi,M,758,270,27,49,7646,3,,11975,,,Tristan,Vautier,Gold,,FRA,,635,1,Gold,,,Richard,Westbrook,Platinum,,GBR,,2688,2,Platinum,,,Loic,Duval,Platinum,,FRA,,1274,3,Platinum,,,Ben,Keating,Bronze,,USA,,378,4,Bronze,,,,,,,,,,,,,,,
7,31,11,1:36.188,+0.879,+0.011,214.4,30,Whelen Engineering Racing,DPi,,,Cadillac DPi,M,741,159,27,49,7646,3,,11974,,,Pipo,Derani,Platinum,,BRA,,1083,3,Platinum,,,Tristan,Nunez,Gold,,USA,,169,1,Gold,,,Mike,Conway,Platinum,,GBR,,2710,2,Platinum,,,,,,,,,,,,,,,,,,,,,
8,29,8,1:36.262,+0.953,+0.074,214.3,32,Racing Team Nederland,LMP2,,,ORECA LMP2 07,M,927,335,28,85,7637,3,,11989,,,Frits,Van Eerd,Bronze,,NLD,,2268,1,Bronze,,,Giedo,van der Garde,Platinum,,NLD,,2715,2,Platinum,,,Dylan,Murry,Silver,,USA,,1571,3,Silver,,,Rinus,Van Kalmthout,Gold,,NLD,,2420,4,Gold,,,,,,,,,,,,,,,
9,8,8,1:37.334,+2.025,+1.072,211.9,30,Tower Motorsport,LMP2,,,ORECA LMP2 07,M,973,352,28,85,7637,3,,11987,,,John,Farano,Bronze,,CAN,,441,1,Bronze,,,Louis,Deletraz,Gold,,CHE,,2701,2,Gold,,,Rui,Pinto de Andrade,Silver,,PRT,,2764,3,Silver,,,Ferdinand,Habsburg-Lothringen,Gold,,AUT,,2781,4,Gold,,,,,,,,,,,,,,,
10,20,14,1:37.592,+2.283,+0.258,211.3,34,High Class Racing,LMP2,,,ORECA LMP2 07,M,968,348,28,85,7637,3,,11980,,,Dennis,Andersen,Bronze,,DNK,,2737,1,Bronze,,,Anders,Fjordbach,Silver,,DNK,,2718,2,Silver,,,Fabio,Scherer,Gold,,CHE,,2738,3,Gold,,,Nico,Mueller,Platinum,,CHE,,2706,4,Platinum,,,,,,,,,,,,,,,
11,11,10,1:37.717,+2.408,+0.125,211.1,30,PR1 Mathiasen Motorsports,LMP2,,,ORECA LMP2 07,M,1556,16,28,85,7637,3,,11982,,,Josh,Pierson,Silver,,USA,,2761,6,Silver,,,Harry,Tincknell,Platinum,,GBR,,1288,3,Platinum,,,Steven,Thomas,Bronze,,USA,,1919,5,Bronze,,,Jonathan,Bomarito,Gold,,USA,,309,2,Gold,,,,,,,,,,,,,,,
12,81,9,1:37.960,+2.651,+0.243,210.5,31,DragonSpeed USA,LMP2,,,ORECA LMP2 07,M,797,305,28,85,7637,3,,11988,,,Eric,Lux,Bronze,,USA,,96,1,Bronze,,,Devlin,Defrancesco,Silver,,USA,,1625,2,Silver,,,Patricio,O'Ward,Gold,,MEX,,1132,3,Gold,,,Colton,Herta,Gold,,USA,,1602,4,Gold,,,,,,,,,,,,,,,
13,52,6,1:37.964,+2.655,+0.004,210.5,31,PR1 Mathiasen Motorsports,LMP2,,,ORECA LMP2 07,M,776,16,28,85,7637,3,,11983,,,Ben,Keating,Bronze,,USA,,378,1,Bronze,,,Mikkel,Jensen,Gold,,DNK,,2714,2,Gold,,,Scott,Huffaker,Silver,,USA,,1852,3,Silver,,,Nicolas,Lapierre,Platinum,,CHE,,1143,6,Platinum,,,,,,,,,,,,,,,
14,18,8,1:38.125,+2.816,+0.161,210.2,29,Era Motorsport,LMP2,,,ORECA LMP2 07,M,761,291,28,85,7637,3,,11981,,,Dwight,Merriman,Bronze,,USA,,1930,1,Bronze,,,Kyle,Tilley,Silver,,GBR,,1079,2,Silver,,,Ryan,Dalziel,Gold,,GBR,,192,3,Gold,,,Paul-Loup,Chatin,Gold,,FRA,,2401,4,Gold,,,,,,,,,,,,,,,
15,69,10,1:38.568,+3.259,+0.443,209.3,33,G-Drive Racing By APR,LMP2,,,ORECA LMP2 07,M,1570,398,28,85,7637,3,,11984,,,John,Falb,Bronze,,USA,,725,1,Bronze,,,James,Allen,Gold,,AUS,,2734,2,Gold,,,Luca,Ghiotto,Platinum,,ITA,,2757,3,Platinum,,,Tijmen,van der Helm,Silver,,NLD,,2687,4,Silver,,,,,,,,,,,,,,,
16,68,28,1:38.981,+3.672,+0.413,208.4,29,G-Drive Racing By APR,LMP2,,,ORECA LMP2 07,M,1573,398,28,85,7637,3,,11985,,,Francois,Heriau,Bronze,,FRA,,2749,1,Bronze,,,Oliver,Rasmussen,Silver,,FRA,,2751,2,Silver,,,Ed,Jones,Gold,,ARE,,2418,3,Gold,,,Rene,Rast,Platinum,,AUT,,674,4,Platinum,,,,,,,,,,,,,,,
17,22,7,1:40.056,+4.747,+1.075,206.1,28,United Autosports,LMP2,,,ORECA LMP2 07,M,1355,370,28,85,7637,3,,11986,,,James,McGuire,Bronze,,USA,,921,1,Bronze,,,Guy,Smith,Gold,,GBR,,2683,2,Gold,,,Phil,Hanson,Gold,,GBR,,2754,3,Gold,,,Will,Owen,Silver,,USA,,1411,4,Silver,,,,,,,,,,,,,,,
18,38,10,1:43.413,+8.104,+3.357,199.4,27,Performance Tech Motorsports,LMP3,,,Ligier JS P320,M,1607,289,36,96,7650,3,,11994,,,Dan,Goldburg,Bronze,,USA,,1915,1,Bronze,,,Hikaru,Abe,Bronze,,JPN,,2756,3,Bronze,,,Garett,Grist,Gold,,CAN,,1388,2,Gold,,,Nico,Pino,Silver,,CHL,,2770,4,Silver,,,,,,,,,,,,,,,
19,6,6,1:44.064,+8.755,+0.651,198.2,28,Muehlner Motorsports America,LMP3,,,Duqueine D08,M,1610,51,36,105,7665,3,,11997,,,Efrin,Castro,Bronze,,DOM,,1857,1,Bronze,,,Moritz,Kranz,Silver,,DEU,,1505,2,Silver,,,Ayrton,Ori,Silver,,USA,,2261,3,Silver,,,Joel,Miller,Gold,,USA,,634,4,Gold,,,,,,,,,,,,,,,
20,36,13,1:44.163,+8.854,+0.099,198.0,24,Andretti Autosport,LMP3,,,Ligier JS P320,M,1611,357,36,96,7650,3,,11998,,,Jarett,Andretti,Silver,,USA,,2292,1,Silver,,,Josh,Burdon,Silver,,AUS,,2748,2,Silver,,,Rasmus,Lindh,Silver,,SWE,,2101,3,Silver,,,Gabby,Chaves,Gold,,COL,,600,4,Gold,,,,,,,,,,,,,,,
21,54,10,1:44.297,+8.988,+0.134,197.8,26,CORE Autosport,LMP3,,,Ligier JS P320,M,1604,174,36,96,7650,3,,11991,,,Jon,Bennett,Bronze,,USA,,60,1,Bronze,,,Colin,Braun,Gold,,USA,,61,2,Gold,,,George,Kurtz,Bronze,,USA,,1612,3,Bronze,,,Nic,Jonsson,Silver,,SWE,,41,4,Silver,,,,,,,,,,,,,,,
22,33,5,1:44.400,+9.091,+0.103,197.6,28,Sean Creech Motorsport,LMP3,,,Ligier JS P320,M,1603,286,36,96,7650,3,,11990,,,Joao,Barbosa,Gold,,PRT,,182,1,Gold,,,Malthe,Jakobsen,Silver,,DNK,,2782,4,Silver,,,Seb,Priaulx,Silver,,GBR,,2736,3,Silver,,,Lance,Willsey,Bronze,,USA,,664,2,Bronze,,,,,,,,,,,,,,,
23,26,12,1:44.419,+9.110,+0.019,197.5,18,Muehlner Motorsports America,LMP3,,,Duqueine D08,M,1609,51,36,105,7665,3,,11996,,,Cameron,Shields,Silver,,AUS,,2696,2,Silver,,,R,Crews,Bronze,,USA,,1922,3,Bronze,,,Nolan,Siegel,,,United States,,2421,1,,,,Ugo,de Wilde,Gold,,BEL,,2610,4,Gold,,,,,,,,,,,,,,,
24,74,18,1:44.519,+9.210,+0.100,197.3,31,Riley Motorsports,LMP3,,,Ligier JS P320,M,1606,35,36,96,7650,3,,11993,,,Gar,Robinson,Silver,,USA,,861,1,Silver,,,Felipe,Fraga,Gold,,BRA,,1750,2,Gold,,,Kay,van Berlo,Silver,,NLD,,1759,3,Silver,,,Michael,Cooper,Silver,,USA,,2550,4,Silver,,,,,,,,,,,,,,,
25,13,6,1:44.654,+9.345,+0.135,197.1,29,AWA,LMP3,,,Duqueine D08,M,1605,217,36,105,7665,3,,11992,,,Orey,Fidani,Bronze,,CAN,,973,3,Bronze,,,Kuno,Wittmer,Gold,,CAN,,237,2,Gold,,,Lars,Kern,Silver,,DEU,,1785,1,Silver,,,Matthew,Bell,Silver,,GBR,,424,4,Silver,,,,,,,,,,,,,,,
26,7,12,1:45.664,+10.355,+1.010,195.2,14,Forty7 Motorsports,LMP3,,,Duqueine D08,M,1608,193,36,105,7665,3,,11995,,,Mark,Kvamme,Bronze,,USA,,2422,1,Bronze,,,Austin,McCusker,Silver,,USA,,1586,2,Silver,,,Trenton,Estep,Silver,,USA,,1353,3,Silver,,,Antoine,Doquin,Silver,,FRA,,2784,4,Silver,,,,,,,,,,,,,,,
27,16,4,1:46.483,+11.174,+0.819,193.7,28,Wright Motorsports,GTD,,,Porsche 911 GT3R,M,857,111,4,93,112,3,,12032,,,Ryan,Hardwick,Bronze,,USA,,1256,1,Bronze,,,Zacharie,Robichon,Silver,,CAN,,1176,2,Silver,,,Jan,Heylen,Gold,,BEL,,184,3,Gold,,,Richard,Lietz,Platinum,,AUT,,216,4,Platinum,,,,,,,,,,,,,,,
28,63,9,1:46.829,+11.520,+0.346,193.1,29,TR3 Racing,GTDPRO,,,Lamborghini Huracan GT3,M,1563,373,41,13,1609,3,,12004,,,Rolf,Ineichen,Silver,,CHE,,2763,1,Silver,,,Marco,Mapelli,Platinum,,ITA,,2700,2,Platinum,,,Andrea,Caldarelli,Platinum,,ITA,,1228,3,Platinum,,,Mirko,Bortolotti,Platinum,,ITA,,1102,4,Platinum,,,,,,,,,,,,,,,
29,19,9,1:46.882,+11.573,+0.053,193.0,29,TR3 Racing,GTD,,,Lamborghini Huracan GT3,M,1562,373,4,13,1609,3,,12022,,,Bill,Sweedler,Bronze,,USA,,116,1,Bronze,,,John,Megrue,Bronze,,USA,,2232,2,Bronze,,,Giacomo,Altoe,Gold,,ITA,,1835,3,Gold,,,Jeff,Segal,Gold,,USA,,83,4,Gold,,,,,,,,,,,,,,,
30,9,13,1:46.942,+11.633,+0.060,192.9,24,Pfaff Motorsports,GTDPRO,,,Porsche 911 GT3R,M,1536,390,41,93,112,3,,11999,,,Matt,Campbell,Gold,,AUS,,1791,2,Gold,,,Mathieu,Jaminet,Gold,,FRA,,2707,3,Gold,,,Felipe,Nasr,Platinum,,BRA,,1598,4,Platinum,,,,,,,,,,,,,,,,,,,,,
31,34,4,1:47.006,+11.697,+0.064,192.7,29,GMG Racing,GTD,,,Porsche 911 GT3R,M,1513,387,4,93,112,3,,12028,,,Kyle,Washington,Bronze,,USA,,2608,1,Bronze,,,James,Sofronas,Bronze,,USA,,106,2,Bronze,,,Jeroen,Bleekemolen,Gold,,NLD,,186,3,Gold,,,Klaus,Bachler,Gold,,AUT,,663,4,Gold,,,,,,,,,,,,,,,
32,24,3,1:47.065,+11.756,+0.059,192.6,28,BMW M Team RLL,GTDPRO,,,BMW M4 GT3,M,1566,395,41,111,74,3,,12006,,,Philipp,Eng,Platinum,,AUT,,883,4,Platinum,,,Marco,Wittmann,Platinum,,DEU,,2735,2,Platinum,,,Nick,Yelloly,Gold,,GBR,,2205,1,Gold,,,Sheldon,van der Linde,Gold,,ZAF,,1524,3,Gold,,,,,,,,,,,,,,,
33,97,8,1:47.216,+11.907,+0.151,192.4,9,WeatherTech Racing,GTDPRO,,,Mercedes-AMG GT3,M,1591,360,41,45,7643,3,,12011,,,Cooper,MacNeil,Silver,,USA,,113,1,Silver,,,Daniel,Juncadella,Platinum,,ESP,,1584,2,Platinum,,,Maro,Engel,Platinum,,DEU,,1092,3,Platinum,,,Jules,Gounon,Platinum,,FRA,,1224,4,Platinum,,,,,,,,,,,,,,,
34,14,5,1:47.305,+11.996,+0.089,192.2,21,VasserSullivan,GTDPRO,,,Lexus RC F GT3,M,1550,336,41,46,7644,3,,12001,,,Jack,Hawksworth,Gold,,GBR,,838,2,Gold,,,Ben,Barnicoat,Platinum,,GBR,,2620,1,Platinum,,,Kyle,Kirkwood,Silver,,USA,,1755,3,Silver,,,,,,,,,,,,,,,,,,,,,
35,75,15,1:47.354,+12.045,+0.049,192.1,26,Sun Energy 1,GTD,,,Mercedes-AMG GT3,M,242,143,4,45,7643,3,,12033,,,Fabian,Schiller,Silver,,DEU,,1790,4,Silver,,,Kenny,Habul,Bronze,,AUS,,1115,1,Bronze,,,Luca,Stolz,Gold,,DEU,,1124,3,Gold,,,Raffaele,Marciello,Platinum,,ITA,,2259,2,Platinum,,,,,,,,,,,,,,,
36,64,7,1:47.368,+12.059,+0.014,192.1,27,TeamTGM,GTD,,,Porsche 911 GT3R,M,946,79,4,93,112,3,,12031,,,Ted,Giovanis,Bronze,,USA,,489,1,Bronze,,,Hugh,Plumb,Bronze,,USA,,421,3,Bronze,,,Matt,Plumb,Silver,,USA,,429,2,Silver,,,Owen,Trinkler,Silver,,USA,,519,5,Silver,,,,,,,,,,,,,,,
37,12,9,1:47.374,+12.065,+0.006,192.1,26,VasserSullivan,GTD,,,Lexus RC F GT3,M,931,336,4,46,7644,3,,12014,,,Frankie,Montecalvo,Silver,,USA,,1279,1,Silver,,,Aaron,Telitz,Gold,,USA,,2230,2,Gold,,,Richard,Heistand,Bronze,,USA,,1817,3,Bronze,,,Townsend,Bell,Gold,,USA,,117,4,Gold,,,,,,,,,,,,,,,
38,44,10,1:47.459,+12.150,+0.085,191.9,19,Magnus Racing,GTD,,,Aston Martin Vantage GT3,M,1554,32,4,18,73,3,,12017,,,John,Potter,Bronze,,USA,,670,1,Bronze,,,Andy,Lally,Gold,,USA,,25,2,Gold,,,Spencer,Pumpelly,Silver,,USA,,64,3,Silver,,,Jonathan,Adam,Platinum,,GBR,,2704,4,Platinum,,,,,,,,,,,,,,,
39,71,6,1:47.462,+12.153,+0.003,191.9,30,T3 Motorsport North America,GTD,,,Lamborghini Huracan GT3,M,1580,402,4,13,1609,3,,12030,,,Misha,Goikhberg,Silver,,RUS,,168,3,Silver,,,Franck,Perera,Platinum,,FRA,,2705,4,Platinum,,,Mateo,Llarena,Silver,,GTM,,2091,1,Silver,,,Maximilian,Paul,Silver,,DEU,,2728,2,Silver,,,,,,,,,,,,,,,
40,15,8,1:47.463,+12.154,+0.001,191.9,29,Proton USA,GTDPRO,,,Mercedes-AMG GT3,M,1576,4,41,45,7643,3,,12007,,,Dirk,Mueller,Platinum,,DEU,,36,2,Platinum,,,Patrick,Assenheimer,Silver,,DEU,,2690,1,Silver,,,Austin,Cindric,Gold,,USA,,878,3,Gold,,,,,,,,,,,,,,,,,,,,,
41,66,6,1:47.469,+12.160,+0.006,191.9,31,Gradient Racing,GTD,,,Acura NSX GT3,M,1416,328,4,43,7641,3,,12015,,,Kyffin,Simpson,Silver,,IOT,,2779,1,Silver,,,Till,Bechtolsheimer,Bronze,,GBR,,1152,3,Bronze,,,Marc,Miller,Silver,,USA,,455,5,Silver,,,Mario,Farnbacher,Gold,,DEU,,2685,2,Gold,,,,,,,,,,,,,,,
42,2,8,1:47.514,+12.205,+0.045,191.8,26,KCMG,GTDPRO,,,Porsche 911 GT3R,M,1589,407,41,93,112,3,,12009,,,Laurens,Vanthoor,Platinum,,BEL,,2727,1,Platinum,,,Patrick,Pilet,Platinum,,FRA,,287,2,Platinum,,,Dennis,Olsen,Gold,,NOR,,1727,3,Gold,,,Alexandre,Imperatori,Gold,,CHE,,376,4,Gold,,,,,,,,,,,,,,,
43,79,12,1:47.526,+12.217,+0.012,191.8,30,WeatherTech Racing,GTDPRO,,,Porsche 911 GT3R,M,1590,360,41,93,112,3,,12010,,,Cooper,MacNeil,Silver,,USA,,113,1,Silver,,,Julien,Andlauer,Gold,,FRA,,2753,2,Gold,,,Matteo,Cairoli,Gold,,ITA,,1298,3,Gold,,,Alessio,Picariello,Gold,,BEL,,1639,4,Gold,,,,,,,,,,,,,,,
44,47,25,1:47.681,+12.372,+0.155,191.5,33,Cetilar Racing,GTD,,,Ferrari 488 GT3,M,1560,337,4,16,106,3,,12018,,,Roberto,Lacorte,Bronze,,ITA,,2452,1,Bronze,,,Giorgio,Sernagiotto,Silver,,ITA,,2767,2,Silver,,,Antonio,Fuoco,Platinum,,ITA,,2766,3,Platinum,,,Alessio,Rovera,Gold,,ITA,,2741,4,Gold,,,,,,,,,,,,,,,
45,23,5,1:47.697,+12.388,+0.016,191.5,29,Heart of Racing Team,GTDPRO,,,Aston Martin Vantage GT3,M,1559,294,41,18,73,3,,12002,,,Ross,Gunn,Gold,,GBR,,1905,1,Gold,,,Alex,Riberas,Gold,,ESP,,2006,2,Gold,,,Maxime,Martin,Platinum,,BEL,,360,3,Platinum,,,,,,,,,,,,,,,,,,,,,
46,57,7,1:47.760,+12.451,+0.063,191.4,32,Winward Racing,GTD,,,Mercedes-AMG GT3,M,934,304,4,45,7643,3,,12012,,,Russell,Ward,Silver,,USA,,1252,1,Silver,,,Philip,Ellis,Gold,,CHE,,1936,2,Gold,,,Mikael,Grenier,Silver,,CAN,,1624,5,Silver,,,Lucas,Auer,Gold,,AUT,,2750,4,Gold,,,,,,,,,,,,,,,
47,62,24,1:47.772,+12.463,+0.012,191.4,29,Risi Competizione,GTDPRO,,,Ferrari 488 GT3,M,1579,26,41,16,106,3,,12008,,,Alessandro,Pier Guidi,Platinum,,ITA,,2238,1,Platinum,,,James,Calado,Platinum,,GBR,,1096,2,Platinum,,,Daniel,Serra,Platinum,,BRA,,687,3,Platinum,,,Davide,Rigon,Platinum,,ITA,,679,4,Platinum,,,,,,,,,,,,,,,
48,32,18,1:47.892,+12.583,+0.120,191.2,28,Gilbert Korthoff Motorsports,GTD,,,Mercedes-AMG GT3,M,1462,222,4,45,7643,3,,12021,,,Mike,Skeen,Silver,,USA,,830,1,Silver,,,Guy,Cosmo,Silver,,USA,,49,2,Silver,,,Stevan,McAleer,Silver,,GBR,,460,3,Silver,,,Scott,Andrews,Gold,,AUS,,1657,4,Gold,,,,,,,,,,,,,,,
49,59,6,1:48.017,+12.708,+0.125,190.9,28,Crucial Motorsports,GTD,,,McLaren 720S GT3,M,1577,400,4,81,7651,3,,12029,,,Lance,Bergstein,Bronze,,USA,,2556,2,Bronze,,,Jon,Miller,Silver,,USA,,499,3,Silver,,,Patrick,Gallagher,Silver,,USA,,1593,4,Silver,,,Paul,Holton,Gold,,?,,847,1,Gold,,,,,,,,,,,,,,,
50,28,9,1:48.030,+12.721,+0.013,190.9,27,Alegra Motorsports,GTD,,,Mercedes-AMG GT3,M,941,122,4,45,7643,3,,12027,,,Michael,de Quesada,Silver,,USA,,1136,4,Silver,,,Daniel,Morad,Silver,,CAN,,1144,2,Silver,,,Linus,Lundqvist,Gold,,SWE,,1811,3,Gold,,,Maximilian,Goetz,Platinum,,DEU,,2720,1,Platinum,,,,,,,,,,,,,,,
51,39,9,1:48.079,+12.770,+0.049,190.8,26,CarBahn with Peregrine Racing,GTD,,,Lamborghini Huracan GT3,M,1540,378,4,13,1609,3,,12013,,,Robert,Megennis,Silver,,USA,,2412,1,Silver,,,Corey,Lewis,Silver,,USA,,763,2,Silver,,,Sandy,Mitchell,Gold,,GBR,,1861,3,Gold,,,Jeff,Westphal,Gold,,USA,,682,4,Gold,,,,,,,,,,,,,,,
52,21,34,1:48.212,+12.903,+0.133,190.6,34,AF CORSE,GTD,,,Ferrari 488 GT3,M,922,333,4,16,106,3,,12024,,,Simon,Mann,Silver,,USA,,2435,1,Silver,,,Luis,Perez Companc,Bronze,,ARG,,2719,2,Bronze,,,Nicklas,Nielsen,Gold,,DNK,,2724,3,Gold,,,Toni,Vilander,Platinum,,FIN,,2723,4,Platinum,,,,,,,,,,,,,,,
53,70,8,1:48.348,+13.039,+0.136,190.4,28,Inception racing,GTD,,,McLaren 720S GT3,M,1520,388,4,81,7651,3,,12025,,,Brendan,Iribe,Bronze,,USA,,2622,1,Bronze,,,Frederik,Schandorff,Silver,,DNK,,2725,2,Silver,,,Ollie,Millroy,Silver,,GBR,,2755,3,Silver,,,Jordan,Pepper,Gold,,ZAF,,2716,4,Gold,,,,,,,,,,,,,,,
54,42,9,1:48.437,+13.128,+0.089,190.2,25,NTE Sport,GTD,,,Lamborghini Huracan GT3,M,1564,353,4,13,1609,3,,12023,,,Don,Yount,Bronze,,USA,,399,4,Bronze,,,Benja,Hites,Silver,,CHL,,1630,1,Silver,,,Jaden,Conwright,Silver,,USA,,2204,2,Silver,,,Markus,Palttala,Gold,,FIN,,702,3,Gold,,,,,,,,,,,,,,,
55,27,17,1:48.449,+13.140,+0.012,190.2,25,Heart of Racing Team,GTD,,,Aston Martin Vantage GT3,M,1510,294,4,18,73,3,,12019,,,Roman,De Angelis,Silver,,CAN,,1379,1,Silver,,,Ian,James,Silver,,USA,,453,2,Silver,,,Darren,Turner,Gold,,GBR,,2762,4,Gold,,,Tom,Gamble,Gold,,GBR,,2619,5,Gold,,,,,,,,,,,,,,,
56,99,7,1:48.803,+13.494,+0.354,189.6,20,Team Hardpoint,GTD,,,Porsche 911 GT3R,M,1571,399,4,93,112,3,,12026,,,Rob,Ferriol,Bronze,,USA,,1589,1,Bronze,,,Katherine,Legge,Gold,,GBR,,2305,2,Gold,,,Stefan,Wilson,Silver,,GBR,,1185,3,Silver,,,Nick,Boulle,Silver,,USA,,1091,4,Silver,,,,,,,,,,,,,,,
57,98,8,1:48.926,+13.617,+0.123,189.4,20,Northwest AMR,GTD,,,Aston Martin Vantage GT3,M,768,87,4,18,73,3,,12020,,,Paul,Dalla Lana,Bronze,,CAN,,364,1,Bronze,,,David,Pittard,Silver,,GBR,,2744,2,Silver,,,Charlie,Eastwood,Gold,,IRL,,2743,4,Gold,,,Nicki,Thiim,Platinum,,DNK,,130,3,Platinum,,,,,,,,,,,,,,,
58,25,6,1:49.015,+13.706,+0.089,189.2,7,BMW M Team RLL,GTDPRO,,,BMW M4 GT3,M,1565,395,41,111,74,3,,12005,,,Connor,De Phillippi,Gold,,USA,,698,2,Gold,,,John,Edwards,Platinum,,USA,,942,3,Platinum,,,Augusto,Farfus,Platinum,,BRA,,701,4,Platinum,,,Jesse,Krohn,Gold,,FIN,,2695,1,Gold,,,,,,,,,,,,,,,
59,4,10,1:49.961,+14.652,+0.946,187.6,23,Corvette Racing,GTDPRO,,,Chevrolet Corvette C8.R GTD,M,1561,23,41,110,105,3,,12003,,,Tommy,Milner,Platinum,,USA,,15,1,Platinum,,,Nick,Tandy,Platinum,,GBR,,124,2,Platinum,,,Marco,Sorensen,Platinum,,DNK,,2721,3,Platinum,,,,,,,,,,,,,,,,,,,,,
60,96,28,1:50.139,+14.830,+0.178,187.3,28,Turner Motorsport,GTD,,,BMW M4 GT3,M,1553,38,4,111,74,3,,12016,,,Robby,Foley,Silver,,USA,,1302,2,Silver,,,Bill,Auberlen,Gold,,USA,,39,1,Gold,,,Michael,Dinan,Silver,,USA,,2775,3,Silver,,,Jens,Klingmann,Gold,,DEU,,902,4,Gold,,,,,,,,,,,,,,,
61,3,14,1:50.228,+14.919,+0.089,187.1,16,Corvette Racing,GTDPRO,,,Chevrolet Corvette C8.R GTD,M,1537,23,41,110,105,3,,12000,,,Antonio,Garcia,Platinum,,ESP,,2726,1,Platinum,,,Jordan,Taylor,Platinum,,USA,,13,2,Platinum,,,Nicky,Catsburg,Platinum,,NLD,,1113,3,Platinum,,,,,,,,,,,,,,,,,,,,,
