﻿POS,NUMBER,LAP,TIME,GAP_FIRST,GAP_PREVIOUS,KPH, LAPS,TEAM,CLASS,GROUP,DIVISION,VEHICLE,TIRES,IMSA_CarId,IMSA_TeamId,IMSA_ClassId,IMSA_CarTypeId,IMSA_ManufacturerId,IMSA_TireId,IMSA_SponsorId,IMSA_EventEntryId,*Extra 9,*Extra 10,DRIVER1_FIRSTNAME,DRIVER1_SECONDNAME,DRIVER1_LICENSE,DRIVER1_HOMETOWN,DRIVER1_COUNTRY,DRIVER1_SHORTNAME,DRIVER1_IMSA_DriverId,DRIVER1_IMSA_DriverPlugId,DRIVER1_IMSA_DriverRatingLong,DRIVER1_*Extra 4,DRIVER1_*Extra 5,DRIVER2_FIRSTNAME,DRIVER2_SECONDNAME,DRIVER2_LICENSE,DRIVER2_HOMETOWN,DRIVER2_COUNTRY,DRIVER2_SHORTNAME,DRIVER2_IMSA_DriverId,DRIVER2_IMSA_DriverPlugId,DRIVER2_IMSA_DriverRatingLong,DRIVER2_*Extra 4,DRIVER2_*Extra 5,DRIVER3_FIRSTNAME,DRIVER3_SECONDNAME,DRIVER3_LICENSE,DRIVER3_HOMETOWN,DRIVER3_COUNTRY,DRIVER3_SHORTNAME,DRIVER3_IMSA_DriverId,DRIVER3_IMSA_DriverPlugId,DRIVER3_IMSA_DriverRatingLong,DRIVER3_*Extra 4,DRIVER3_*Extra 5,DRIVER4_FIRSTNAME,DRIVER4_SECONDNAME,DRIVER4_LICENSE,DRIVER4_HOMETOWN,DRIVER4_COUNTRY,DRIVER4_SHORTNAME,DRIVER4_IMSA_DriverId,DRIVER4_IMSA_DriverPlugId,DRIVER4_IMSA_DriverRatingLong,DRIVER4_*Extra 4,DRIVER4_*Extra 5,DRIVER5_FIRSTNAME,DRIVER5_SECONDNAME,DRIVER5_LICENSE,DRIVER5_HOMETOWN,DRIVER5_COUNTRY,DRIVER5_SHORTNAME,DRIVER5_IMSA_DriverId,DRIVER5_IMSA_DriverPlugId,DRIVER5_IMSA_DriverRatingLong,DRIVER5_*Extra 4,DRIVER5_*Extra 5,DRIVER6_FIRSTNAME,DRIVER6_SECONDNAME,DRIVER6_LICENSE,DRIVER6_HOMETOWN,DRIVER6_COUNTRY,DRIVER6_SHORTNAME,DRIVER6_IMSA_DriverId,DRIVER6_IMSA_DriverPlugId,DRIVER6_IMSA_DriverRatingLong,DRIVER6_*Extra 4,DRIVER6_*Extra 5,
1,10,43,1:14.193,-,-,174.8,44,Konica Minolta Acura ARX-05,DPi,,,Acura DPi,M,948,81,27,65,7641,3,,12582,,,Ricky,Taylor,Platinum,,USA,,608,1,Platinum,,,Filipe,Albuquerque,Platinum,,PRT,,1194,2,Platinum,,,,,,,,,,,,,,,,,,,,,,,,,,,
2,01,46,1:14.310,+0.117,+0.117,174.5,46,Cadillac Racing,DPi,,,Cadillac DPi,M,943,339,27,49,7646,3,,12584,,,Renger,van der Zande,Gold,,NLD,,1998,1,Gold,,,Sebastien,Bourdais,Platinum,,FRA,,602,2,Platinum,,,,,,,,,,,,,,,,,,,,,,,,,,,
3,60,52,1:14.350,+0.157,+0.040,174.4,52,Meyer Shank Racing W/Curb-Agajanian,DPi,,,Acura DPi,M,947,3,27,65,7641,3,,12583,,,Oliver,Jarvis,Platinum,,GBR,,1999,1,Platinum,,,Tom,Blomqvist,Platinum,,MCO,,1718,2,Platinum,,,,,,,,,,,,,,,,,,,,,,,,,,,
4,02,43,1:14.606,+0.413,+0.256,173.8,43,Cadillac Racing,DPi,,,Cadillac DPi,M,1549,339,27,49,7646,3,,12585,,,Earl,Bamber,Platinum,,NZL,,651,1,Platinum,,,Alex,Lynn,Platinum,,GBR,,1313,2,Platinum,,,,,,,,,,,,,,,,,,,,,,,,,,,
5,31,10,1:15.218,+1.025,+0.612,172.4,44,Whelen Engineering Racing,DPi,,,Cadillac DPi,M,741,159,27,49,7646,3,,12580,,,Pipo,Derani,Platinum,,BRA,,1083,3,Platinum,,,Tristan,Nunez,Gold,,USA,,169,1,Gold,,,,,,,,,,,,,,,,,,,,,,,,,,,
6,5,43,1:15.434,+1.241,+0.216,171.9,45,JDC Miller MotorSports,DPi,,,Cadillac DPi,M,758,270,27,49,7646,3,,12581,,,Tristan,Vautier,Gold,,FRA,,635,1,Gold,,,Richard,Westbrook,Platinum,,GBR,,2688,2,Platinum,,,,,,,,,,,,,,,,,,,,,,,,,,,
7,11,29,1:16.617,+2.424,+1.183,169.2,48,PR1 Mathiasen Motorsports,LMP2,,,ORECA LMP2 07,M,1556,16,28,85,7637,3,,12588,,,Steven,Thomas,Bronze,,USA,,1919,1,Bronze,,,Jonathan,Bomarito,Gold,,USA,,309,2,Gold,,,,,,,,,,,,,,,,,,,,,,,,,,,
8,81,42,1:16.823,+2.630,+0.206,168.8,42,DragonSpeed USA,LMP2,,,ORECA LMP2 07,M,797,305,28,85,7637,3,,12591,,,Henrik,Hedman,Bronze,,USA,,1142,1,Bronze,,,Juan Pablo,Montoya,Platinum,,COL,,2889,2,Platinum,,,,,,,,,,,,,,,,,,,,,,,,,,,
9,8,16,1:16.865,+2.672,+0.042,168.7,47,Tower Motorsport,LMP2,,,ORECA LMP2 07,M,973,352,28,85,7637,3,,12590,,,John,Farano,Bronze,,CAN,,441,1,Bronze,,,Louis,Deletraz,Gold,,CHE,,2701,2,Gold,,,,,,,,,,,,,,,,,,,,,,,,,,,
10,18,19,1:18.024,+3.831,+1.159,166.2,41,Era Motorsport,LMP2,,,ORECA LMP2 07,M,761,291,28,85,7637,3,,12587,,,Dwight,Merriman,Bronze,,USA,,1930,1,Bronze,,,Ryan,Dalziel,Gold,,GBR,,192,3,Gold,,,,,,,,,,,,,,,,,,,,,,,,,,,
11,52,38,1:18.077,+3.884,+0.053,166.1,50,PR1 Mathiasen Motorsports,LMP2,,,ORECA LMP2 07,M,776,16,28,85,7637,3,,12589,,,Josh,Pierson,Gold,,USA,,2761,4,Gold,,,Patrick,Kelly,Bronze,,USA,,1704,1,Bronze,,,,,,,,,,,,,,,,,,,,,,,,,,,
12,20,33,1:18.140,+3.947,+0.063,165.9,50,High Class Racing,LMP2,,,ORECA LMP2 07,M,968,348,28,85,7637,3,,12586,,,Dennis,Andersen,Bronze,,DNK,,2737,1,Bronze,,,Anders,Fjordbach,Silver,,DNK,,2718,2,Silver,,,,,,,,,,,,,,,,,,,,,,,,,,,
13,79,39,1:23.281,+9.088,+5.141,155.7,41,WeatherTech Racing,GTDPRO,,,Mercedes-AMG GT3,M,1731,360,41,45,7643,3,,12597,,,Cooper,MacNeil,Silver,,USA,,113,1,Silver,,,Daniel,Juncadella,Platinum,,ESP,,1584,2,Platinum,,,,,,,,,,,,,,,,,,,,,,,,,,,
14,9,42,1:23.393,+9.200,+0.112,155.5,42,Pfaff Motorsports,GTDPRO,,,Porsche 911 GT3R,M,1536,390,41,93,112,3,,12592,,,Matt,Campbell,Gold,,AUS,,1791,2,Gold,,,Mathieu,Jaminet,Gold,,FRA,,2707,3,Gold,,,,,,,,,,,,,,,,,,,,,,,,,,,
15,14,37,1:23.497,+9.304,+0.104,155.3,42,VasserSullivan,GTDPRO,,,Lexus RC F GT3,M,1550,336,41,46,7644,3,,12594,,,Jack,Hawksworth,Gold,,GBR,,838,2,Gold,,,Ben,Barnicoat,Platinum,,GBR,,2620,1,Platinum,,,,,,,,,,,,,,,,,,,,,,,,,,,
16,16,18,1:23.901,+9.708,+0.404,154.5,48,Wright Motorsports,GTD,,,Porsche 911 GT3R,M,857,111,4,93,112,3,,12610,,,Ryan,Hardwick,Bronze,,USA,,1256,1,Bronze,,,Jan,Heylen,Gold,,BEL,,184,3,Gold,,,,,,,,,,,,,,,,,,,,,,,,,,,
17,23,11,1:23.969,+9.776,+0.068,154.4,46,Heart of Racing Team,GTDPRO,,,Aston Martin Vantage GT3,M,1559,294,41,18,73,3,,12595,,,Ross,Gunn,Gold,,GBR,,1905,1,Gold,,,Alex,Riberas,Gold,,ESP,,2006,2,Gold,,,,,,,,,,,,,,,,,,,,,,,,,,,
18,12,5,1:24.214,+10.021,+0.245,154.0,37,VasserSullivan,GTD,,,Lexus RC F GT3,M,931,336,4,46,7644,3,,12600,,,Frankie,Montecalvo,Silver,,USA,,1279,1,Silver,,,Aaron,Telitz,Gold,,USA,,2230,2,Gold,,,,,,,,,,,,,,,,,,,,,,,,,,,
19,25,6,1:24.244,+10.051,+0.030,153.9,40,BMW M Team RLL,GTDPRO,,,BMW M4 GT3,M,1565,395,41,111,74,3,,12596,,,Connor,De Phillippi,Gold,,USA,,698,2,Gold,,,John,Edwards,Platinum,,USA,,942,3,Platinum,,,,,,,,,,,,,,,,,,,,,,,,,,,
20,3,39,1:24.296,+10.103,+0.052,153.8,46,Corvette Racing,GTDPRO,,,Chevrolet Corvette C8.R GTD,M,1537,23,41,110,105,3,,12593,,,Antonio,Garcia,Platinum,,ESP,,2726,1,Platinum,,,Jordan,Taylor,Platinum,,USA,,13,2,Platinum,,,,,,,,,,,,,,,,,,,,,,,,,,,
21,57,39,1:24.387,+10.194,+0.091,153.7,41,Winward Racing,GTD,,,Mercedes-AMG GT3,M,934,304,4,45,7643,3,,12598,,,Russell,Ward,Silver,,USA,,1252,1,Silver,,,Philip,Ellis,Gold,,CHE,,1936,2,Gold,,,,,,,,,,,,,,,,,,,,,,,,,,,
22,42,21,1:24.441,+10.248,+0.054,153.6,44,NTE/SSR,GTD,,,Lamborghini Huracan GT3,M,1620,413,4,13,1609,3,,12605,,,Marco,Holzer,Gold,,AUT,,28,4,Gold,,,Jaden,Conwright,Silver,,USA,,2204,2,Silver,,,,,,,,,,,,,,,,,,,,,,,,,,,
23,39,17,1:24.448,+10.255,+0.007,153.5,45,CarBahn with Peregrine Racing,GTD,,,Lamborghini Huracan GT3,M,1540,378,4,13,1609,3,,12599,,,Robert,Megennis,Silver,,USA,,2412,1,Silver,,,Jeff,Westphal,Gold,,USA,,682,4,Gold,,,,,,,,,,,,,,,,,,,,,,,,,,,
24,1,7,1:24.469,+10.276,+0.021,153.5,38,Paul Miller Racing,GTD,,,BMW M4 GT3,M,1558,34,4,111,74,3,,12602,,,Bryan,Sellers,Gold,,USA,,18,1,Gold,,,Madison,Snow,Silver,,USA,,155,2,Silver,,,,,,,,,,,,,,,,,,,,,,,,,,,
25,96,15,1:24.482,+10.289,+0.013,153.5,47,Turner Motorsport,GTD,,,BMW M4 GT3,M,1553,38,4,111,74,3,,12601,,,Robby,Foley,Silver,,USA,,1302,2,Silver,,,Bill,Auberlen,Gold,,USA,,39,1,Gold,,,,,,,,,,,,,,,,,,,,,,,,,,,
26,51,44,1:24.540,+10.347,+0.058,153.4,44,Rick Ware Racing,GTD,,,Acura NSX GT3,M,1748,307,4,43,7641,3,,12611,,,Ryan,Eversley,Gold,,USA,,501,3,Gold,,,Aidan,Read,Silver,,AUS,,2417,2,Silver,,,,,,,,,,,,,,,,,,,,,,,,,,,
27,28,31,1:24.757,+10.564,+0.217,153.0,42,Alegra Motorsports,GTD,,,Mercedes-AMG GT3,M,941,122,4,45,7643,3,,12608,,,Michael,de Quesada,Silver,,USA,,1136,4,Silver,,,Daniel,Morad,Silver,,CAN,,1144,2,Silver,,,,,,,,,,,,,,,,,,,,,,,,,,,
28,32,16,1:24.962,+10.769,+0.205,152.6,34,Team Korthoff Motorsports,GTD,,,Mercedes-AMG GT3,M,1462,222,4,45,7643,3,,12604,,,Dirk,Mueller,Platinum,,DEU,,36,1,Platinum,,,Stevan,McAleer,Silver,,GBR,,460,3,Silver,,,,,,,,,,,,,,,,,,,,,,,,,,,
29,99,12,1:25.047,+10.854,+0.085,152.5,42,Team Hardpoint,GTD,,,Porsche 911 GT3R,M,1571,399,4,93,112,3,,12607,,,Rob,Ferriol,Bronze,,USA,,1589,1,Bronze,,,Katherine,Legge,Gold,,GBR,,2305,2,Gold,,,,,,,,,,,,,,,,,,,,,,,,,,,
30,70,15,1:25.255,+11.062,+0.208,152.1,35,inception racing,GTD,,,McLaren 720S GT3,M,1520,388,4,81,7651,3,,12606,,,Brendan,Iribe,Bronze,,USA,,2622,1,Bronze,,,Frederik,Schandorff,Silver,,DNK,,2725,2,Silver,,,,,,,,,,,,,,,,,,,,,,,,,,,
31,27,8,1:25.316,+11.123,+0.061,152.0,41,Heart of Racing Team,GTD,,,Aston Martin Vantage GT3,M,1510,294,4,18,73,3,,12603,,,Roman,De Angelis,Silver,,CAN,,1379,1,Silver,,,Maxime,Martin,Platinum,,BEL,,360,3,Platinum,,,,,,,,,,,,,,,,,,,,,,,,,,,
32,34,40,1:26.126,+11.933,+0.810,150.5,47,GMG Racing,GTD,,,Porsche 911 GT3R,M,1513,387,4,93,112,3,,12609,,,Kyle,Washington,Bronze,,USA,,2608,1,Bronze,,,James,Sofronas,Bronze,,USA,,106,2,Bronze,,,,,,,,,,,,,,,,,,,,,,,,,,,
