﻿POS,NUMBER,LAP,TIME,GAP_FIRST,GAP_PREVIOUS,KPH, LAPS,TEAM,CLASS,GROUP,DIVISION,VEHICLE,TIRES,IMSA_CarId,IMSA_TeamId,IMSA_ClassId,IMSA_CarTypeId,IMSA_ManufacturerId,IMSA_TireId,IMSA_SponsorId,IMSA_EventEntryId,*Extra 9,*Extra 10,DRIVER1_FIRSTNAME,DRIVER1_SECONDNAME,DRIVER1_LICENSE,DRIVER1_HOMETOWN,DRIVER1_COUNTRY,DRIVER1_SHORTNAME,DRIVER1_IMSA_DriverId,DRIVER1_IMSA_DriverPlugId,DRIVER1_IMSA_DriverRatingLong,DRIVER1_*Extra 4,DRIVER1_*Extra 5,DRIVER2_FIRSTNAME,DRIVER2_SECONDNAME,DRIVER2_LICENSE,DRIVER2_HOMETOWN,DRIVER2_COUNTRY,DRIVER2_SHORTNAME,DRIVER2_IMSA_DriverId,DRIVER2_IMSA_DriverPlugId,DRIVER2_IMSA_DriverRatingLong,DRIVER2_*Extra 4,DRIVER2_*Extra 5,DRIVER3_FIRSTNAME,DRIVER3_SECONDNAME,DRIVER3_LICENSE,DRIVER3_HOMETOWN,DRIVER3_COUNTRY,DRIVER3_SHORTNAME,DRIVER3_IMSA_DriverId,DRIVER3_IMSA_DriverPlugId,DRIVER3_IMSA_DriverRatingLong,DRIVER3_*Extra 4,DRIVER3_*Extra 5,DRIVER4_FIRSTNAME,DRIVER4_SECONDNAME,DRIVER4_LICENSE,DRIVER4_HOMETOWN,DRIVER4_COUNTRY,DRIVER4_SHORTNAME,DRIVER4_IMSA_DriverId,DRIVER4_IMSA_DriverPlugId,DRIVER4_IMSA_DriverRatingLong,DRIVER4_*Extra 4,DRIVER4_*Extra 5,DRIVER5_FIRSTNAME,DRIVER5_SECONDNAME,DRIVER5_LICENSE,DRIVER5_HOMETOWN,DRIVER5_COUNTRY,DRIVER5_SHORTNAME,DRIVER5_IMSA_DriverId,DRIVER5_IMSA_DriverPlugId,DRIVER5_IMSA_DriverRatingLong,DRIVER5_*Extra 4,DRIVER5_*Extra 5,DRIVER6_FIRSTNAME,DRIVER6_SECONDNAME,DRIVER6_LICENSE,DRIVER6_HOMETOWN,DRIVER6_COUNTRY,DRIVER6_SHORTNAME,DRIVER6_IMSA_DriverId,DRIVER6_IMSA_DriverPlugId,DRIVER6_IMSA_DriverRatingLong,DRIVER6_*Extra 4,DRIVER6_*Extra 5,
1,10,5,1:13.924,-,-,175.4,9,Konica Minolta Acura ARX-05,DPi,,,Acura DPi,M,948,81,27,65,7641,3,,12582,,,Ricky,Taylor,Platinum,,USA,,608,1,Platinum,,,Filipe,Albuquerque,Platinum,,PRT,,1194,2,Platinum,,,,,,,,,,,,,,,,,,,,,,,,,,,
2,60,7,1:14.013,+0.089,+0.089,175.2,11,Meyer Shank Racing W/Curb-Agajanian,DPi,,,Acura DPi,M,947,3,27,65,7641,3,,12583,,,Oliver,Jarvis,Platinum,,GBR,,1999,1,Platinum,,,Tom,Blomqvist,Platinum,,MCO,,1718,2,Platinum,,,,,,,,,,,,,,,,,,,,,,,,,,,
3,02,7,1:14.072,+0.148,+0.059,175.0,7,Cadillac Racing,DPi,,,Cadillac DPi,M,1549,339,27,49,7646,3,,12585,,,Earl,Bamber,Platinum,,NZL,,651,1,Platinum,,,Alex,Lynn,Platinum,,GBR,,1313,2,Platinum,,,,,,,,,,,,,,,,,,,,,,,,,,,
4,01,7,1:14.517,+0.593,+0.445,174.0,7,Cadillac Racing,DPi,,,Cadillac DPi,M,943,339,27,49,7646,3,,12584,,,Renger,van der Zande,Gold,,NLD,,1998,1,Gold,,,Sebastien,Bourdais,Platinum,,FRA,,602,2,Platinum,,,,,,,,,,,,,,,,,,,,,,,,,,,
5,5,5,1:14.877,+0.953,+0.360,173.2,7,JDC Miller MotorSports,DPi,,,Cadillac DPi,M,758,270,27,49,7646,3,,12581,,,Tristan,Vautier,Gold,,FRA,,635,1,Gold,,,Richard,Westbrook,Platinum,,GBR,,2688,2,Platinum,,,,,,,,,,,,,,,,,,,,,,,,,,,
6,31,5,1:15.576,+1.652,+0.699,171.6,9,Whelen Engineering Racing,DPi,,,Cadillac DPi,M,741,159,27,49,7646,3,,12580,,,Pipo,Derani,Platinum,,BRA,,1083,3,Platinum,,,Tristan,Nunez,Gold,,USA,,169,1,Gold,,,,,,,,,,,,,,,,,,,,,,,,,,,
7,11,6,1:17.571,+3.647,+1.995,167.2,11,PR1 Mathiasen Motorsports,LMP2,,,ORECA LMP2 07,M,1556,16,28,85,7637,3,,12588,,,Steven,Thomas,Bronze,,USA,,1919,1,Bronze,,,Jonathan,Bomarito,Gold,,USA,,309,2,Gold,,,,,,,,,,,,,,,,,,,,,,,,,,,
8,52,10,1:17.628,+3.704,+0.057,167.0,11,PR1 Mathiasen Motorsports,LMP2,,,ORECA LMP2 07,M,776,16,28,85,7637,3,,12589,,,Josh,Pierson,Gold,,USA,,2761,4,Gold,,,Patrick,Kelly,Bronze,,USA,,1704,1,Bronze,,,,,,,,,,,,,,,,,,,,,,,,,,,
9,81,11,1:18.267,+4.343,+0.639,165.7,11,DragonSpeed USA,LMP2,,,ORECA LMP2 07,M,797,305,28,85,7637,3,,12591,,,Henrik,Hedman,Bronze,,USA,,1142,1,Bronze,,,Juan Pablo,Montoya,Platinum,,COL,,2889,2,Platinum,,,,,,,,,,,,,,,,,,,,,,,,,,,
10,20,11,1:18.747,+4.823,+0.480,164.7,11,High Class Racing,LMP2,,,ORECA LMP2 07,M,968,348,28,85,7637,3,,12586,,,Dennis,Andersen,Bronze,,DNK,,2737,1,Bronze,,,Anders,Fjordbach,Silver,,DNK,,2718,2,Silver,,,,,,,,,,,,,,,,,,,,,,,,,,,
11,8,9,1:19.551,+5.627,+0.804,163.0,10,Tower Motorsport,LMP2,,,ORECA LMP2 07,M,973,352,28,85,7637,3,,12590,,,John,Farano,Bronze,,CAN,,441,1,Bronze,,,Louis,Deletraz,Gold,,CHE,,2701,2,Gold,,,,,,,,,,,,,,,,,,,,,,,,,,,
12,18,6,1:20.614,+6.690,+1.063,160.8,9,Era Motorsport,LMP2,,,ORECA LMP2 07,M,761,291,28,85,7637,3,,12587,,,Dwight,Merriman,Bronze,,USA,,1930,1,Bronze,,,Ryan,Dalziel,Gold,,GBR,,192,3,Gold,,,,,,,,,,,,,,,,,,,,,,,,,,,
13,9,5,1:23.142,+9.218,+2.528,156.0,6,Pfaff Motorsports,GTDPRO,,,Porsche 911 GT3R,M,1536,390,41,93,112,3,,12592,,,Matt,Campbell,Gold,,AUS,,1791,2,Gold,,,Mathieu,Jaminet,Gold,,FRA,,2707,3,Gold,,,,,,,,,,,,,,,,,,,,,,,,,,,
14,79,6,1:23.164,+9.240,+0.022,155.9,8,WeatherTech Racing,GTDPRO,,,Mercedes-AMG GT3,M,1731,360,41,45,7643,3,,12597,,,Cooper,MacNeil,Silver,,USA,,113,1,Silver,,,Daniel,Juncadella,Platinum,,ESP,,1584,2,Platinum,,,,,,,,,,,,,,,,,,,,,,,,,,,
15,23,5,1:23.368,+9.444,+0.204,155.5,7,Heart of Racing Team,GTDPRO,,,Aston Martin Vantage GT3,M,1559,294,41,18,73,3,,12595,,,Ross,Gunn,Gold,,GBR,,1905,1,Gold,,,Alex,Riberas,Gold,,ESP,,2006,2,Gold,,,,,,,,,,,,,,,,,,,,,,,,,,,
16,57,9,1:23.567,+9.643,+0.199,155.2,10,Winward Racing,GTD,,,Mercedes-AMG GT3,M,934,304,4,45,7643,3,,12598,,,Russell,Ward,Silver,,USA,,1252,1,Silver,,,Philip,Ellis,Gold,,CHE,,1936,2,Gold,,,,,,,,,,,,,,,,,,,,,,,,,,,
17,25,6,1:23.740,+9.816,+0.173,154.8,8,BMW M Team RLL,GTDPRO,,,BMW M4 GT3,M,1565,395,41,111,74,3,,12596,,,Connor,De Phillippi,Gold,,USA,,698,2,Gold,,,John,Edwards,Platinum,,USA,,942,3,Platinum,,,,,,,,,,,,,,,,,,,,,,,,,,,
18,42,10,1:23.777,+9.853,+0.037,154.8,11,NTE/SSR,GTD,,,Lamborghini Huracan GT3,M,1620,413,4,13,1609,3,,12605,,,Marco,Holzer,Gold,,AUT,,28,4,Gold,,,Jaden,Conwright,Silver,,USA,,2204,2,Silver,,,,,,,,,,,,,,,,,,,,,,,,,,,
19,96,6,1:23.821,+9.897,+0.044,154.7,10,Turner Motorsport,GTD,,,BMW M4 GT3,M,1553,38,4,111,74,3,,12601,,,Robby,Foley,Silver,,USA,,1302,2,Silver,,,Bill,Auberlen,Gold,,USA,,39,1,Gold,,,,,,,,,,,,,,,,,,,,,,,,,,,
20,27,6,1:23.852,+9.928,+0.031,154.6,10,Heart of Racing Team,GTD,,,Aston Martin Vantage GT3,M,1510,294,4,18,73,3,,12603,,,Roman,De Angelis,Silver,,CAN,,1379,1,Silver,,,Maxime,Martin,Platinum,,BEL,,360,3,Platinum,,,,,,,,,,,,,,,,,,,,,,,,,,,
21,39,5,1:23.881,+9.957,+0.029,154.6,6,CarBahn with Peregrine Racing,GTD,,,Lamborghini Huracan GT3,M,1540,378,4,13,1609,3,,12599,,,Robert,Megennis,Silver,,USA,,2412,1,Silver,,,Jeff,Westphal,Gold,,USA,,682,4,Gold,,,,,,,,,,,,,,,,,,,,,,,,,,,
22,14,5,1:23.953,+10.029,+0.072,154.4,8,VasserSullivan,GTDPRO,,,Lexus RC F GT3,M,1550,336,41,46,7644,3,,12594,,,Jack,Hawksworth,Gold,,GBR,,838,2,Gold,,,Ben,Barnicoat,Platinum,,GBR,,2620,1,Platinum,,,,,,,,,,,,,,,,,,,,,,,,,,,
23,1,6,1:24.121,+10.197,+0.168,154.1,9,Paul Miller Racing,GTD,,,BMW M4 GT3,M,1558,34,4,111,74,3,,12602,,,Bryan,Sellers,Gold,,USA,,18,1,Gold,,,Madison,Snow,Silver,,USA,,155,2,Silver,,,,,,,,,,,,,,,,,,,,,,,,,,,
24,51,9,1:24.126,+10.202,+0.005,154.1,11,Rick Ware Racing,GTD,,,Acura NSX GT3,M,1748,307,4,43,7641,3,,12611,,,Ryan,Eversley,Gold,,USA,,501,3,Gold,,,Aidan,Read,Silver,,AUS,,2417,2,Silver,,,,,,,,,,,,,,,,,,,,,,,,,,,
25,3,8,1:24.160,+10.236,+0.034,154.1,9,Corvette Racing,GTDPRO,,,Chevrolet Corvette C8.R GTD,M,1537,23,41,110,105,3,,12593,,,Antonio,Garcia,Platinum,,ESP,,2726,1,Platinum,,,Jordan,Taylor,Platinum,,USA,,13,2,Platinum,,,,,,,,,,,,,,,,,,,,,,,,,,,
26,32,6,1:24.162,+10.238,+0.002,154.1,8,Team Korthoff Motorsports,GTD,,,Mercedes-AMG GT3,M,1462,222,4,45,7643,3,,12604,,,Dirk,Mueller,Platinum,,DEU,,36,1,Platinum,,,Stevan,McAleer,Silver,,GBR,,460,2,Silver,,,,,,,,,,,,,,,,,,,,,,,,,,,
27,12,6,1:24.444,+10.520,+0.282,153.5,9,VasserSullivan,GTD,,,Lexus RC F GT3,M,931,336,4,46,7644,3,,12600,,,Frankie,Montecalvo,Silver,,USA,,1279,1,Silver,,,Aaron,Telitz,Gold,,USA,,2230,2,Gold,,,,,,,,,,,,,,,,,,,,,,,,,,,
28,28,10,1:24.471,+10.547,+0.027,153.5,11,Alegra Motorsports,GTD,,,Mercedes-AMG GT3,M,941,122,4,45,7643,3,,12608,,,Michael,de Quesada,Silver,,USA,,1136,4,Silver,,,Daniel,Morad,Silver,,CAN,,1144,2,Silver,,,,,,,,,,,,,,,,,,,,,,,,,,,
29,16,10,1:24.637,+10.713,+0.166,153.2,11,Wright Motorsports,GTD,,,Porsche 911 GT3R,M,857,111,4,93,112,3,,12610,,,Ryan,Hardwick,Bronze,,USA,,1256,1,Bronze,,,Jan,Heylen,Gold,,BEL,,184,3,Gold,,,,,,,,,,,,,,,,,,,,,,,,,,,
30,70,7,1:24.948,+11.024,+0.311,152.6,8,inception racing,GTD,,,McLaren 720S GT3,M,1520,388,4,81,7651,3,,12606,,,Brendan,Iribe,Bronze,,USA,,2622,1,Bronze,,,Frederik,Schandorff,Silver,,DNK,,2725,2,Silver,,,,,,,,,,,,,,,,,,,,,,,,,,,
31,99,6,1:25.152,+11.228,+0.204,152.3,11,Team Hardpoint,GTD,,,Porsche 911 GT3R,M,1571,399,4,93,112,3,,12607,,,Rob,Ferriol,Bronze,,USA,,1589,1,Bronze,,,Katherine,Legge,Gold,,GBR,,2305,2,Gold,,,,,,,,,,,,,,,,,,,,,,,,,,,
32,34,6,1:27.310,+13.386,+2.158,148.5,11,GMG Racing,GTD,,,Porsche 911 GT3R,M,1513,387,4,93,112,3,,12609,,,Kyle,Washington,Bronze,,USA,,2608,3,Bronze,,,James,Sofronas,Bronze,,USA,,106,2,Bronze,,,,,,,,,,,,,,,,,,,,,,,,,,,
