﻿POS,NUMBER,LAP,TIME,GAP_FIRST,GAP_PREVIOUS,KPH, LAPS,TEAM,CLASS,GROUP,DIVISION,VEHICLE,TIRES,IMSA_CarId,IMSA_TeamId,IMSA_ClassId,IMSA_CarTypeId,IMSA_ManufacturerId,IMSA_TireId,IMSA_SponsorId,IMSA_EventEntryId,*Extra 9,*Extra 10,DRIVER1_FIRSTNAME,DRIVER1_SECONDNAME,DRIVER1_LICENSE,DRIVER1_HOMETOWN,DRIVER1_COUNTRY,DRIVER1_SHORTNAME,DRIVER1_IMSA_DriverId,DRIVER1_IMSA_DriverPlugId,DRIVER1_IMSA_DriverRatingLong,DRIVER1_*Extra 4,DRIVER1_*Extra 5,DRIVER2_FIRSTNAME,DRIVER2_SECONDNAME,DRIVER2_LICENSE,DRIVER2_HOMETOWN,DRIVER2_COUNTRY,DRIVER2_SHORTNAME,DRIVER2_IMSA_DriverId,DRIVER2_IMSA_DriverPlugId,DRIVER2_IMSA_DriverRatingLong,DRIVER2_*Extra 4,DRIVER2_*Extra 5,DRIVER3_FIRSTNAME,DRIVER3_SECONDNAME,DRIVER3_LICENSE,DRIVER3_HOMETOWN,DRIVER3_COUNTRY,DRIVER3_SHORTNAME,DRIVER3_IMSA_DriverId,DRIVER3_IMSA_DriverPlugId,DRIVER3_IMSA_DriverRatingLong,DRIVER3_*Extra 4,DRIVER3_*Extra 5,DRIVER4_FIRSTNAME,DRIVER4_SECONDNAME,DRIVER4_LICENSE,DRIVER4_HOMETOWN,DRIVER4_COUNTRY,DRIVER4_SHORTNAME,DRIVER4_IMSA_DriverId,DRIVER4_IMSA_DriverPlugId,DRIVER4_IMSA_DriverRatingLong,DRIVER4_*Extra 4,DRIVER4_*Extra 5,DRIVER5_FIRSTNAME,DRIVER5_SECONDNAME,DRIVER5_LICENSE,DRIVER5_HOMETOWN,DRIVER5_COUNTRY,DRIVER5_SHORTNAME,DRIVER5_IMSA_DriverId,DRIVER5_IMSA_DriverPlugId,DRIVER5_IMSA_DriverRatingLong,DRIVER5_*Extra 4,DRIVER5_*Extra 5,DRIVER6_FIRSTNAME,DRIVER6_SECONDNAME,DRIVER6_LICENSE,DRIVER6_HOMETOWN,DRIVER6_COUNTRY,DRIVER6_SHORTNAME,DRIVER6_IMSA_DriverId,DRIVER6_IMSA_DriverPlugId,DRIVER6_IMSA_DriverRatingLong,DRIVER6_*Extra 4,DRIVER6_*Extra 5,
1,10,59,1:11.296,-,-,206.4,59,Konica Minolta Acura ARX-06,GTP,,,Acura ARX-06,M,2191,234,44,195,7641,3,,15873,,,Ricky,Taylor,Platinum,,USA,,608,1,Platinum,,,Filipe,Albuquerque,Platinum,,PRT,,1194,2,Platinum,,,Louis,Deletraz,Gold,,CHE,,2975,3,Gold,,,,,,,,,,,,,,,,,,,,,
2,60,41,1:11.299,+0.003,+0.003,206.4,57,Meyer Shank Racing w/ Curb Agajanian,GTP,,,Acura ARX-06,M,2267,3,44,195,7641,3,,15869,,,Tom,Blomqvist,Platinum,,MCO,,1718,1,Platinum,,,Colin,Braun,Gold,,USA,,61,2,Gold,,,Helio,Castroneves,Platinum,,USA,,1525,3,Platinum,,,,,,,,,,,,,,,,,,,,,
3,7,39,1:11.372,+0.076,+0.073,206.2,57,Porsche Penske Motorsports,GTP,,,Porsche 963,M,2190,200,44,193,112,3,,15872,,,Matt,Campbell,Platinum,,AUS,,1791,1,Platinum,,,Felipe,Nasr,Platinum,,BRA,,1598,2,Platinum,,,Josef,Newgarden,Platinum,,USA,,2982,3,Platinum,,,,,,,,,,,,,,,,,,,,,
4,31,27,1:11.612,+0.316,+0.240,205.5,64,Whelen Engineering Cadillac Racing,GTP,,,Cadillac V-Series.R,M,2196,344,44,200,7646,3,,15875,,,Pipo,Derani,Platinum,,BRA,,1083,3,Platinum,,,Alexander,Sims,Platinum,,GBR,,1261,2,Platinum,,,Jack,Aitken,Gold,,GBR,,2986,4,Gold,,,,,,,,,,,,,,,,,,,,,
5,6,7,1:11.787,+0.491,+0.175,205.0,55,Porsche Penske Motorsports,GTP,,,Porsche 963,M,2189,200,44,193,112,3,,15871,,,Nick,Tandy,Platinum,,GBR,,124,1,Platinum,,,Mathieu,Jaminet,Platinum,,FRA,,1449,2,Platinum,,,Laurens,Vanthoor,Platinum,,BEL,,1241,3,Platinum,,,,,,,,,,,,,,,,,,,,,
6,01,30,1:11.799,+0.503,+0.012,205.0,40,Cadillac Racing,GTP,,,Cadillac V-Series.R,M,2187,339,44,200,7646,3,,15870,,,Sebastien,Bourdais,Platinum,,FRA,,602,2,Platinum,,,Renger,van der Zande,Platinum,,NLD,,1998,1,Platinum,,,Scott,Dixon,Platinum,,NZL,,631,4,Platinum,,,,,,,,,,,,,,,,,,,,,
7,25,30,1:12.119,+0.823,+0.320,204.0,68,BMW M Team RLL,GTP,,,BMW M Hybrid V8,M,2155,395,44,190,74,3,,15868,,,Sheldon,van der Linde,Platinum,,ZAF,,1524,3,Platinum,,,Connor,De Phillippi,Gold,,USA,,698,2,Gold,,,Nick,Yelloly,Platinum,,GBR,,2205,1,Platinum,,,,,,,,,,,,,,,,,,,,,
8,59,11,1:12.212,+0.916,+0.093,203.8,27,Proton Competition,GTP,,,Porsche 963,M,2480,461,44,193,112,3,,15876,,,Harry,Tincknell,Platinum,,GBR,,1288,3,Platinum,,,Gianmaria,Bruni,Platinum,,ITA,,3045,2,Platinum,,,Neel,Jani,Platinum,,CHE,,1267,1,Platinum,,,,,,,,,,,,,,,,,,,,,
9,24,46,1:12.213,+0.917,+0.001,203.8,64,BMW M Team RLL,GTP,,,BMW M Hybrid V8,M,2154,395,44,190,74,3,,15867,,,Philipp,Eng,Platinum,,AUT,,883,1,Platinum,,,Marco,Wittmann,Platinum,,DEU,,2993,2,Platinum,,,Augusto,Farfus,Platinum,,MCO,,3000,4,Platinum,,,,,,,,,,,,,,,,,,,,,
10,5,11,1:12.556,+1.260,+0.343,202.8,52,JDC Miller MotorSports,GTP,,,Porsche 963,M,2276,15,44,193,112,3,,15874,,,Tijmen,van der Helm,Gold,,NLD,,2687,1,Gold,,,Mike,Rockenfeller,Platinum,,CHE,,625,2,Platinum,,,Jenson,Button,Platinum,,GBR,,3167,3,Platinum,,,,,,,,,,,,,,,,,,,,,
11,11,31,1:12.833,+1.537,+0.277,202.0,68,TDS Racing,LMP2,,,ORECA LMP2 07,M,2166,335,28,85,7637,3,,15862,,,Steven,Thomas,Bronze,,USA,,1919,1,Bronze,,,Mikkel,Jensen,Platinum,,DNK,,2088,2,Platinum,,,Scott,Huffaker,Silver,,USA,,1852,3,Silver,,,,,,,,,,,,,,,,,,,,,
12,52,57,1:13.180,+1.884,+0.347,201.1,63,PR1 Mathiasen Motorsports,LMP2,,,ORECA LMP2 07,M,776,16,28,85,7637,3,,15864,,,Ben,Keating,Bronze,,USA,,378,1,Bronze,,,Paul-Loup,Chatin,Gold,,FRA,,2401,3,Gold,,,Alex,Quinn,Silver,,GBR,,2983,2,Silver,,,,,,,,,,,,,,,,,,,,,
13,18,50,1:13.299,+2.003,+0.119,200.8,57,Era Motorsport,LMP2,,,ORECA LMP2 07,M,761,291,28,85,7637,3,,15859,,,Dwight,Merriman,Bronze,,USA,,1930,1,Bronze,,,Ryan,Dalziel,Gold,,GBR,,192,2,Gold,,,Christian,Rasmussen,Silver,,DNK,,2966,3,Silver,,,,,,,,,,,,,,,,,,,,,
14,8,51,1:13.350,+2.054,+0.051,200.6,55,Tower Motorsports,LMP2,,,ORECA LMP2 07,M,2164,460,28,85,7637,3,,15861,,,Ari,Balogh,Bronze,,USA,,1081,1,Bronze,,,Scott,McLaughlin,Gold,,NZL,,2996,3,Gold,,,Kyffin,Simpson,Silver,,CYM,,2779,2,Silver,,,,,,,,,,,,,,,,,,,,,
15,04,31,1:13.494,+2.198,+0.144,200.2,58,Crowdstrike Racing by APR,LMP2,,,ORECA LMP2 07,M,2160,459,28,85,7637,3,,15860,,,George,Kurtz,Bronze,,USA,,1612,1,Bronze,,,Ben,Hanley,Gold,,GBR,,1275,2,Gold,,,Nolan,Siegel,Silver,,USA,,2794,3,Silver,,,,,,,,,,,,,,,,,,,,,
16,35,30,1:13.839,+2.543,+0.345,199.3,68,TDS Racing,LMP2,,,ORECA LMP2 07,M,2167,335,28,85,7637,3,,15863,,,John,Falb,Bronze,,USA,,725,1,Bronze,,,Giedo,van der Garde,Platinum,,NLD,,3001,2,Platinum,,,Josh,Pierson,Silver,,USA,,2761,3,Silver,,,,,,,,,,,,,,,,,,,,,
17,88,16,1:14.311,+3.015,+0.472,198.0,57,AF Corse,LMP2,,,ORECA LMP2 07,M,2173,333,28,85,7637,3,,15865,,,Francois,Perrodo,Bronze,,GBR,,1296,1,Bronze,,,Matthieu,Vaxiviere,Gold,,FRA,,3024,2,Gold,,,Emmanuel,Collard,Silver,,FRA,,322,3,Silver,,,,,,,,,,,,,,,,,,,,,
18,20,36,1:14.558,+3.262,+0.247,197.4,58,High Class Racing,LMP2,,,ORECA LMP2 07,M,968,348,28,85,7637,3,,15866,,,Dennis,Andersen,Bronze,,DNK,,3043,1,Bronze,,,Ed,Jones,Gold,,ARE,,2418,2,Gold,,,Anders,Fjordbach,Silver,,DNK,,3044,3,Silver,,,,,,,,,,,,,,,,,,,,,
19,17,48,1:16.846,+5.550,+2.288,191.5,49,AWA,LMP3,,,Duqueine D08,M,2108,217,36,105,7665,3,,15879,,,Anthony,Mantella,Bronze,,CAN,,2682,2,Bronze,,,Wayne,Boyd,Gold,,GBR,,3002,3,Gold,,,Nico,Varrone,Silver,,ARG,,2932,1,Silver,,,,,,,,,,,,,,,,,,,,,
20,36,37,1:16.992,+5.696,+0.146,191.1,44,Andretti Autosport,LMP3,,,Ligier JS P320,M,1681,357,36,96,7650,3,,15878,,,Jarett,Andretti,Silver,,USA,,2292,1,Silver,,,Gabby,Chaves,Gold,,COL,,600,2,Gold,,,Glenn,van Berlo,Silver,,NLD,,2997,3,Silver,,,,,,,,,,,,,,,,,,,,,
21,30,43,1:17.015,+5.719,+0.023,191.1,45,Jr III Racing,LMP3,,,Ligier JS P320,M,2356,283,36,96,7650,3,,16004,,,Dakota,Dickerson,Silver,,USA,,1756,4,Silver,,,Bijoy,Garg,Silver,,USA,,3050,5,Silver,,,Garett,Grist,Gold,,CAN,,1388,2,Gold,,,,,,,,,,,,,,,,,,,,,
22,13,23,1:17.266,+5.970,+0.251,190.5,32,AWA,LMP3,,,Duqueine D08,M,1675,217,36,105,7665,3,,15881,,,Orey,Fidani,Bronze,,CAN,,973,3,Bronze,,,Matthew,Bell,Gold,,GBR,,424,4,Gold,,,Lars,Kern,Silver,,DEU,,1785,1,Silver,,,,,,,,,,,,,,,,,,,,,
23,74,18,1:17.474,+6.178,+0.208,189.9,22,Riley,LMP3,,,Ligier JS P320,M,2200,149,36,96,7650,3,,15882,,,Gar,Robinson,Bronze,,USA,,861,1,,,,Felipe,Fraga,Gold,,BRA,,1750,2,Gold,,,Josh,Burdon,Silver,,AUS,,2613,3,Silver,,,,,,,,,,,,,,,,,,,,,
24,38,24,1:17.649,+6.353,+0.175,189.5,26,Performance Tech Motorsports,LMP3,,,Ligier JS P320,M,1666,289,36,96,7650,3,,15877,,,Brian,Thienes,Bronze,,USA,,1189,2,Bronze,,,Jonathan,Woolridge,Silver,,CAN,,2958,4,Silver,,,Cameron,Shields,Silver,,AUS,,2696,3,Silver,,,,,,,,,,,,,,,,,,,,,
25,85,54,1:18.131,+6.835,+0.482,188.3,57,JDC Miller MotorSports,LMP3,,,Duqueine D08,M,2178,15,36,105,7665,3,,15883,,,Till,Bechtolsheimer,Bronze,,GBR,,1152,1,Bronze,,,Dan,Goldburg,Bronze,,USA,,1915,2,Bronze,,,Rasmus,Lindh,Silver,,SWE,,2101,3,Silver,,,,,,,,,,,,,,,,,,,,,
26,63,24,1:19.803,+8.507,+1.672,184.4,59,Iron Lynx,GTDPRO,,,Lamborghini Huracan GT3 EVO2,M,2247,462,41,194,1609,3,,15887,,,Mirko,Bortolotti,Platinum,,ITA,,1102,2,Platinum,,,Jordan,Pepper,Platinum,,ZAF,,3014,3,Platinum,,,Franck,Perera,Platinum,,FRA,,3012,4,Platinum,,,,,,,,,,,,,,,,,,,,,
27,97,29,1:19.898,+8.602,+0.095,184.2,48,Turner Motorsport,GTD,B,,BMW M4 GT3,M,2397,38,4,111,74,3,,15911,,,Bill,Auberlen,Gold,,USA,,39,1,Gold,,,Chandler,Hull,Silver,,USA,,2152,2,Silver,,,Thomas,Merrill,Bronze,,USA,,1458,4,,,,,,,,,,,,,,,,,,,,,,
28,92,24,1:20.016,+8.720,+0.118,183.9,45,Kellymoss with Riley,GTD,B,,Porsche 911 GT3 R (992),M,2201,465,4,192,112,3,,15909,,,David,Brule,Bronze,,USA,,2924,1,Bronze,,,Alec,Udell,Silver,,USA,,866,2,Silver,,,Julien,Andlauer,Gold,,FRA,,2753,3,Gold,,,,,,,,,,,,,,,,,,,,,
29,79,9,1:20.192,+8.896,+0.176,183.5,48,WeatherTech Racing,GTDPRO,,,Mercedes-AMG GT3,M,2357,360,41,225,7643,3,,15884,,,Daniel,Juncadella,Platinum,,ESP,,1584,2,Platinum,,,Jules,Gounon,Platinum,,FRA,,1224,1,Platinum,,,Maro,Engel,Platinum,,MCO,,3055,5,Platinum,,,,,,,,,,,,,,,,,,,,,
30,16,38,1:20.225,+8.929,+0.033,183.4,45,Wright Motorsports,GTD,B,,Porsche 911 GT3 R (992),M,2193,111,4,192,112,3,,15907,,,Ryan,Hardwick,Bronze,,USA,,1256,1,Bronze,,,Zacharie,Robichon,Silver,,CAN,,1176,2,Silver,,,Jan,Heylen,Gold,,USA,,184,3,Gold,,,,,,,,,,,,,,,,,,,,,
31,14,16,1:20.278,+8.982,+0.053,183.3,55,Vasser Sullivan,GTDPRO,,,Lexus RC F GT3,M,2250,336,41,46,7644,3,,15888,,,Jack,Hawksworth,Gold,,GBR,,838,2,Gold,,,Ben,Barnicoat,Platinum,,GBR,,2620,1,Platinum,,,Kyle,Kirkwood,Gold,,USA,,1755,3,Gold,,,,,,,,,,,,,,,,,,,,,
32,12,37,1:20.306,+9.010,+0.028,183.2,58,Vasser Sullivan,GTD,,,Lexus RC F GT3,M,931,336,4,46,7644,3,,15904,,,Frankie,Montecalvo,Silver,,USA,,1279,1,Silver,,,Aaron,Telitz,Gold,,USA,,1780,2,Gold,,,Parker,Thompson,Silver,,CAN,,1877,4,Silver,,,,,,,,,,,,,,,,,,,,,
33,96,38,1:20.329,+9.033,+0.023,183.2,48,Turner Motorsport,GTD,,,BMW M4 GT3,M,1553,38,4,111,74,3,,15894,,,Patrick,Gallagher,Silver,,USA,,1593,1,Silver,,,Robby,Foley,Gold,,USA,,1302,2,Gold,,,Michael,Dinan,Silver,,USA,,2775,3,Silver,,,,,,,,,,,,,,,,,,,,,
34,80,24,1:20.407,+9.111,+0.078,183.0,55,AO Racing,GTD,B,,Porsche 911 GT3 R (992),M,2204,466,4,192,112,3,,15910,,,PJ,Hyett,Bronze,,USA,,2947,1,Bronze,,,Seb,Priaulx,Gold,,GBR,,3009,2,Gold,,,Gunnar,Jeannette,Silver,,USA,,308,3,Silver,,,,,,,,,,,,,,,,,,,,,
35,77,16,1:20.444,+9.148,+0.037,182.9,48,Wright Motorsports,GTD,B,,Porsche 911 GT3 R (992),M,2185,111,4,192,112,3,,15906,,,Alan,Brynjolfsson,Bronze,,USA,,1271,1,Bronze,,,Trent,Hindman,Gold,,USA,,244,2,Gold,,,Maxwell,Root,Silver,,USA,,1654,3,Silver,,,,,,,,,,,,,,,,,,,,,
36,62,34,1:20.467,+9.171,+0.023,182.9,58,Risi Competizione,GTDPRO,,,Ferrari 296 GT3,M,2245,26,41,191,106,3,,15885,,,Alessandro,Pier Guidi,Platinum,,ITA,,2238,1,Platinum,,,Daniel,Serra,Platinum,,BRA,,687,2,Platinum,,,Davide,Rigon,Platinum,,ITA,,679,3,Platinum,,,,,,,,,,,,,,,,,,,,,
37,70,21,1:20.469,+9.173,+0.002,182.9,53,Inception Racing,GTD,B,,McLaren 720S GT3 EVO,M,1520,388,4,81,7651,3,,15908,,,Brendan,Iribe,Bronze,,USA,,2622,1,Bronze,,,Frederik,Schandorff,Gold,,DNK,,2995,2,Gold,,,Ollie,Millroy,Silver,,GBR,,3004,3,Silver,,,,,,,,,,,,,,,,,,,,,
38,23,9,1:20.515,+9.219,+0.046,182.8,49,Heart of Racing Team,GTDPRO,,,Aston Martin Vantage GT3,M,2246,294,41,18,73,3,,15886,,,Ross,Gunn,Gold,,GBR,,1905,1,Gold,,,Alex,Riberas,Gold,,ESP,,659,2,Gold,,,David,Pittard,Gold,,GBR,,2744,3,Gold,,,,,,,,,,,,,,,,,,,,,
39,3,17,1:20.529,+9.233,+0.014,182.7,55,Corvette Racing,GTDPRO,,,Chevrolet Corvette C8.R GTD,M,2253,23,41,110,105,3,,15890,,,Antonio,Garcia,Platinum,,ESP,,12,1,Platinum,,,Jordan,Taylor,Platinum,,USA,,13,2,Platinum,,,Tommy,Milner,Platinum,,USA,,15,3,Platinum,,,,,,,,,,,,,,,,,,,,,
40,83,38,1:20.606,+9.310,+0.077,182.6,56,Iron Dames,GTD,,,Lamborghini Huracan GT3 EVO2,M,2175,462,4,194,1609,3,,15903,,,Rahel,Frey,Gold,,CHE,,1550,1,Gold,,,Michelle,Gatting,Silver,,DNK,,3053,3,Silver,,,Doriane,Pin,Silver,,FRA,,3018,4,Silver,,,,,,,,,,,,,,,,,,,,,
41,27,25,1:20.685,+9.389,+0.079,182.4,45,Heart of Racing Team,GTD,B,,Aston Martin Vantage GT3,M,1510,294,4,18,73,3,,15899,,,Roman,De Angelis,Silver,,CAN,,1379,1,Silver,,,Marco,Sorensen,Platinum,,MCO,,2721,2,Platinum,,,Ian,James,Bronze,,USA,,453,3,,,,,,,,,,,,,,,,,,,,,,
42,32,17,1:20.801,+9.505,+0.116,182.1,52,Team Korthoff Motorsports,GTD,,,Mercedes-AMG GT3,M,2335,463,4,224,7643,3,,15905,,,Mike,Skeen,Silver,,USA,,830,4,Silver,,,Mikael,Grenier,Gold,,CAN,,1624,3,Gold,,,Kenton,Koch,Silver,,USA,,2239,1,Silver,,,,,,,,,,,,,,,,,,,,,
43,1,50,1:20.841,+9.545,+0.040,182.0,55,Paul Miller Racing,GTD,,,BMW M4 GT3,M,1558,34,4,111,74,3,,15898,,,Bryan,Sellers,Gold,,USA,,18,1,Gold,,,Madison,Snow,Silver,,USA,,155,2,Silver,,,Corey,Lewis,Silver,,USA,,763,3,Silver,,,,,,,,,,,,,,,,,,,,,
44,78,46,1:20.843,+9.547,+0.002,182.0,50,Forte Racing Powered by USRT,GTD,,,Lamborghini Huracan GT3 EVO2,M,2156,396,4,194,1609,3,,15896,,,Misha,Goikhberg,Silver,,CAN,,168,1,Silver,,,Loris,Spinelli,Gold,,ITA,,3038,2,Gold,,,Patrick,Liddy,Silver,,USA,,1695,3,Silver,,,,,,,,,,,,,,,,,,,,,
45,61,29,1:20.893,+9.597,+0.050,181.9,54,Af Corse,GTDPRO,,,Ferrari 296 GT3,M,2441,333,41,191,106,3,,15891,,,Simon,Mann,Silver,,USA,,2435,1,Silver,,,Miguel,Molina,Platinum,,ESP,,1611,2,Platinum,,,James,Calado,Platinum,,GBR,,1096,3,Platinum,,,,,,,,,,,,,,,,,,,,,
46,9,36,1:20.907,+9.611,+0.014,181.9,51,Pfaff Motorsports,GTDPRO,,,Porsche 911 GT3 R (992),M,2251,390,41,192,112,3,,15889,,,Klaus,Bachler,Platinum,,AUT,,663,2,Platinum,,,Patrick,Pilet,Platinum,,FRA,,3037,3,Platinum,,,Kevin,Estre,Platinum,,FRA,,183,4,Platinum,,,,,,,,,,,,,,,,,,,,,
47,57,44,1:20.996,+9.700,+0.089,181.7,51,Winward Racing,GTD,,,Mercedes-AMG GT3,M,2330,304,4,224,7643,3,,15893,,,Russell,Ward,Silver,,USA,,1252,1,Silver,,,Philip,Ellis,Gold,,DEU,,1936,2,Gold,,,Indy,Dontje,Silver,,NLD,,3061,3,Silver,,,,,,,,,,,,,,,,,,,,,
48,66,27,1:21.285,+9.989,+0.289,181.0,52,Gradient Racing,GTD,B,,Acura NSX GT3,M,1416,328,4,43,7641,3,,15900,,,Sheena,Monk,Bronze,,USA,,1532,3,Bronze,,,Katherine,Legge,Gold,,GBR,,2305,1,Gold,,,Marc,Miller,Silver,,USA,,455,5,Silver,,,,,,,,,,,,,,,,,,,,,
49,023,26,1:21.573,+10.277,+0.288,180.4,45,Triarsi Competizione,GTD,B,,Ferrari 296 GT3,M,2153,458,4,191,106,3,,15895,,,Onofrio,Triarsi,Silver,,USA,,1463,1,Silver,,,Charles,Scardina,Bronze,,USA,,2609,2,Bronze,,,Alessio,Rovera,Platinum,,ITA,,2741,3,Platinum,,,,,,,,,,,,,,,,,,,,,
50,93,9,1:21.634,+10.338,+0.061,180.3,18,Racers Edge Motorsports with WTR,GTD,,,Acura NSX GT3,M,2159,414,4,43,7641,3,,15897,,,Ashton,Harrison,Silver,,USA,,1862,1,Silver,,,Danny,Formal,Silver,,CRI,,2130,2,Silver,,,Kyle,Marcelli,Gold,,CAN,,88,3,Gold,,,,,,,,,,,,,,,,,,,,,
51,44,12,1:21.777,+10.481,+0.143,180.0,37,Magnus Racing,GTD,B,,Aston Martin Vantage GT3,M,1554,32,4,18,73,3,,15901,,,John,Potter,Bronze,,USA,,670,1,Bronze,,,Andy,Lally,Gold,,USA,,25,2,Gold,,,Spencer,Pumpelly,Silver,,USA,,64,3,Silver,,,,,,,,,,,,,,,,,,,,,
52,33,0,,,,,0,Sean Creech Motorsport,LMP3,,,Ligier JS P320,M,1603,286,36,96,7650,3,,15880,,,Joao,Barbosa,Gold,,USA,,182,1,Gold,,,,,,,,,,,,,,,,,,,,,,,,,,,,,,,,,
53,47,0,,,,,0,CETILAR RACING,GTD,B,,Ferrari 296 GT3,M,2171,337,4,191,106,3,,15902,,,Roberto,Lacorte,Bronze,,ITA,,2452,1,Bronze,,,Giorgio,Sernagiotto,Silver,,ITA,,2288,2,Silver,,,Antonio,Fuoco,Platinum,,ITA,,2306,3,Platinum,,,,,,,,,,,,,,,,,,,,,
