﻿POSITION,NUMBER,STATUS,LAPS,TOTAL_TIME,GAP_FIRST,GAP_PREVIOUS,FL_LAPNUM,FL_TIME,FL_KPH,TEAM,CLASS,GROUP,DIVISION,VEHICLE,TIRES,IMSA_CarId,IMSA_TeamId,IMSA_ClassId,IMSA_CarTypeId,IMSA_ManufacturerId,IMSA_TireId,IMSA_SponsorId,IMSA_EventEntryId,*Extra 9,*Extra 10,DRIVER1_FIRSTNAME,DRIVER1_SECONDNAME,DRIVER1_LICENSE,DRIVER1_HOMETOWN,DRIVER1_COUNTRY,DRIVER1_SHORTNAME,DRIVER1_IMSA_DriverId,DRIVER1_IMSA_DriverPlugId,DRIVER1_IMSA_DriverRatingLong,DRIVER1_*Extra 4,DRIVER1_*Extra 5,DRIVER2_FIRSTNAME,DRIVER2_SECONDNAME,DRIVER2_LICENSE,DRIVER2_HOMETOWN,DRIVER2_COUNTRY,DRIVER2_SHORTNAME,DRIVER2_IMSA_DriverId,DRIVER2_IMSA_DriverPlugId,DRIVER2_IMSA_DriverRatingLong,DRIVER2_*Extra 4,DRIVER2_*Extra 5,DRIVER3_FIRSTNAME,DRIVER3_SECONDNAME,DRIVER3_LICENSE,DRIVER3_HOMETOWN,DRIVER3_COUNTRY,DRIVER3_SHORTNAME,DRIVER3_IMSA_DriverId,DRIVER3_IMSA_DriverPlugId,DRIVER3_IMSA_DriverRatingLong,DRIVER3_*Extra 4,DRIVER3_*Extra 5,DRIVER4_FIRSTNAME,DRIVER4_SECONDNAME,DRIVER4_LICENSE,DRIVER4_HOMETOWN,DRIVER4_COUNTRY,DRIVER4_SHORTNAME,DRIVER4_IMSA_DriverId,DRIVER4_IMSA_DriverPlugId,DRIVER4_IMSA_DriverRatingLong,DRIVER4_*Extra 4,DRIVER4_*Extra 5,DRIVER5_FIRSTNAME,DRIVER5_SECONDNAME,DRIVER5_LICENSE,DRIVER5_HOMETOWN,DRIVER5_COUNTRY,DRIVER5_SHORTNAME,DRIVER5_IMSA_DriverId,DRIVER5_IMSA_DriverPlugId,DRIVER5_IMSA_DriverRatingLong,DRIVER5_*Extra 4,DRIVER5_*Extra 5,DRIVER6_FIRSTNAME,DRIVER6_SECONDNAME,DRIVER6_LICENSE,DRIVER6_HOMETOWN,DRIVER6_COUNTRY,DRIVER6_SHORTNAME,DRIVER6_IMSA_DriverId,DRIVER6_IMSA_DriverPlugId,DRIVER6_IMSA_DriverRatingLong,DRIVER6_*Extra 4,DRIVER6_*Extra 5,
1,3,Classified,100,1:28:29.019,-,-,51,51.329,166.4,Corvette Racing,GTLM,,,Chevrolet Corvette C8.R,M,748,23,3,83,105,3,,11198,,,Antonio,Garcia,Platinum,,ESP,,12,1,Platinum,,,Jordan,Taylor,Platinum,,USA,,13,2,Platinum,,,,,,,,,,,,,,,,,,,,,,,,,,,
2,4,Classified,100,1:28:47.153,+18.134,+18.134,46,51.142,167.0,Corvette Racing,GTLM,,,Chevrolet Corvette C8.R,M,749,23,3,83,105,3,,11199,,,Tommy,Milner,Platinum,,USA,,15,1,Platinum,,,Nick,Tandy,Platinum,,GBR,,124,2,Platinum,,,,,,,,,,,,,,,,,,,,,,,,,,,
3,79,Classified,100,1:28:56.812,+27.793,+9.659,48,50.746,168.3,WeatherTech Racing,GTLM,,,Porsche 911 RSR - 19,M,983,360,3,87,112,3,,11237,,,Cooper,MacNeil,Silver,,USA,,113,1,Silver,,,Mathieu,Jaminet,Gold,,FRA,,1449,2,Gold,,,,,,,,,,,,,,,,,,,,,,,,,,,
4,23,Classified,98,1:29:07.333,2 Laps,2 Laps,60,52.909,161.4,Heart Of Racing Team,GTD,,,Aston Martin Vantage GT3,M,767,294,4,18,73,3,,11200,,,Roman,De Angelis,Silver,,CAN,,1379,2,Silver,,,Ross,Gunn,Gold,,GBR,,1905,4,Gold,,,,,,,,,,,,,,,,,,,,,,,,,,,
5,1,Classified,98,1:29:11.348,2 Laps,+4.015,47,53.212,160.5,Paul Miller Racing,GTD,,,Lamborghini Huracan GT3,M,938,34,4,13,1609,3,,11205,,,Bryan,Sellers,Gold,,USA,,18,1,Gold,,,Madison,Snow,Silver,,USA,,155,2,Silver,,,,,,,,,,,,,,,,,,,,,,,,,,,
6,14,Classified,98,1:29:11.984,2 Laps,+0.636,57,53.066,160.9,VASSER SULLIVAN,GTD,,,Lexus RC F GT3,M,930,336,4,46,7644,3,,11202,,,Aaron,Telitz,Silver,,USA,,2230,1,Silver,,,Jack,Hawksworth,Gold,,GBR,,838,2,Gold,,,,,,,,,,,,,,,,,,,,,,,,,,,
7,9,Classified,98,1:29:23.346,2 Laps,+11.362,58,52.870,161.5,Pfaff Motorsports,GTD,,,Porsche 911 GT3R,M,925,334,4,93,112,3,,11197,,,Zacharie,Robichon,Silver,,CAN,,1176,2,Silver,,,Laurens,Vanthoor,Platinum,,BEL,,1241,4,Platinum,,,,,,,,,,,,,,,,,,,,,,,,,,,
8,96,Classified,98,1:29:24.592,2 Laps,+1.246,62,52.697,162.1,Turner Motorsport,GTD,,,BMW M6 GT3,M,38,38,4,17,74,3,,11211,,,Bill,Auberlen,Gold,,USA,,39,1,Gold,,,Robby,Foley,Silver,,USA,,1302,2,Silver,,,,,,,,,,,,,,,,,,,,,,,,,,,
9,39,Classified,97,1:28:30.150,3 Laps,1 Lap,61,52.757,161.9,CarBahn with Peregrine Racing,GTD,,,Audi R8 LMS GT3,M,1415,378,4,12,909,3,,11238,,,Richard,Heistand,Bronze,,USA,,1817,1,Bronze,,,Jeff,Westphal,Silver,,USA,,682,2,Silver,,,,,,,,,,,,,,,,,,,,,,,,,,,
10,19,Classified,97,1:28:52.608,3 Laps,+22.458,58,52.446,162.8,GRT Grasser Racing Team,GTD,,,Lamborghini Huracan GT3,M,969,325,4,13,1609,3,,11227,,,Misha,Goikhberg,Silver,,RUS,,168,1,Silver,,,Franck,Perera,Platinum,,FRA,,1617,2,Platinum,,,,,,,,,,,,,,,,,,,,,,,,,,,
11,16,Classified,97,1:28:53.087,3 Laps,+0.479,50,52.697,162.1,Wright Motorsports,GTD,,,Porsche 911 GT3R,M,857,111,4,93,112,3,,11224,,,Trent,Hindman,Silver,,USA,,244,2,Silver,,,Patrick,Long,Platinum,,USA,,27,1,Platinum,,,,,,,,,,,,,,,,,,,,,,,,,,,
12,76,Classified,97,1:28:53.692,3 Laps,+0.605,55,52.624,162.3,Compass Racing,GTD,,,Acura NSX GT3,M,1418,296,4,43,7641,3,,11240,,,Jeff,Kingsley,Silver,,CAN,,1644,4,Silver,,,Mario,Farnbacher,Gold,,DEU,,318,5,Gold,,,,,,,,,,,,,,,,,,,,,,,,,,,
13,12,Classified,97,1:28:58.103,3 Laps,+4.411,59,53.115,160.8,VASSER SULLIVAN,GTD,,,Lexus RC F GT3,M,931,336,4,46,7644,3,,11203,,,Frankie,Montecalvo,Silver,,USA,,1279,1,Silver,,,Zach,Veach,Gold,,USA,,961,2,Gold,,,,,,,,,,,,,,,,,,,,,,,,,,,
14,66,Classified,97,1:28:59.082,3 Laps,+0.979,58,52.870,161.5,Gradient Racing,GTD,,,Acura NSX GT3,M,1416,328,4,43,7641,3,,11239,,,Till,Bechtolsheimer,Bronze,,GBR,,1152,3,Bronze,,,Marc,Miller,Silver,,USA,,455,5,Silver,,,,,,,,,,,,,,,,,,,,,,,,,,,
15,88,Classified,96,1:28:55.945,4 Laps,1 Lap,56,53.163,160.6,Team Hardpoint EBM,GTD,,,Porsche 911 GT3R,M,966,346,4,93,112,3,,11226,,,Rob,Ferriol,Bronze,,USA,,1589,1,Bronze,,,Katherine,Legge,Gold,,GBR,,2305,3,Gold,,,,,,,,,,,,,,,,,,,,,,,,,,,
16,44,Classified,95,1:28:29.360,5 Laps,1 Lap,74,53.297,160.2,Magnus with Archangel,GTD,,,Acura NSX GT3,M,961,343,4,43,7641,3,,11222,,,John,Potter,Bronze,,USA,,670,1,Bronze,,,Andy,Lally,Gold,,USA,,25,2,Gold,,,,,,,,,,,,,,,,,,,,,,,,,,,
