﻿POS,NUMBER,LAP,TIME,GAP_FIRST,GAP_PREVIOUS,KPH, LAPS,TEAM,CLASS,GROUP,DIVISION,VEHICLE,TIRES,IMSA_CarId,IMSA_TeamId,IMSA_ClassId,IMSA_CarTypeId,IMSA_ManufacturerId,IMSA_TireId,IMSA_SponsorId,IMSA_EventEntryId,*Extra 9,*Extra 10,DRIVER1_FIRSTNAME,DRIVER1_SECONDNAME,DRIVER1_LICENSE,DRIVER1_HOMETOWN,DRIVER1_COUNTRY,DRIVER1_SHORTNAME,DRIVER1_IMSA_DriverId,DRIVER1_IMSA_DriverPlugId,DRIVER1_IMSA_DriverRatingLong,DRIVER1_*Extra 4,DRIVER1_*Extra 5,DRIVER2_FIRSTNAME,DRIVER2_SECONDNAME,DRIVER2_LICENSE,DRIVER2_HOMETOWN,DRIVER2_COUNTRY,DRIVER2_SHORTNAME,DRIVER2_IMSA_DriverId,DRIVER2_IMSA_DriverPlugId,DRIVER2_IMSA_DriverRatingLong,DRIVER2_*Extra 4,DRIVER2_*Extra 5,DRIVER3_FIRSTNAME,DRIVER3_SECONDNAME,DRIVER3_LICENSE,DRIVER3_HOMETOWN,DRIVER3_COUNTRY,DRIVER3_SHORTNAME,DRIVER3_IMSA_DriverId,DRIVER3_IMSA_DriverPlugId,DRIVER3_IMSA_DriverRatingLong,DRIVER3_*Extra 4,DRIVER3_*Extra 5,DRIVER4_FIRSTNAME,DRIVER4_SECONDNAME,DRIVER4_LICENSE,DRIVER4_HOMETOWN,DRIVER4_COUNTRY,DRIVER4_SHORTNAME,DRIVER4_IMSA_DriverId,DRIVER4_IMSA_DriverPlugId,DRIVER4_IMSA_DriverRatingLong,DRIVER4_*Extra 4,DRIVER4_*Extra 5,DRIVER5_FIRSTNAME,DRIVER5_SECONDNAME,DRIVER5_LICENSE,DRIVER5_HOMETOWN,DRIVER5_COUNTRY,DRIVER5_SHORTNAME,DRIVER5_IMSA_DriverId,DRIVER5_IMSA_DriverPlugId,DRIVER5_IMSA_DriverRatingLong,DRIVER5_*Extra 4,DRIVER5_*Extra 5,DRIVER6_FIRSTNAME,DRIVER6_SECONDNAME,DRIVER6_LICENSE,DRIVER6_HOMETOWN,DRIVER6_COUNTRY,DRIVER6_SHORTNAME,DRIVER6_IMSA_DriverId,DRIVER6_IMSA_DriverPlugId,DRIVER6_IMSA_DriverRatingLong,DRIVER6_*Extra 4,DRIVER6_*Extra 5,
1,74,7,1:08.221,-,-,208.8,45,Riley,LMP2,,,ORECA LMP2 07,M,2521,149,28,85,7637,3,,17609,,,Gar,Robinson,Bronze,,USA,,861,1,Bronze,,,Felipe,Fraga,Gold,,BRA,,1750,2,Gold,,,,,,,,,,,,,,,,,,,,,,,,,,,
2,8,4,1:08.351,+0.130,+0.130,208.4,52,Tower Motorsports,LMP2,,,ORECA LMP2 07,M,2164,460,28,85,7637,3,,17613,,,John,Farano,Bronze,,CAN,,441,1,Bronze,,,Renger,van der Zande,Platinum,,NLD,,3170,3,Platinum,,,,,,,,,,,,,,,,,,,,,,,,,,,
3,04,17,1:08.562,+0.341,+0.211,207.8,59,CROWDSTRIKE RACING BY APR,LMP2,,,ORECA LMP2 07,M,2160,459,28,85,7637,3,,17608,,,George,Kurtz,Bronze,,USA,,1612,1,Bronze,,,Colin,Braun,Gold,,USA,,61,2,Gold,,,,,,,,,,,,,,,,,,,,,,,,,,,
4,2,29,1:08.594,+0.373,+0.032,207.7,65,United Autosports USA,LMP2,,,ORECA LMP2 07,M,2515,382,28,85,7637,3,,17605,,,Ben,Keating,Bronze,,USA,,378,5,Bronze,,,Ben,Hanley,Gold,,GBR,,1275,2,Gold,,,,,,,,,,,,,,,,,,,,,,,,,,,
5,99,54,1:08.673,+0.452,+0.079,207.5,56,AO Racing,LMP2,,,ORECA LMP2 07,M,2523,466,28,85,7637,3,,17610,,,PJ,Hyett,Bronze,,USA,,2947,1,Bronze,,,Louis,Deletraz,Gold,,CHE,,3171,4,Gold,,,,,,,,,,,,,,,,,,,,,,,,,,,
6,11,32,1:08.955,+0.734,+0.282,206.6,61,TDS Racing,LMP2,,,ORECA LMP2 07,M,2166,335,28,85,7637,3,,17604,,,Steven,Thomas,Bronze,,USA,,1919,1,Bronze,,,Scott,Huffaker,Gold,,USA,,1852,3,Gold,,,,,,,,,,,,,,,,,,,,,,,,,,,
7,52,59,1:09.044,+0.823,+0.089,206.3,62,Inter Europol by PR1 Mathiasen Motorsports,LMP2,,,ORECA LMP2 07,M,776,16,28,85,7637,3,,17607,,,Nick,Boulle,Bronze,,USA,,1091,2,Bronze,,,Tom,Dillmann,Gold,,FRA,,3203,3,Gold,,,,,,,,,,,,,,,,,,,,,,,,,,,
8,22,41,1:09.047,+0.826,+0.003,206.3,59,United Autosports USA,LMP2,,,ORECA LMP2 07,M,2516,382,28,85,7637,3,,17606,,,Daniel,Goldburg,Bronze,,USA,,1915,5,Bronze,,,Filipe,Albuquerque,Platinum,,PRT,,1194,2,Platinum,,,,,,,,,,,,,,,,,,,,,,,,,,,
9,18,7,1:09.320,+1.099,+0.273,205.5,62,Era Motorsport,LMP2,,,ORECA LMP2 07,M,761,291,28,85,7637,3,,17612,,,Stuart,Wiltshire,Bronze,,GBR,,3395,1,Bronze,,,Ryan,Dalziel,Gold,,GBR,,192,2,Gold,,,,,,,,,,,,,,,,,,,,,,,,,,,
10,20,32,1:09.693,+1.472,+0.373,204.4,63,MDK by High Class Racing,LMP2,,,ORECA LMP2 07,M,968,348,28,85,7637,3,,17611,,,Dennis,Andersen,Bronze,,DNK,,3178,1,Bronze,,,Seth,Lucas,Silver,,USA,,3067,2,Silver,,,,,,,,,,,,,,,,,,,,,,,,,,,
11,88,47,1:09.886,+1.665,+0.193,203.9,57,Richard Mille AF Corse,LMP2,,,ORECA LMP2 07,M,2544,510,28,85,7637,3,,17615,,,Luis,Perez Companc,Bronze,,ARG,,2719,1,Bronze,,,Pipo,Derani,Platinum,,BRA,,1083,2,Platinum,,,,,,,,,,,,,,,,,,,,,,,,,,,
12,33,45,1:11.676,+3.455,+1.790,198.8,54,Sean Creech Motorsport,LMP2,,,Ligier JS P217,M,2532,286,28,52,7650,3,,17614,,,Joao,Barbosa,Gold,,USA,,182,1,Gold,,,Lance,Willsey,Bronze,,USA,,664,2,Bronze,,,,,,,,,,,,,,,,,,,,,,,,,,,
13,14,4,1:14.821,+6.600,+3.145,190.4,48,VasserSullivan,GTDPRO,,,Lexus RC F GT3,M,2537,336,41,46,7644,3,,17603,,,Jack,Hawksworth,Gold,,GBR,,838,2,Gold,,,Ben,Barnicoat,Platinum,,GBR,,2620,1,Platinum,,,,,,,,,,,,,,,,,,,,,,,,,,,
14,1,12,1:14.952,+6.731,+0.131,190.1,47,Paul Miller Racing,GTDPRO,,,BMW M4 GT3,M,2522,34,41,111,74,3,,17597,,,Bryan,Sellers,Gold,,USA,,18,1,Gold,,,Madison,Snow,Gold,,USA,,155,2,Gold,,,,,,,,,,,,,,,,,,,,,,,,,,,
15,4,16,1:15.148,+6.927,+0.196,189.6,50,Corvette Racing by Pratt Miller Motorsports,GTDPRO,,,Chevrolet Corvette Z06 GT3.R,M,2526,23,41,232,105,3,,17600,,,Tommy,Milner,Platinum,,USA,,15,1,Platinum,,,Nicky,Catsburg,Platinum,,NLD,,3183,2,Platinum,,,,,,,,,,,,,,,,,,,,,,,,,,,
16,3,23,1:15.488,+7.267,+0.340,188.7,58,Corvette Racing by Pratt Miller Motorsports,GTDPRO,,,Chevrolet Corvette Z06 GT3.R,M,2525,23,41,232,105,3,,17599,,,Antonio,Garcia,Platinum,,ESP,,12,1,Platinum,,,Alexander,Sims,Platinum,,GBR,,1261,2,Platinum,,,,,,,,,,,,,,,,,,,,,,,,,,,
17,77,44,1:15.578,+7.357,+0.090,188.5,49,AO Racing,GTDPRO,,,Porsche 911 GT3 R (992),M,2524,466,41,192,112,3,,17598,,,Laurin,Heinrich,Gold,,DEU,,3190,1,Gold,,,Seb,Priaulx,Gold,,GBR,,3176,2,Gold,,,,,,,,,,,,,,,,,,,,,,,,,,,
18,78,18,1:15.665,+7.444,+0.087,188.3,47,Forte Racing,GTD,,,Lamborghini Huracan GT3 EVO2,M,2531,499,4,194,1609,3,,17588,,,Misha,Goikhberg,Silver,,CAN,,168,1,Silver,,,Loris,Spinelli,Gold,,ITA,,2901,2,Gold,,,,,,,,,,,,,,,,,,,,,,,,,,,
19,12,4,1:15.680,+7.459,+0.015,188.2,50,VasserSullivan,GTD,,,Lexus RC F GT3,M,931,336,4,46,7644,3,,17592,,,Frankie,Montecalvo,Silver,,USA,,1279,1,Silver,,,Parker,Thompson,Silver,,CAN,,1877,2,Silver,,,,,,,,,,,,,,,,,,,,,,,,,,,
20,32,35,1:15.701,+7.480,+0.021,188.2,35,Korthoff/Preston Motorsports,GTD,,,Mercedes-AMG GT3,M,2517,497,4,224,7643,3,,17583,,,Mike,Skeen,Silver,,USA,,830,4,Silver,,,Mikael,Grenier,Gold,,CAN,,1624,3,Gold,,,,,,,,,,,,,,,,,,,,,,,,,,,
21,23,18,1:15.722,+7.501,+0.021,188.1,57,Heart of Racing Team,GTDPRO,,,Aston Martin Vantage GT3 Evo,M,2519,294,41,236,73,3,,17595,,,Ross,Gunn,Platinum,,GBR,,1905,1,Platinum,,,Mario,Farnbacher,Gold,,DEU,,3184,3,Gold,,,,,,,,,,,,,,,,,,,,,,,,,,,
22,27,19,1:15.763,+7.542,+0.041,188.0,41,Heart of Racing Team,GTD,,,Aston Martin Vantage GT3 Evo,M,1510,294,4,236,73,3,,17584,,,Roman,De Angelis,Gold,,CAN,,1379,1,Gold,,,Spencer,Pumpelly,Silver,,USA,,64,3,Silver,,,,,,,,,,,,,,,,,,,,,,,,,,,
23,70,6,1:15.779,+7.558,+0.016,188.0,41,Inception Racing,GTD,B,,McLaren 720S GT3 EVO,M,1520,388,4,81,7651,3,,17591,,,Brendan,Iribe,Bronze,,USA,,2622,1,Bronze,,,Frederik,Schandorff,Gold,,DNK,,3179,2,Gold,,,,,,,,,,,,,,,,,,,,,,,,,,,
24,86,7,1:15.825,+7.604,+0.046,187.9,56,MDK Motorsports,GTD,,,Porsche 911 GT3 R (992),M,2543,428,4,192,112,3,,17593,,,Kerong,Li,Silver,,CHN,,2627,1,Silver,,,Anders,Fjordbach,Silver,,DNK,,3177,2,Silver,,,,,,,,,,,,,,,,,,,,,,,,,,,
25,45,36,1:15.887,+7.666,+0.062,187.7,53,Wayne Taylor Racing with Andretti,GTD,,,Lamborghini Huracan GT3 EVO2,M,2530,277,4,194,1609,3,,17586,,,Kyle,Marcelli,Gold,,CAN,,88,1,Gold,,,Danny,Formal,Silver,,CRI,,2130,2,Silver,,,,,,,,,,,,,,,,,,,,,,,,,,,
26,9,44,1:15.953,+7.732,+0.066,187.6,44,Pfaff Motorsports,GTDPRO,,,McLaren 720S GT3 EVO,M,2520,390,41,81,7651,3,,17596,,,Marvin,Kirchhofer,Platinum,,CHE,,3010,2,Platinum,,,Oliver,Jarvis,Platinum,,GBR,,350,3,Platinum,,,,,,,,,,,,,,,,,,,,,,,,,,,
27,96,25,1:16.037,+7.816,+0.084,187.4,48,Turner Motorsport,GTD,,,BMW M4 GT3,M,1553,38,4,111,74,3,,17587,,,Robby,Foley,Gold,,USA,,1302,2,Gold,,,Patrick,Gallagher,Silver,,USA,,1593,1,Silver,,,,,,,,,,,,,,,,,,,,,,,,,,,
28,65,21,1:16.128,+7.907,+0.091,187.1,46,Ford Multimatic Motorsports,GTDPRO,,,Ford Mustang GT3,M,2535,498,41,231,107,3,,17602,,,Joey,Hand,Gold,,USA,,37,1,Gold,,,Dirk,Mueller,Platinum,,CHE,,36,2,Platinum,,,,,,,,,,,,,,,,,,,,,,,,,,,
29,57,4,1:16.165,+7.944,+0.037,187.0,59,WINWARD RACING,GTD,,,Mercedes-AMG GT3,M,2330,304,4,224,7643,3,,17581,,,Russell,Ward,Silver,,USA,,1252,1,Silver,,,Philip,Ellis,Gold,,GBR,,1936,2,Gold,,,,,,,,,,,,,,,,,,,,,,,,,,,
30,34,38,1:16.367,+8.146,+0.202,186.6,48,Conquest Racing,GTD,,,Ferrari 296 GT3,M,2536,284,4,191,106,3,,17590,,,Manny,Franco,Silver,,USA,,2584,1,Silver,,,Albert,Costa Balboa,Platinum,,ESP,,3213,2,Platinum,,,,,,,,,,,,,,,,,,,,,,,,,,,
31,13,13,1:16.421,+8.200,+0.054,186.4,48,AWA,GTD,B,,Chevrolet Corvette Z06 GT3.R,M,2514,217,4,232,105,3,,17582,,,Orey,Fidani,Bronze,,CAN,,973,1,Bronze,,,Matthew,Bell,Gold,,GBR,,424,2,Gold,,,,,,,,,,,,,,,,,,,,,,,,,,,
32,64,5,1:16.491,+8.270,+0.070,186.3,13,Ford Multimatic Motorsports,GTDPRO,,,Ford Mustang GT3,M,2527,498,41,231,107,3,,17601,,,Harry,Tincknell,Platinum,,GBR,,1288,1,Platinum,,,Mike,Rockenfeller,Platinum,,CHE,,625,2,Platinum,,,,,,,,,,,,,,,,,,,,,,,,,,,
33,66,20,1:16.734,+8.513,+0.243,185.7,48,Gradient Racing,GTD,B,,Acura NSX GT3,M,1416,328,4,43,7641,3,,17585,,,Sheena,Monk,Bronze,,USA,,1532,3,Bronze,,,Stevan,McAleer,Gold,,GBR,,460,2,Gold,,,,,,,,,,,,,,,,,,,,,,,,,,,
34,55,52,1:16.799,+8.578,+0.065,185.5,57,Proton Competition,GTD,,,Ford Mustang GT3,M,2549,461,4,231,107,3,,17594,,,Giammarco,Levorato,Silver,,ITA,,3257,3,Silver,,,Corey,Lewis,Silver,,USA,,763,4,Silver,,,,,,,,,,,,,,,,,,,,,,,,,,,
