﻿POS,NUMBER,LAP,TIME,GAP_FIRST,GAP_PREVIOUS,KPH, LAPS,TEAM,CLASS,GROUP,DIVISION,VEHICLE,TIRES,IMSA_CarId,IMSA_TeamId,IMSA_ClassId,IMSA_CarTypeId,IMSA_ManufacturerId,IMSA_TireId,IMSA_SponsorId,IMSA_EventEntryId,*Extra 9,*Extra 10,DRIVER1_FIRSTNAME,DRIVER1_SECONDNAME,DRIVER1_LICENSE,DRIVER1_HOMETOWN,DRIVER1_COUNTRY,DRIVER1_SHORTNAME,DRIVER1_IMSA_DriverId,DRIVER1_IMSA_DriverPlugId,DRIVER1_IMSA_DriverRatingLong,DRIVER1_*Extra 4,DRIVER1_*Extra 5,DRIVER2_FIRSTNAME,DRIVER2_SECONDNAME,DRIVER2_LICENSE,DRIVER2_HOMETOWN,DRIVER2_COUNTRY,DRIVER2_SHORTNAME,DRIVER2_IMSA_DriverId,DRIVER2_IMSA_DriverPlugId,DRIVER2_IMSA_DriverRatingLong,DRIVER2_*Extra 4,DRIVER2_*Extra 5,DRIVER3_FIRSTNAME,DRIVER3_SECONDNAME,DRIVER3_LICENSE,DRIVER3_HOMETOWN,DRIVER3_COUNTRY,DRIVER3_SHORTNAME,DRIVER3_IMSA_DriverId,DRIVER3_IMSA_DriverPlugId,DRIVER3_IMSA_DriverRatingLong,DRIVER3_*Extra 4,DRIVER3_*Extra 5,DRIVER4_FIRSTNAME,DRIVER4_SECONDNAME,DRIVER4_LICENSE,DRIVER4_HOMETOWN,DRIVER4_COUNTRY,DRIVER4_SHORTNAME,DRIVER4_IMSA_DriverId,DRIVER4_IMSA_DriverPlugId,DRIVER4_IMSA_DriverRatingLong,DRIVER4_*Extra 4,DRIVER4_*Extra 5,DRIVER5_FIRSTNAME,DRIVER5_SECONDNAME,DRIVER5_LICENSE,DRIVER5_HOMETOWN,DRIVER5_COUNTRY,DRIVER5_SHORTNAME,DRIVER5_IMSA_DriverId,DRIVER5_IMSA_DriverPlugId,DRIVER5_IMSA_DriverRatingLong,DRIVER5_*Extra 4,DRIVER5_*Extra 5,DRIVER6_FIRSTNAME,DRIVER6_SECONDNAME,DRIVER6_LICENSE,DRIVER6_HOMETOWN,DRIVER6_COUNTRY,DRIVER6_SHORTNAME,DRIVER6_IMSA_DriverId,DRIVER6_IMSA_DriverPlugId,DRIVER6_IMSA_DriverRatingLong,DRIVER6_*Extra 4,DRIVER6_*Extra 5,
1,99,7,1:09.582,-,-,204.7,9,AO Racing,LMP2,,,ORECA LMP2 07,M,2523,466,28,85,7637,3,,17610,,,PJ,Hyett,Bronze,,USA,,2947,1,Bronze,,,Louis,Deletraz,Gold,,CHE,,3171,4,Gold,,,,,,,,,,,,,,,,,,,,,,,,,,,
2,22,7,1:09.672,+0.090,+0.090,204.5,8,United Autosports USA,LMP2,,,ORECA LMP2 07,M,2516,382,28,85,7637,3,,17606,,,Daniel,Goldburg,Bronze,,USA,,1915,5,Bronze,,,Filipe,Albuquerque,Platinum,,PRT,,1194,2,Platinum,,,,,,,,,,,,,,,,,,,,,,,,,,,
3,74,7,1:09.690,+0.108,+0.018,204.4,8,Riley,LMP2,,,ORECA LMP2 07,M,2521,149,28,85,7637,3,,17609,,,Gar,Robinson,Bronze,,USA,,861,1,Bronze,,,Felipe,Fraga,Gold,,BRA,,1750,2,Gold,,,,,,,,,,,,,,,,,,,,,,,,,,,
4,52,6,1:09.756,+0.174,+0.066,204.2,8,Inter Europol by PR1 Mathiasen Motorsports,LMP2,,,ORECA LMP2 07,M,776,16,28,85,7637,3,,17607,,,Nick,Boulle,Bronze,,USA,,1091,2,Bronze,,,Tom,Dillmann,Gold,,FRA,,3203,3,Gold,,,,,,,,,,,,,,,,,,,,,,,,,,,
5,11,7,1:09.824,+0.242,+0.068,204.0,7,TDS Racing,LMP2,,,ORECA LMP2 07,M,2166,335,28,85,7637,3,,17604,,,Steven,Thomas,Bronze,,USA,,1919,1,Bronze,,,Scott,Huffaker,Gold,,USA,,1852,3,Gold,,,,,,,,,,,,,,,,,,,,,,,,,,,
6,04,7,1:10.017,+0.435,+0.193,203.5,7,CROWDSTRIKE RACING BY APR,LMP2,,,ORECA LMP2 07,M,2160,459,28,85,7637,3,,17608,,,George,Kurtz,Bronze,,USA,,1612,1,Bronze,,,Colin,Braun,Gold,,USA,,61,2,Gold,,,,,,,,,,,,,,,,,,,,,,,,,,,
7,2,3,1:11.392,+1.810,+1.375,199.6,8,United Autosports USA,LMP2,,,ORECA LMP2 07,M,2515,382,28,85,7637,3,,17605,,,Ben,Keating,Bronze,,USA,,378,5,Bronze,,,Ben,Hanley,Gold,,GBR,,1275,2,Gold,,,,,,,,,,,,,,,,,,,,,,,,,,,
8,8,7,1:12.020,+2.438,+0.628,197.8,8,Tower Motorsports,LMP2,,,ORECA LMP2 07,M,2164,460,28,85,7637,3,,17613,,,John,Farano,Bronze,,CAN,,441,1,Bronze,,,Renger,van der Zande,Platinum,,NLD,,3170,3,Platinum,,,,,,,,,,,,,,,,,,,,,,,,,,,
9,33,6,1:13.891,+4.309,+1.871,192.8,7,Sean Creech Motorsport,LMP2,,,Ligier JS P217,M,2532,286,28,52,7650,3,,17614,,,Joao,Barbosa,Gold,,USA,,182,1,Gold,,,Lance,Willsey,Bronze,,USA,,664,2,Bronze,,,,,,,,,,,,,,,,,,,,,,,,,,,
10,18,7,1:13.919,+4.337,+0.028,192.7,8,Era Motorsport,LMP2,,,ORECA LMP2 07,M,761,291,28,85,7637,3,,17612,,,Stuart,Wiltshire,Bronze,,GBR,,3395,1,Bronze,,,Ryan,Dalziel,Gold,,GBR,,192,2,Gold,,,,,,,,,,,,,,,,,,,,,,,,,,,
11,88,2,1:14.195,+4.613,+0.276,192.0,6,Richard Mille AF Corse,LMP2,,,ORECA LMP2 07,M,2544,510,28,85,7637,3,,17615,,,Luis,Perez Companc,Bronze,,ARG,,2719,1,Bronze,,,Pipo,Derani,Platinum,,BRA,,1083,2,Platinum,,,,,,,,,,,,,,,,,,,,,,,,,,,
12,3,7,1:14.373,+4.791,+0.178,191.6,8,Corvette Racing by Pratt Miller Motorsports,GTDPRO,,,Chevrolet Corvette Z06 GT3.R,M,2525,23,41,232,105,3,,17599,,,Antonio,Garcia,Platinum,,ESP,,12,1,Platinum,,,Alexander,Sims,Platinum,,GBR,,1261,2,Platinum,,,,,,,,,,,,,,,,,,,,,,,,,,,
13,14,5,1:14.640,+5.058,+0.267,190.9,7,VasserSullivan,GTDPRO,,,Lexus RC F GT3,M,2537,336,41,46,7644,3,,17603,,,Jack,Hawksworth,Gold,,GBR,,838,2,Gold,,,Ben,Barnicoat,Platinum,,GBR,,2620,1,Platinum,,,,,,,,,,,,,,,,,,,,,,,,,,,
14,12,5,1:15.060,+5.478,+0.420,189.8,7,VasserSullivan,GTD,,,Lexus RC F GT3,M,931,336,4,46,7644,3,,17592,,,Frankie,Montecalvo,Silver,,USA,,1279,1,Silver,,,Parker,Thompson,Silver,,CAN,,1877,2,Silver,,,,,,,,,,,,,,,,,,,,,,,,,,,
15,4,8,1:15.105,+5.523,+0.045,189.7,9,Corvette Racing by Pratt Miller Motorsports,GTDPRO,,,Chevrolet Corvette Z06 GT3.R,M,2526,23,41,232,105,3,,17600,,,Tommy,Milner,Platinum,,USA,,15,1,Platinum,,,Nicky,Catsburg,Platinum,,NLD,,3183,2,Platinum,,,,,,,,,,,,,,,,,,,,,,,,,,,
16,64,5,1:15.177,+5.595,+0.072,189.5,8,Ford Multimatic Motorsports,GTDPRO,,,Ford Mustang GT3,M,2527,498,41,231,107,3,,17601,,,Harry,Tincknell,Platinum,,GBR,,1288,1,Platinum,,,Mike,Rockenfeller,Platinum,,CHE,,625,2,Platinum,,,,,,,,,,,,,,,,,,,,,,,,,,,
17,1,7,1:15.193,+5.611,+0.016,189.5,8,Paul Miller Racing,GTDPRO,,,BMW M4 GT3,M,2522,34,41,111,74,3,,17597,,,Bryan,Sellers,Gold,,USA,,18,1,Gold,,,Madison,Snow,Gold,,USA,,155,2,Gold,,,,,,,,,,,,,,,,,,,,,,,,,,,
18,23,4,1:15.318,+5.736,+0.125,189.2,8,Heart of Racing Team,GTDPRO,,,Aston Martin Vantage GT3 Evo,M,2519,294,41,236,73,3,,17595,,,Ross,Gunn,Platinum,,GBR,,1905,1,Platinum,,,Mario,Farnbacher,Gold,,DEU,,3184,3,Gold,,,,,,,,,,,,,,,,,,,,,,,,,,,
19,9,5,1:15.390,+5.808,+0.072,189.0,7,Pfaff Motorsports,GTDPRO,,,McLaren 720S GT3 EVO,M,2520,390,41,81,7651,3,,17596,,,Marvin,Kirchhofer,Platinum,,CHE,,3010,2,Platinum,,,Oliver,Jarvis,Platinum,,GBR,,350,3,Platinum,,,,,,,,,,,,,,,,,,,,,,,,,,,
20,27,4,1:15.392,+5.810,+0.002,189.0,8,Heart of Racing Team,GTD,,,Aston Martin Vantage GT3 Evo,M,1510,294,4,236,73,3,,17584,,,Roman,De Angelis,Gold,,CAN,,1379,1,Gold,,,Spencer,Pumpelly,Silver,,USA,,64,3,Silver,,,,,,,,,,,,,,,,,,,,,,,,,,,
21,77,4,1:15.519,+5.937,+0.127,188.6,9,AO Racing,GTDPRO,,,Porsche 911 GT3 R (992),M,2524,466,41,192,112,3,,17598,,,Laurin,Heinrich,Gold,,DEU,,3190,1,Gold,,,Seb,Priaulx,Gold,,GBR,,3176,2,Gold,,,,,,,,,,,,,,,,,,,,,,,,,,,
22,96,6,1:15.560,+5.978,+0.041,188.5,8,Turner Motorsport,GTD,,,BMW M4 GT3,M,1553,38,4,111,74,3,,17587,,,Robby,Foley,Gold,,USA,,1302,2,Gold,,,Patrick,Gallagher,Silver,,USA,,1593,1,Silver,,,,,,,,,,,,,,,,,,,,,,,,,,,
23,32,7,1:15.605,+6.023,+0.045,188.4,8,Korthoff/Preston Motorsports,GTD,,,Mercedes-AMG GT3,M,2517,497,4,224,7643,3,,17583,,,Mike,Skeen,Silver,,USA,,830,4,Silver,,,Mikael,Grenier,Gold,,CAN,,1624,3,Gold,,,,,,,,,,,,,,,,,,,,,,,,,,,
24,70,7,1:15.693,+6.111,+0.088,188.2,9,Inception Racing,GTD,B,,McLaren 720S GT3 EVO,M,1520,388,4,81,7651,3,,17591,,,Brendan,Iribe,Bronze,,USA,,2622,1,Bronze,,,Frederik,Schandorff,Gold,,DNK,,3179,2,Gold,,,,,,,,,,,,,,,,,,,,,,,,,,,
25,57,6,1:15.742,+6.160,+0.049,188.1,10,WINWARD RACING,GTD,,,Mercedes-AMG GT3,M,2330,304,4,224,7643,3,,17581,,,Russell,Ward,Silver,,USA,,1252,1,Silver,,,Philip,Ellis,Gold,,GBR,,1936,2,Gold,,,,,,,,,,,,,,,,,,,,,,,,,,,
26,45,6,1:15.807,+6.225,+0.065,187.9,8,Wayne Taylor Racing with Andretti,GTD,,,Lamborghini Huracan GT3 EVO2,M,2530,277,4,194,1609,3,,17586,,,Kyle,Marcelli,Gold,,CAN,,88,1,Gold,,,Danny,Formal,Silver,,CRI,,2130,2,Silver,,,,,,,,,,,,,,,,,,,,,,,,,,,
27,65,8,1:16.000,+6.418,+0.193,187.5,9,Ford Multimatic Motorsports,GTDPRO,,,Ford Mustang GT3,M,2535,498,41,231,107,3,,17602,,,Joey,Hand,Gold,,USA,,37,1,Gold,,,Dirk,Mueller,Platinum,,CHE,,36,2,Platinum,,,,,,,,,,,,,,,,,,,,,,,,,,,
28,78,9,1:16.314,+6.732,+0.314,186.7,10,Forte Racing,GTD,,,Lamborghini Huracan GT3 EVO2,M,2531,499,4,194,1609,3,,17588,,,Misha,Goikhberg,Silver,,CAN,,168,1,Silver,,,Loris,Spinelli,Gold,,ITA,,2901,2,Gold,,,,,,,,,,,,,,,,,,,,,,,,,,,
29,66,6,1:16.372,+6.790,+0.058,186.5,8,Gradient Racing,GTD,B,,Acura NSX GT3,M,1416,328,4,43,7641,3,,17585,,,Sheena,Monk,Bronze,,USA,,1532,3,Bronze,,,Stevan,McAleer,Gold,,GBR,,460,2,Gold,,,,,,,,,,,,,,,,,,,,,,,,,,,
30,55,6,1:16.614,+7.032,+0.242,186.0,9,Proton Competition,GTD,,,Ford Mustang GT3,M,2549,461,4,231,107,3,,17594,,,Giammarco,Levorato,Silver,,ITA,,3257,3,Silver,,,Corey,Lewis,Silver,,USA,,763,4,Silver,,,,,,,,,,,,,,,,,,,,,,,,,,,
31,13,5,1:16.821,+7.239,+0.207,185.5,10,AWA,GTD,B,,Chevrolet Corvette Z06 GT3.R,M,2514,217,4,232,105,3,,17582,,,Orey,Fidani,Bronze,,CAN,,973,1,Bronze,,,Matthew,Bell,Gold,,GBR,,424,2,Gold,,,,,,,,,,,,,,,,,,,,,,,,,,,
32,86,5,1:18.122,+8.540,+1.301,182.4,9,MDK Motorsports,GTD,,,Porsche 911 GT3 R (992),M,2543,428,4,192,112,3,,17593,,,Kerong,Li,Silver,,CHN,,2627,1,Silver,,,Anders,Fjordbach,Silver,,DNK,,3177,2,Silver,,,,,,,,,,,,,,,,,,,,,,,,,,,
33,20,0,,+3.522,+0.780,,2,MDK by High Class Racing,LMP2,,,ORECA LMP2 07,M,968,348,28,85,7637,3,,17611,,,Dennis,Andersen,Bronze,,DNK,,3178,1,Bronze,,,Seth,Lucas,Silver,,USA,,3067,2,Silver,,,,,,,,,,,,,,,,,,,,,,,,,,,
34,34,0,,,,,0,Conquest Racing,GTD,,,Ferrari 296 GT3,M,2536,284,4,191,106,3,,17590,,,Manny,Franco,Silver,,USA,,2584,1,Silver,,,Albert,Costa Balboa,Platinum,,ESP,,3213,2,Platinum,,,,,,,,,,,,,,,,,,,,,,,,,,,
