﻿POS,NUMBER,LAP,TIME,GAP_FIRST,GAP_PREVIOUS,KPH, LAPS,TEAM,CLASS,GROUP,DIVISION,VEHICLE,TIRES,IMSA_CarId,IMSA_TeamId,IMSA_ClassId,IMSA_CarTypeId,IMSA_ManufacturerId,IMSA_TireId,IMSA_SponsorId,IMSA_EventEntryId,*Extra 9,*Extra 10,DRIVER1_FIRSTNAME,DRIVER1_SECONDNAME,DRIVER1_LICENSE,DRIVER1_HOMETOWN,DRIVER1_COUNTRY,DRIVER1_SHORTNAME,DRIVER1_IMSA_DriverId,DRIVER1_IMSA_DriverPlugId,DRIVER1_IMSA_DriverRatingLong,DRIVER1_*Extra 4,DRIVER1_*Extra 5,DRIVER2_FIRSTNAME,DRIVER2_SECONDNAME,DRIVER2_LICENSE,DRIVER2_HOMETOWN,DRIVER2_COUNTRY,DRIVER2_SHORTNAME,DRIVER2_IMSA_DriverId,DRIVER2_IMSA_DriverPlugId,DRIVER2_IMSA_DriverRatingLong,DRIVER2_*Extra 4,DRIVER2_*Extra 5,DRIVER3_FIRSTNAME,DRIVER3_SECONDNAME,DRIVER3_LICENSE,DRIVER3_HOMETOWN,DRIVER3_COUNTRY,DRIVER3_SHORTNAME,DRIVER3_IMSA_DriverId,DRIVER3_IMSA_DriverPlugId,DRIVER3_IMSA_DriverRatingLong,DRIVER3_*Extra 4,DRIVER3_*Extra 5,DRIVER4_FIRSTNAME,DRIVER4_SECONDNAME,DRIVER4_LICENSE,DRIVER4_HOMETOWN,DRIVER4_COUNTRY,DRIVER4_SHORTNAME,DRIVER4_IMSA_DriverId,DRIVER4_IMSA_DriverPlugId,DRIVER4_IMSA_DriverRatingLong,DRIVER4_*Extra 4,DRIVER4_*Extra 5,DRIVER5_FIRSTNAME,DRIVER5_SECONDNAME,DRIVER5_LICENSE,DRIVER5_HOMETOWN,DRIVER5_COUNTRY,DRIVER5_SHORTNAME,DRIVER5_IMSA_DriverId,DRIVER5_IMSA_DriverPlugId,DRIVER5_IMSA_DriverRatingLong,DRIVER5_*Extra 4,DRIVER5_*Extra 5,DRIVER6_FIRSTNAME,DRIVER6_SECONDNAME,DRIVER6_LICENSE,DRIVER6_HOMETOWN,DRIVER6_COUNTRY,DRIVER6_SHORTNAME,DRIVER6_IMSA_DriverId,DRIVER6_IMSA_DriverPlugId,DRIVER6_IMSA_DriverRatingLong,DRIVER6_*Extra 4,DRIVER6_*Extra 5,
1,01,15,1:34.649,-,-,217.9,24,Cadillac Chip Ganassi Racing,DPi,,,Cadillac DPi,M,943,339,27,49,7646,3,,10194,,,Renger,van der Zande,Gold,,NLD,,1998,1,Gold,,,Kevin,Magnussen,Platinum,,DNK,,2411,2,Platinum,,,Scott,Dixon,Platinum,,NZL,,631,3,Platinum,,,,,,,,,,,,,,,,,,,,,
2,31,16,1:34.731,+0.082,+0.082,217.7,22,Whelen Engineering Racing,DPi,,,Cadillac DPi,M,741,159,27,49,7646,3,,10217,,,Felipe,De Oliveira Nasr,Platinum,,BRA,,1598,1,Platinum,,,Mike,Conway,Platinum,,GBR,,1254,2,Platinum,,,Pipo,Derani,Platinum,,BRA,,1083,3,Platinum,,,Chase,Elliott,Platinum,,USA,,2309,4,Platinum,,,,,,,,,,,,,,,
3,55,8,1:34.786,+0.137,+0.055,217.6,22,Mazda Motorsports,DPi,,,Mazda DPi,M,858,4,27,48,110,3,,10173,,,Oliver,Jarvis,Platinum,,GBR,,1999,1,Platinum,,,Harry,Tincknell,Platinum,,GBR,,1288,2,Platinum,,,Jonathan,Bomarito,Gold,,USA,,309,3,Gold,,,,,,,,,,,,,,,,,,,,,
4,10,9,1:34.821,+0.172,+0.035,217.5,22,Konica Minolta Acura ARX-05,DPi,,,Acura DPi,M,948,81,27,65,7641,3,,10197,,,Ricky,Taylor,Platinum,,USA,,608,1,Platinum,,,Filipe,Albuquerque,Platinum,,PRT,,1194,2,Platinum,,,Alexander,Rossi,Platinum,,USA,,599,3,Platinum,,,Helio,Castroneves,Platinum,,USA,,1525,4,Platinum,,,,,,,,,,,,,,,
5,5,14,1:34.963,+0.314,+0.142,217.2,26,Mustang Sampling / JDC-Miller MotorSports,DPi,,,Cadillac DPi,M,1043,367,27,49,7646,3,,10178,,,Tristan,Vautier,Gold,,FRA,,635,1,Gold,,,Loic,Duval,Platinum,,FRA,,1274,2,Platinum,,,Sebastien,Bourdais,Platinum,,FRA,,602,3,Platinum,,,,,,,,,,,,,,,,,,,,,
6,48,7,1:35.134,+0.485,+0.171,216.8,24,Ally Cadillac Racing,DPi,,,Cadillac DPi,M,963,344,27,49,7646,3,,10216,,,Jimmie,Johnson,Platinum,,USA,,2244,1,Platinum,,,Kamui,Kobayashi,Platinum,,JPN,,1778,2,Platinum,,,Simon,Pagenaud,Platinum,,FRA,,3,3,Platinum,,,Mike,Rockenfeller,Platinum,,DEU,,625,4,Platinum,,,,,,,,,,,,,,,
7,60,13,1:35.959,+1.310,+0.825,214.9,13,Meyer Shank Racing w/Curb-Agajanian,DPi,,,Acura DPi,M,947,3,27,65,7641,3,,10196,,,Dane,Cameron,Gold,,USA,,54,1,Gold,,,Olivier,Pla,Platinum,,FRA,,2409,2,Platinum,,,Juan Pablo,Montoya,Platinum,,COL,,1329,3,Platinum,,,AJ,Allmendinger,Gold,,USA,,619,4,Gold,,,,,,,,,,,,,,,
8,52,24,1:36.153,+1.504,+0.194,214.5,25,PR1 Mathiasen Motorsports,LMP2,,,ORECA LMP2 07,M,776,16,28,85,7637,3,,10212,,,Ben,Keating,Bronze,,USA,,378,1,Bronze,,,Mikkel,Jensen,Silver,,DNK,,2088,2,Silver,,,Scott,Huffaker,Silver,,USA,,1852,3,Silver,,,Nicolas,Lapierre,Platinum,,FRA,,1143,4,Platinum,,,,,,,,,,,,,,,
9,81,12,1:36.403,+1.754,+0.250,213.9,22,DragonSpeed USA,LMP2,,,ORECA LMP2 07,M,797,305,28,85,7637,3,,10263,,,Ben,Hanley,Gold,,GBR,,1275,4,Gold,,,Rob,Hodes,Bronze,,USA,,1181,1,Bronze,,,Garett,Grist,Silver,,CAN,,1388,2,Silver,,,Rinus,Veekay,Gold,,NLD,,2420,3,Gold,,,,,,,,,,,,,,,
10,29,8,1:36.446,+1.797,+0.043,213.9,29,Racing Team Nederland,LMP2,,,ORECA LMP2 07,M,927,335,28,85,7637,3,,10172,,,Frits,Van Eerd,Bronze,,NLD,,2268,1,Bronze,,,Giedo,van der Garde,Platinum,,NLD,,2423,2,Platinum,,,Job,van Uitert,Gold,,NLD,,2174,3,Gold,,,Charles,Milesi,Silver,,FRA,,2274,4,Silver,,,,,,,,,,,,,,,
11,47,8,1:36.758,+2.109,+0.312,213.2,26,Cetilar Racing,LMP2,,,Dallara LMP2,M,935,337,28,103,7664,3,,10184,,,Roberto,Lacorte,Bronze,,ITA,,2452,1,Bronze,,,Antonio,Fuoco,Gold,,ITA,,2306,2,Gold,,,Andrea,Belicchi,Gold,,ITA,,2297,3,Gold,,,Giorgio,Sernagiotto,Silver,,ITA,,2288,4,Silver,,,,,,,,,,,,,,,
12,20,11,1:36.924,+2.275,+0.166,212.8,29,High Class Racing,LMP2,,,ORECA LMP2 07,M,968,348,28,85,7637,3,,10224,,,Dennis,Andersen,Bronze,,DNK,,2406,1,Bronze,,,Ferdinand,Habsburg-Lothringen,Gold,,?,,1610,2,Gold,,,Anders,Fjorback,Silver,,DNK,,1865,3,Silver,,,Robert,Kubica,Platinum,,?,,2445,4,Platinum,,,,,,,,,,,,,,,
13,8,10,1:36.966,+2.317,+0.042,212.7,24,Tower Motorsport,LMP2,,,ORECA LMP2 07,M,973,352,28,85,7637,3,,10236,,,John,Farano,Bronze,,CAN,,441,1,Bronze,,,Gabriel,Aubry,Gold,,FRA,,1769,2,Gold,,,Tim,Buret,Silver,,FRA,,2291,3,Silver,,,Matthieu,Vaxiviere,Gold,,FRA,,1850,4,Gold,,,,,,,,,,,,,,,
14,18,8,1:37.084,+2.435,+0.118,212.4,20,Era Motorsport,LMP2,,,ORECA LMP2 07,M,761,291,28,85,7637,3,,10221,,,Dwight,Merriman,Bronze,,USA,,1930,1,Bronze,,,Kyle,Tilley,Silver,,GBR,,1079,2,Silver,,,Ryan,Dalziel,Gold,,GBR,,192,3,Gold,,,Paul-Loup,Chatin,Gold,,FRA,,2401,4,Gold,,,,,,,,,,,,,,,
15,82,10,1:37.339,+2.690,+0.255,211.9,24,DragonSpeed USA LLC,LMP2,,,ORECA LMP2 07,M,986,305,28,85,7637,3,,10262,,,Christopher,Mies,Platinum,,DEU,,768,2,Platinum,,,Eric,Lux,Bronze,,USA,,96,4,Bronze,,,Devlin,DeFrancesco,Silver,,CAN,,1625,3,Silver,,,Fabian,Schiller,Silver,,DEU,,1790,1,Silver,,,,,,,,,,,,,,,
16,11,10,1:38.217,+3.568,+0.878,210.0,24,WIN Autosport,LMP2,,,ORECA LMP2 07,M,942,183,28,85,7637,3,,10191,,,Steven,Thomas,Bronze,,USA,,1919,1,Bronze,,,Tristan,Nunez,Gold,,USA,,169,2,Gold,,,Thomas,Merrill,Bronze,,USA,,1458,3,Bronze,,,Matthew,Bell,Silver,,GBR,,424,4,Silver,,,,,,,,,,,,,,,
17,51,9,1:40.043,+5.394,+1.826,206.2,20,RWR-Eurasia,LMP2,,,Ligier  LMP2,M,936,338,28,52,7650,3,,10185,,,Cody,Ware,Silver,,USA,,808,1,Silver,,,Salih,Yoluc,Bronze,,TUR,,2450,2,Bronze,,,Austin,Dillon,Gold,,USA,,2313,3,Gold,,,Sven,Muller,Gold,,DEU,,1101,4,Gold,,,,,,,,,,,,,,,
18,91,7,1:42.416,+7.767,+2.373,201.4,21,Riley Motorsports,LMP3,,,Ligier JS P320,M,1283,35,,96,7650,3,,10164,,,Jim,Cox,Bronze,,USA,,1248,1,Bronze,,,Dylan,Murry,Silver,,USA,,2233,2,Silver,,,Austin,McCusker,Silver,,USA,,1586,3,Silver,,,Jeroen,Bleekemolen,Gold,,NLD,,186,4,Gold,,,,,,,,,,,,,,,
19,4,8,1:42.766,+8.117,+0.350,200.7,24,Corvette Racing,GTLM,,,Chevrolet Corvette C8.R,M,749,23,3,83,105,3,,10175,,,Tommy,Milner,Platinum,,USA,,15,1,Platinum,,,Nick,Tandy,Platinum,,GBR,,124,2,Platinum,,,Alexander,Sims,Platinum,,GBR,,1261,3,Platinum,,,,,,,,,,,,,,,,,,,,,
20,54,6,1:42.855,+8.206,+0.089,200.5,20,Porsche Motorsport,LMP3,,,Ligier JS P320,M,1285,174,,96,7650,3,,10166,,,Jonathan,Bennett,Bronze,,USA,,60,1,Bronze,,,George,Kurtz,Bronze,,USA,,1612,3,Bronze,,,Colin,Braun,Gold,,USA,,61,2,Gold,,,Matt,McMurry,Silver,,USA,,393,4,Silver,,,,,,,,,,,,,,,
21,6,9,1:42.879,+8.230,+0.024,200.5,28,Muehlner Motorsports America,LMP3,,,Duqueine D08,M,1286,51,36,105,7665,3,,10182,,,Moritz,Kranz,Bronze,,DEU,,1505,4,Bronze,,,Laurents,Hoerr,Silver,,DEU,,2415,3,Silver,,,Kenton,Koch,Silver,,USA,,2239,1,Silver,,,Stevan,McAleer,Silver,,GBR,,,,,,,,,,,,,,,,,,,
22,7,9,1:42.946,+8.297,+0.067,200.4,26,Forty7 Motorsports,LMP3,,,Duqueine D08,M,1295,193,,105,7665,3,,10246,,,Mark,Kvamme,Bronze,,USA,,2422,3,Bronze,,,Ryan,Norman,Silver,,USA,,2231,2,Silver,,,Gabby,Chaves,Gold,,COL,,600,4,Gold,,,Trenton,Estep,Silver,,USA,,1353,1,Silver,,,,,,,,,,,,,,,
23,3,8,1:43.062,+8.413,+0.116,200.1,19,Corvette Racing,GTLM,,,Chevrolet Corvette C8.R,M,748,23,3,83,105,3,,10174,,,Antonio,Garcia,Platinum,,ESP,,12,1,Platinum,,,Jordan,Taylor,Platinum,,USA,,13,2,Platinum,,,Nicky,Catsburg,Platinum,,NLD,,1113,3,Platinum,,,,,,,,,,,,,,,,,,,,,
24,62,8,1:43.196,+8.547,+0.134,199.9,24,Risi Competizione,GTLM,,,Ferrari 488 GTE,M,26,26,3,8,106,3,,10210,,,James,Calado,Platinum,,GBR,,1096,1,Platinum,,,Alessandro,Pier Guidi,Platinum,,ITA,,2238,2,Platinum,,,Jules,Gounon,Gold,,FRA,,1224,3,Gold,,,Davide,Rigon,Platinum,,ITA,,679,4,Platinum,,,,,,,,,,,,,,,
25,74,24,1:43.348,+8.699,+0.152,199.6,24,Riley Motorsports,LMP3,,,Ligier JS P320,M,1282,35,,96,7650,3,,10163,,,Gar,Robinson,Silver,,USA,,861,1,Silver,,,Scott,Andrews,Silver,,AUS,,1657,3,Silver,,,Oliver,Askew,Silver,,USA,,2413,4,Silver,,,Spencer,Pigot,Gold,,USA,,,,,,,,,,,,,,,,,,,
26,79,9,1:43.400,+8.751,+0.052,199.5,21,WeatherTech Racing,GTLM,,,Porsche 911 RSR - 19,M,983,360,3,87,112,3,,10257,,,Cooper,MacNeil,Silver,,USA,,113,1,Silver,,,Kevin,Estre,Platinum,,FRA,,183,2,Platinum,,,Richard,Lietz,Platinum,,AUT,,216,3,Platinum,,,Gianmaria,Bruni,Platinum,,ITA,,22,4,Platinum,,,,,,,,,,,,,,,
27,38,9,1:43.472,+8.823,+0.072,199.3,24,Performance Tech Motorsports,LMP3,,,Ligier JS P320,M,1287,289,,96,7650,3,,10189,,,Rasmus,Lindh,Silver,,SWE,,2101,2,Silver,,,Cameron,Cassels,Bronze,,CAN,,1001,1,Bronze,,,Mateo,LLarena,Silver,,GTM,,2091,3,Silver,,,Ayrton,Ori,Silver,,USA,,2261,5,Silver,,,,,,,,,,,,,,,
28,33,10,1:43.493,+8.844,+0.021,199.3,27,Sean Creech Motorsport,LMP3,,,Ligier JS P320,M,1284,286,,96,7650,3,,10165,,,Lance,Willsey,Bronze,,USA,,664,2,Bronze,,,Joao,Barbosa,Gold,,PRT,,182,1,Gold,,,Wayne,Boyd,Silver,,GBR,,1912,3,Silver,,,Yann,Clairay,Silver,,FRA,,1693,4,Silver,,,,,,,,,,,,,,,
29,25,9,1:43.963,+9.314,+0.470,198.4,15,BMW Team RLL,GTLM,,,BMW M8 GTE,M,412,17,3,66,74,3,,10218,,,Connor,De Phillippi,Gold,,USA,,698,2,Gold,,,Philipp,Eng,Platinum,,AUT,,883,4,Platinum,,,Timo,Glock,Platinum,,DEU,,2407,5,Platinum,,,Bruno,Spengler,Platinum,,CAN,,903,1,Platinum,,,,,,,,,,,,,,,
30,24,19,1:44.206,+9.557,+0.243,197.9,19,BMW Team RLL,GTLM,,,BMW M8 GTE,M,434,17,3,66,74,3,,10219,,,John,Edwards,Platinum,,USA,,942,2,Platinum,,,Jesse,Krohn,Gold,,FIN,,2414,1,Gold,,,Augusto,Farfus,Platinum,,BRA,,701,4,Platinum,,,Marco,Wittmann,Platinum,,DEU,,2416,5,Platinum,,,,,,,,,,,,,,,
31,28,7,1:45.822,+11.173,+1.616,194.9,27,Alegra Motorsports,GTD,,,Mercedes-AMG GT3,M,941,122,4,45,7643,3,,10190,,,Daniel,Morad,Silver,,CAN,,1144,2,Silver,,,Michael,de Quesada,Silver,,USA,,1136,6,Silver,,,Billy,Johnson,Gold,,USA,,365,3,Gold,,,Maximilian,Buhk,Platinum,,DEU,,1751,1,Platinum,,,,,,,,,,,,,,,
32,88,9,1:45.864,+11.215,+0.042,194.8,24,Team Hardpoint EBM,GTD,,,Porsche 911 GT3R,M,966,346,4,93,112,3,,10223,,,Rob,Ferriol,Bronze,,USA,,1589,1,Bronze,,,Earl,Bamber,Platinum,,NZL,,651,2,Platinum,,,Katherine,Legge,Gold,,GBR,,2305,3,Gold,,,Christina,Nielsen,Silver,,DNK,,1981,4,Silver,,,,,,,,,,,,,,,
33,9,21,1:45.882,+11.233,+0.018,194.8,22,Pfaff Motorsports,GTD,,,Porsche 911 GT3R,M,925,334,4,93,112,3,,10171,,,Zacharie,Robichon,Silver,,CAN,,1176,2,Silver,,,Laurens,Vanthoor,Platinum,,BEL,,1241,5,Platinum,,,Lars,Kern,Silver,,DEU,,1785,3,Silver,,,Matt,Campbell,Gold,,AUS,,1791,4,Gold,,,,,,,,,,,,,,,
34,44,7,1:46.060,+11.411,+0.178,194.5,19,Magnus with Archangel,GTD,,,Acura NSX GT3,M,961,343,4,43,7641,3,,10211,,,John,Potter,Bronze,,USA,,670,1,Bronze,,,Andy,Lally,Gold,,USA,,25,2,Gold,,,Spencer,Pumpelly,Silver,,USA,,64,3,Silver,,,Mario,Farnbacher,Gold,,DEU,,318,4,Gold,,,,,,,,,,,,,,,
35,14,4,1:46.093,+11.444,+0.033,194.4,20,VasserSullivan,GTD,,,Lexus RC F GT3,M,930,336,4,46,7644,3,,10179,,,Aaron,Telitz,Silver,,USA,,2230,1,Silver,,,Oliver,Gavin,Platinum,,GBR,,14,4,Platinum,,,Kyle,Kirkwood,Silver,,USA,,1755,3,Silver,,,Jack,Hawksworth,Gold,,GBR,,838,2,Gold,,,,,,,,,,,,,,,
36,19,8,1:46.109,+11.460,+0.016,194.4,22,GRT Grasser Racing Team,GTD,,,Lamborghini Huracan GT3,M,969,325,4,13,1609,3,,10225,,,Misha,Goikhberg,Silver,,RUS,,168,1,Silver,,,Franck,Perera,Platinum,,FRA,,1617,2,Platinum,,,Albert,Costa,Gold,,ESP,,2014,3,Gold,,,Tim,Zimmermann,Silver,,DEU,,2310,4,Silver,,,,,,,,,,,,,,,
37,16,13,1:46.148,+11.499,+0.039,194.3,22,Wright Motorsports,GTD,,,Porsche 911 GT3R,M,857,111,4,93,112,3,,10215,,,Trent,Hindman,Silver,,USA,,244,2,Silver,,,Patrick,Long,Platinum,,USA,,27,1,Platinum,,,Jan,Heylen,Silver,,BEL,,184,3,Silver,,,Klaus,Bachler,Gold,,AUT,,663,4,Gold,,,,,,,,,,,,,,,
38,75,13,1:46.152,+11.503,+0.004,194.3,26,SunEnergy1 Racing,GTD,,,Mercedes-AMG GT3,M,242,143,4,45,7643,3,,10238,,,Kenny,Habul,Bronze,,AUS,,1115,1,Bronze,,,Raffaele,Marciello,Platinum,,Swi,,2259,2,Platinum,,,Mikael,Grenier,Silver,,CAN,,1624,4,Silver,,,Luca,Stolz,Gold,,DEU,,1124,3,Gold,,,,,,,,,,,,,,,
39,57,7,1:46.215,+11.566,+0.063,194.2,26,Winward Racing,GTD,,,Mercedes-AMG GT3,M,934,304,4,45,7643,3,,10183,,,Russell,Ward,Silver,,USA,,1252,1,Silver,,,Philip,Ellis,Silver,,CHE,,1936,2,Silver,,,Indy,Dontje,Silver,,NLD,,1634,5,Silver,,,Maro,Engel,Platinum,,DEU,,1092,3,Platinum,,,,,,,,,,,,,,,
40,96,13,1:46.284,+11.635,+0.069,194.1,20,Turner Motorsport,GTD,,,BMW M6 GT3,M,38,38,4,17,74,3,,10199,,,Bill,Auberlen,Gold,,USA,,39,1,Gold,,,Robby,Foley,Silver,,USA,,1302,2,Silver,,,Aidan,Read,Silver,,AUS,,2417,3,Silver,,,Colton,Herta,Gold,,USA,,1602,4,Gold,,,,,,,,,,,,,,,
41,63,9,1:46.292,+11.643,+0.008,194.0,23,Scuderia Corsa,GTD,,,Ferrari 488 GT3,M,37,25,4,16,106,3,,10222,,,Ed,Jones,Gold,,ARE,,2418,2,Gold,,,Bret,Curtis,Bronze,,USA,,126,4,Bronze,,,Ryan,Briscoe,Platinum,,AUS,,358,1,Platinum,,,Marcos,Gomes,Silver,,BRA,,689,3,Silver,,,,,,,,,,,,,,,
42,12,14,1:46.321,+11.672,+0.029,194.0,20,VasserSullivan,GTD,,,Lexus RC F GT3,M,931,336,4,46,7644,3,,10180,,,Robert,Megennis,Silver,,USA,,2412,3,Silver,,,Zach,Veach,Gold,,USA,,961,2,Gold,,,Townsend,Bell,Gold,,USA,,117,4,Gold,,,Frankie,Montecalvo,Silver,,USA,,1279,1,Silver,,,,,,,,,,,,,,,
43,111,7,1:46.380,+11.731,+0.059,193.9,7,GRT Grasser Racing Team,GTD,,,Lamborghini Huracan GT3,M,970,325,4,13,1609,3,,10226,,,Steijn,Schothorst,Silver,,NLD,,2008,3,Silver,,,Marco,Mapelli,Gold,,ITA,,1283,4,Gold,,,Rolf,Ineichen,Silver,,CHE,,662,1,Silver,,,Mirko,Bortolotti,Platinum,,ITA,,1102,2,Platinum,,,,,,,,,,,,,,,
44,21,11,1:46.829,+12.180,+0.449,193.1,25,Af Corse,GTD,,,Ferrari 488 GT3,M,922,333,4,16,106,3,,10170,,,Simon,Mann,Silver,,GBR,,2435,1,Silver,,,Nicklas,Nielsen,Gold,,DNK,,2065,2,Gold,,,Daniel,Serra,Gold,,BRA,,687,3,Gold,,,Matteo,Cressoni,Silver,,ITA,,1004,4,Silver,,,,,,,,,,,,,,,
45,23,10,1:46.854,+12.205,+0.025,193.0,25,Heart Of Racing Team,GTD,,,Aston Martin Vantage GT3,M,767,294,4,18,73,3,,10176,,,Ian,James,Silver,,USA,,453,1,Silver,,,Roman,De Angelis,Silver,,CAN,,1379,2,Silver,,,Darren,Turner,Platinum,,GBR,,189,3,Platinum,,,Ross,Gunn,Gold,,GBR,,1905,4,Gold,,,,,,,,,,,,,,,
46,1,6,1:46.900,+12.251,+0.046,192.9,23,Paul Miller Racing,GTD,,,Lamborghini Huracan GT3,M,938,34,4,13,1609,3,,10186,,,Bryan,Sellers,Gold,,USA,,18,1,Gold,,,Madison,Snow,Silver,,USA,,155,2,Silver,,,Corey,Lewis,Silver,,USA,,763,3,Silver,,,Andrea,Caldarelli,Platinum,,ITA,,1228,4,Platinum,,,,,,,,,,,,,,,
47,97,7,1:46.939,+12.290,+0.039,192.9,24,TF Sport,GTD,,,Aston Martin Vantage GT3,M,949,340,4,18,73,3,,10198,,,Maxwell,Root,Silver,,USA,,1654,1,Silver,,,Charlie,Eastwood,Gold,,IRL,,2424,2,Gold,,,Ben,Keating,Bronze,,USA,,378,3,Bronze,,,Richard,Westbrook,Platinum,,GBR,,16,4,Platinum,,,,,,,,,,,,,,,
48,64,7,1:47.063,+12.414,+0.124,192.6,22,TeamTGM,GTD,,,Porsche 911 GT3R,M,946,79,4,93,112,3,,10195,,,Ted,Giovanis,Bronze,,USA,,489,1,Bronze,,,Owen,Trinkler,Silver,,USA,,519,5,Silver,,,Hugh,Plumb,Bronze,,USA,,421,3,Bronze,,,Matt,Plumb,Silver,,USA,,429,2,Silver,,,,,,,,,,,,,,,
49,42,26,1:47.750,+13.101,+0.687,191.4,26,NTE Sport,GTD,,,Audi R8 LMS GT3,M,974,353,4,12,909,3,,10237,,,Alan,Metni,Bronze,,USA,,1344,1,Bronze,,,Andrew,Davis,Silver,,USA,,329,2,Silver,,,JR,Hildebrand,Gold,,UAE,,2307,3,Gold,,,Don,Yount,Bronze,,USA,,399,4,Bronze,,,,,,,,,,,,,,,
