﻿POS,NUMBER,LAP,TIME,GAP_FIRST,GAP_PREVIOUS,KPH, LAPS,TEAM,CLASS,GROUP,DIVISION,VEHICLE,TIRES,IMSA_CarId,IMSA_TeamId,IMSA_ClassId,IMSA_CarTypeId,IMSA_ManufacturerId,IMSA_TireId,IMSA_SponsorId,IMSA_EventEntryId,*Extra 9,*Extra 10,DRIVER1_FIRSTNAME,DRIVER1_SECONDNAME,DRIVER1_LICENSE,DRIVER1_HOMETOWN,DRIVER1_COUNTRY,DRIVER1_SHORTNAME,DRIVER1_IMSA_DriverId,DRIVER1_IMSA_DriverPlugId,DRIVER1_IMSA_DriverRatingLong,DRIVER1_*Extra 4,DRIVER1_*Extra 5,DRIVER2_FIRSTNAME,DRIVER2_SECONDNAME,DRIVER2_LICENSE,DRIVER2_HOMETOWN,DRIVER2_COUNTRY,DRIVER2_SHORTNAME,DRIVER2_IMSA_DriverId,DRIVER2_IMSA_DriverPlugId,DRIVER2_IMSA_DriverRatingLong,DRIVER2_*Extra 4,DRIVER2_*Extra 5,DRIVER3_FIRSTNAME,DRIVER3_SECONDNAME,DRIVER3_LICENSE,DRIVER3_HOMETOWN,DRIVER3_COUNTRY,DRIVER3_SHORTNAME,DRIVER3_IMSA_DriverId,DRIVER3_IMSA_DriverPlugId,DRIVER3_IMSA_DriverRatingLong,DRIVER3_*Extra 4,DRIVER3_*Extra 5,DRIVER4_FIRSTNAME,DRIVER4_SECONDNAME,DRIVER4_LICENSE,DRIVER4_HOMETOWN,DRIVER4_COUNTRY,DRIVER4_SHORTNAME,DRIVER4_IMSA_DriverId,DRIVER4_IMSA_DriverPlugId,DRIVER4_IMSA_DriverRatingLong,DRIVER4_*Extra 4,DRIVER4_*Extra 5,DRIVER5_FIRSTNAME,DRIVER5_SECONDNAME,DRIVER5_LICENSE,DRIVER5_HOMETOWN,DRIVER5_COUNTRY,DRIVER5_SHORTNAME,DRIVER5_IMSA_DriverId,DRIVER5_IMSA_DriverPlugId,DRIVER5_IMSA_DriverRatingLong,DRIVER5_*Extra 4,DRIVER5_*Extra 5,DRIVER6_FIRSTNAME,DRIVER6_SECONDNAME,DRIVER6_LICENSE,DRIVER6_HOMETOWN,DRIVER6_COUNTRY,DRIVER6_SHORTNAME,DRIVER6_IMSA_DriverId,DRIVER6_IMSA_DriverPlugId,DRIVER6_IMSA_DriverRatingLong,DRIVER6_*Extra 4,DRIVER6_*Extra 5,
1,5,8,1:35.085,-,-,216.9,26,Mustang Sampling / JDC-Miller MotorSports,DPi,,,Cadillac DPi,M,1043,367,27,49,7646,3,,10178,,,Tristan,Vautier,Gold,,FRA,,635,1,Gold,,,Loic,Duval,Platinum,,FRA,,1274,2,Platinum,,,Sebastien,Bourdais,Platinum,,FRA,,602,3,Platinum,,,,,,,,,,,,,,,,,,,,,
2,01,9,1:35.097,+0.012,+0.012,216.9,21,Cadillac Chip Ganassi Racing,DPi,,,Cadillac DPi,M,943,339,27,49,7646,3,,10194,,,Renger,van der Zande,Gold,,NLD,,1998,1,Gold,,,Kevin,Magnussen,Platinum,,DNK,,2411,2,Platinum,,,Scott,Dixon,Platinum,,NZL,,631,3,Platinum,,,,,,,,,,,,,,,,,,,,,
3,55,5,1:35.132,+0.047,+0.035,216.8,5,Mazda Motorsports,DPi,,,Mazda DPi,M,858,4,27,48,110,3,,10173,,,Oliver,Jarvis,Platinum,,GBR,,1999,1,Platinum,,,Harry,Tincknell,Platinum,,GBR,,1288,2,Platinum,,,Jonathan,Bomarito,Gold,,USA,,309,3,Gold,,,,,,,,,,,,,,,,,,,,,
4,10,11,1:35.138,+0.053,+0.006,216.8,19,Konica Minolta Acura ARX-05,DPi,,,Acura DPi,M,948,81,27,65,7641,3,,10197,,,Ricky,Taylor,Platinum,,USA,,608,1,Platinum,,,Filipe,Albuquerque,Platinum,,PRT,,1194,2,Platinum,,,Alexander,Rossi,Platinum,,USA,,599,3,Platinum,,,Helio,Castroneves,Platinum,,USA,,1525,4,Platinum,,,,,,,,,,,,,,,
5,31,14,1:35.752,+0.667,+0.614,215.4,19,Whelen Engineering Racing,DPi,,,Cadillac DPi,M,741,159,27,49,7646,3,,10217,,,Felipe,Nasr,Platinum,,BRA,,1598,1,Platinum,,,Mike,Conway,Platinum,,GBR,,1254,2,Platinum,,,Pipo,Derani,Platinum,,BRA,,1083,3,Platinum,,,Chase,Elliott,Platinum,,USA,,2309,4,Platinum,,,,,,,,,,,,,,,
6,48,19,1:35.817,+0.732,+0.065,215.3,24,Ally Cadillac Racing,DPi,,,Cadillac DPi,M,963,344,27,49,7646,3,,10216,,,Jimmie,Johnson,Platinum,,USA,,2244,1,Platinum,,,Kamui,Kobayashi,Platinum,,JPN,,1778,2,Platinum,,,Simon,Pagenaud,Platinum,,FRA,,3,3,Platinum,,,Mike,Rockenfeller,Platinum,,DEU,,625,4,Platinum,,,,,,,,,,,,,,,
7,8,18,1:36.448,+1.363,+0.631,213.8,24,Tower Motorsport,LMP2,,,ORECA LMP2 07,M,973,352,28,85,7637,3,,10236,,,John,Farano,Bronze,,CAN,,441,1,Bronze,,,Gabriel,Aubry,Gold,,FRA,,1769,2,Gold,,,Tim,Buret,Silver,,FRA,,2291,3,Silver,,,Matthieu,Vaxiviere,Gold,,FRA,,1850,4,Gold,,,,,,,,,,,,,,,
8,20,18,1:36.572,+1.487,+0.124,213.6,27,High Class Racing,LMP2,,,ORECA LMP2 07,M,968,348,28,85,7637,3,,10224,,,Dennis,Andersen,Bronze,,DNK,,2406,1,Bronze,,,Ferdinand,Habsburg-Lothringen,Gold,,AUT,,1610,2,Gold,,,Anders,Fjorback,Silver,,DNK,,1865,3,Silver,,,Robert,Kubica,Platinum,,POL,,2445,4,Platinum,,,,,,,,,,,,,,,
9,60,5,1:36.754,+1.669,+0.182,213.2,12,Meyer Shank Racing w/Curb-Agajanian,DPi,,,Acura DPi,M,947,3,27,65,7641,3,,10196,,,Dane,Cameron,Gold,,USA,,54,1,Gold,,,Olivier,Pla,Platinum,,FRA,,2409,2,Platinum,,,Juan Pablo,Montoya,Platinum,,COL,,1329,3,Platinum,,,AJ,Allmendinger,Gold,,USA,,619,4,Gold,,,,,,,,,,,,,,,
10,11,17,1:36.871,+1.786,+0.117,212.9,18,WIN Autosport,LMP2,,,ORECA LMP2 07,M,942,183,28,85,7637,3,,10191,,,Steven,Thomas,Bronze,,USA,,1919,1,Bronze,,,Tristan,Nunez,Gold,,USA,,169,2,Gold,,,Thomas,Merrill,Bronze,,USA,,1458,3,Bronze,,,Matthew,Bell,Silver,,GBR,,424,4,Silver,,,,,,,,,,,,,,,
11,81,19,1:37.105,+2.020,+0.234,212.4,26,DragonSpeed USA,LMP2,,,ORECA LMP2 07,M,797,305,28,85,7637,3,,10263,,,Ben,Hanley,Gold,,GBR,,1275,4,Gold,,,Rob,Hodes,Bronze,,USA,,1181,1,Bronze,,,Garett,Grist,Silver,,CAN,,1388,2,Silver,,,Rinus,Veekay,Gold,,NLD,,2420,3,Gold,,,,,,,,,,,,,,,
12,47,14,1:37.755,+2.670,+0.650,211.0,23,Cetilar Racing,LMP2,,,Dallara LMP2,M,935,337,28,103,7664,3,,10184,,,Roberto,Lacorte,Bronze,,ITA,,2452,1,Bronze,,,Antonio,Fuoco,Gold,,ITA,,2306,2,Gold,,,Andrea,Belicchi,Gold,,ITA,,2297,3,Gold,,,Giorgio,Sernagiotto,Silver,,ITA,,2288,4,Silver,,,,,,,,,,,,,,,
13,82,9,1:37.892,+2.807,+0.137,210.7,15,DragonSpeed USA LLC,LMP2,,,ORECA LMP2 07,M,986,305,28,85,7637,3,,10262,,,Christopher,Mies,Platinum,,DEU,,768,2,Platinum,,,Eric,Lux,Bronze,,USA,,96,4,Bronze,,,Devlin,DeFrancesco,Silver,,CAN,,1625,3,Silver,,,Fabian,Schiller,Silver,,DEU,,1790,1,Silver,,,,,,,,,,,,,,,
14,18,17,1:38.104,+3.019,+0.212,210.2,17,Era Motorsport,LMP2,,,ORECA LMP2 07,M,761,291,28,85,7637,3,,10221,,,Dwight,Merriman,Bronze,,USA,,1930,1,Bronze,,,Kyle,Tilley,Silver,,GBR,,1079,2,Silver,,,Ryan,Dalziel,Gold,,GBR,,192,3,Gold,,,Paul-Loup,Chatin,Gold,,FRA,,2401,4,Gold,,,,,,,,,,,,,,,
15,51,26,1:38.796,+3.711,+0.692,208.8,27,RWR-Eurasia,LMP2,,,Ligier  LMP2,M,936,338,28,52,7650,3,,10185,,,Cody,Ware,Silver,,USA,,808,1,Silver,,,Salih,Yoluc,Bronze,,TUR,,2450,2,Bronze,,,Austin,Dillon,Gold,,USA,,2313,3,Gold,,,Sven,Muller,Gold,,DEU,,1101,4,Gold,,,,,,,,,,,,,,,
16,29,11,1:38.803,+3.718,+0.007,208.8,11,Racing Team Nederland,LMP2,,,ORECA LMP2 07,M,927,335,28,85,7637,3,,10172,,,Frits,Van Eerd,Bronze,,NLD,,2268,1,Bronze,,,Giedo,van der Garde,Platinum,,NLD,,2423,2,Platinum,,,Job,van Uitert,Gold,,NLD,,2174,3,Gold,,,Charles,Milesi,Silver,,FRA,,2274,4,Silver,,,,,,,,,,,,,,,
17,52,4,1:39.188,+4.103,+0.385,207.9,4,PR1 Mathiasen Motorsports,LMP2,,,ORECA LMP2 07,M,776,16,28,85,7637,3,,10212,,,Ben,Keating,Bronze,,USA,,378,1,Bronze,,,Mikkel,Jensen,Silver,,DNK,,2088,2,Silver,,,Scott,Huffaker,Silver,,USA,,1852,3,Silver,,,Nicolas,Lapierre,Platinum,,FRA,,1143,4,Platinum,,,,,,,,,,,,,,,
18,62,16,1:42.584,+7.499,+3.396,201.1,26,Risi Competizione,GTLM,,,Ferrari 488 GTE,M,26,26,3,8,106,3,,10210,,,James,Calado,Platinum,,GBR,,1096,1,Platinum,,,Alessandro,Pier Guidi,Platinum,,ITA,,2238,2,Platinum,,,Jules,Gounon,Gold,,FRA,,1224,3,Gold,,,Davide,Rigon,Platinum,,ITA,,679,4,Platinum,,,,,,,,,,,,,,,
19,79,15,1:42.603,+7.518,+0.019,201.0,19,WeatherTech Racing,GTLM,,,Porsche 911 RSR - 19,M,983,360,3,87,112,3,,10257,,,Cooper,MacNeil,Silver,,USA,,113,1,Silver,,,Kevin,Estre,Platinum,,FRA,,183,2,Platinum,,,Richard,Lietz,Platinum,,AUT,,216,3,Platinum,,,Gianmaria,Bruni,Platinum,,ITA,,22,4,Platinum,,,,,,,,,,,,,,,
20,4,11,1:42.726,+7.641,+0.123,200.8,26,Corvette Racing,GTLM,,,Chevrolet Corvette C8.R,M,749,23,3,83,105,3,,10175,,,Tommy,Milner,Platinum,,USA,,15,1,Platinum,,,Nick,Tandy,Platinum,,GBR,,124,2,Platinum,,,Alexander,Sims,Platinum,,GBR,,1261,3,Platinum,,,,,,,,,,,,,,,,,,,,,
21,25,9,1:42.910,+7.825,+0.184,200.4,24,BMW Team RLL,GTLM,,,BMW M8 GTE,M,412,17,3,66,74,3,,10218,,,Connor,De Phillippi,Gold,,USA,,698,2,Gold,,,Philipp,Eng,Platinum,,AUT,,883,4,Platinum,,,Timo,Glock,Platinum,,DEU,,2407,5,Platinum,,,Bruno,Spengler,Platinum,,CAN,,903,1,Platinum,,,,,,,,,,,,,,,
22,24,12,1:42.920,+7.835,+0.010,200.4,12,BMW Team RLL,GTLM,,,BMW M8 GTE,M,434,17,3,66,74,3,,10219,,,John,Edwards,Platinum,,USA,,942,2,Platinum,,,Jesse,Krohn,Gold,,FIN,,2414,1,Gold,,,Augusto,Farfus,Platinum,,BRA,,701,4,Platinum,,,Marco,Wittmann,Platinum,,DEU,,2416,5,Platinum,,,,,,,,,,,,,,,
23,3,9,1:43.022,+7.937,+0.102,200.2,24,Corvette Racing,GTLM,,,Chevrolet Corvette C8.R,M,748,23,3,83,105,3,,10174,,,Antonio,Garcia,Platinum,,ESP,,12,1,Platinum,,,Jordan,Taylor,Platinum,,USA,,13,2,Platinum,,,Nicky,Catsburg,Platinum,,NLD,,1113,3,Platinum,,,,,,,,,,,,,,,,,,,,,
24,91,16,1:43.072,+7.987,+0.050,200.1,19,Riley Motorsports,LMP3,,,Ligier JS P320,M,1283,35,36,96,7650,3,,10164,,,Jim,Cox,Bronze,,USA,,1248,1,Bronze,,,Dylan,Murry,Silver,,USA,,2233,2,Silver,,,Austin,McCusker,Silver,,USA,,1586,3,Silver,,,Jeroen,Bleekemolen,Gold,,NLD,,186,4,Gold,,,,,,,,,,,,,,,
25,38,8,1:43.709,+8.624,+0.637,198.9,25,Performance Tech Motorsports,LMP3,,,Ligier JS P320,M,1287,289,36,96,7650,3,,10189,,,Rasmus,Lindh,Silver,,SWE,,2101,2,Silver,,,Cameron,Cassels,Bronze,,CAN,,1001,1,Bronze,,,Mateo,LLarena,Silver,,GTM,,2091,3,Silver,,,Ayrton,Ori,Silver,,USA,,2261,5,Silver,,,,,,,,,,,,,,,
26,6,23,1:44.200,+9.115,+0.491,197.9,23,Muehlner Motorsports America,LMP3,,,Duqueine D08,M,1286,51,36,105,7665,3,,10182,,,Moritz,Kranz,Bronze,,DEU,,1505,4,Bronze,,,Laurents,Hoerr,Silver,,DEU,,2415,3,Silver,,,Kenton,Koch,Silver,,USA,,2239,1,Silver,,,Stevan,McAleer,Silver,,GBR,,460,2,Silver,,,,,,,,,,,,,,,
27,19,11,1:45.583,+10.498,+1.383,195.3,25,GRT Grasser Racing Team,GTD,,,Lamborghini Huracan GT3,M,969,325,4,13,1609,3,,10225,,,Misha,Goikhberg,Silver,,RUS,,168,1,Silver,,,Franck,Perera,Platinum,,FRA,,1617,2,Platinum,,,Albert,Costa,Gold,,ESP,,2014,3,Gold,,,Tim,Zimmermann,Silver,,DEU,,2310,4,Silver,,,,,,,,,,,,,,,
28,111,5,1:45.737,+10.652,+0.154,195.1,24,GRT Grasser Racing Team,GTD,,,Lamborghini Huracan GT3,M,970,325,4,13,1609,3,,10226,,,Steijn,Schothorst,Silver,,NLD,,2008,3,Silver,,,Marco,Mapelli,Gold,,ITA,,1283,4,Gold,,,Rolf,Ineichen,Silver,,CHE,,662,1,Silver,,,Mirko,Bortolotti,Platinum,,ITA,,1102,2,Platinum,,,,,,,,,,,,,,,
29,21,13,1:45.987,+10.902,+0.250,194.6,22,Af Corse,GTD,,,Ferrari 488 GT3,M,922,333,4,16,106,3,,10170,,,Simon,Mann,Silver,,GBR,,2435,1,Silver,,,Nicklas,Nielsen,Gold,,DNK,,2065,2,Gold,,,Daniel,Serra,Gold,,BRA,,687,3,Gold,,,Matteo,Cressoni,Silver,,ITA,,1004,4,Silver,,,,,,,,,,,,,,,
30,97,10,1:46.011,+10.926,+0.024,194.6,18,TF Sport,GTD,,,Aston Martin Vantage GT3,M,949,340,4,18,73,3,,10198,,,Maxwell,Root,Silver,,USA,,1654,1,Silver,,,Charlie,Eastwood,Gold,,IRL,,2424,2,Gold,,,Ben,Keating,Bronze,,USA,,378,3,Bronze,,,Richard,Westbrook,Platinum,,GBR,,16,4,Platinum,,,,,,,,,,,,,,,
31,16,13,1:46.094,+11.009,+0.083,194.4,21,Wright Motorsports,GTD,,,Porsche 911 GT3R,M,857,111,4,93,112,3,,10215,,,Trent,Hindman,Silver,,USA,,244,2,Silver,,,Patrick,Long,Platinum,,USA,,27,1,Platinum,,,Jan,Heylen,Silver,,BEL,,184,3,Silver,,,Klaus,Bachler,Gold,,AUT,,663,4,Gold,,,,,,,,,,,,,,,
32,88,5,1:46.411,+11.326,+0.317,193.8,16,Team Hardpoint EBM,GTD,,,Porsche 911 GT3R,M,966,346,4,93,112,3,,10223,,,Rob,Ferriol,Bronze,,USA,,1589,1,Bronze,,,Earl,Bamber,Platinum,,NZL,,651,2,Platinum,,,Katherine,Legge,Gold,,GBR,,2305,3,Gold,,,Christina,Nielsen,Silver,,DNK,,1981,4,Silver,,,,,,,,,,,,,,,
33,1,9,1:46.425,+11.340,+0.014,193.8,23,Paul Miller Racing,GTD,,,Lamborghini Huracan GT3,M,938,34,4,13,1609,3,,10186,,,Bryan,Sellers,Gold,,USA,,18,1,Gold,,,Madison,Snow,Silver,,USA,,155,2,Silver,,,Corey,Lewis,Silver,,USA,,763,3,Silver,,,Andrea,Caldarelli,Platinum,,ITA,,1228,4,Platinum,,,,,,,,,,,,,,,
34,12,8,1:46.475,+11.390,+0.050,193.7,12,VasserSullivan,GTD,,,Lexus RC F GT3,M,931,336,4,46,7644,3,,10180,,,Robert,Megennis,Silver,,USA,,2412,3,Silver,,,Zach,Veach,Gold,,USA,,961,2,Gold,,,Townsend,Bell,Gold,,USA,,117,4,Gold,,,Frankie,Montecalvo,Silver,,USA,,1279,1,Silver,,,,,,,,,,,,,,,
35,44,15,1:46.511,+11.426,+0.036,193.6,22,Magnus with Archangel,GTD,,,Acura NSX GT3,M,961,343,4,43,7641,3,,10211,,,John,Potter,Bronze,,USA,,670,1,Bronze,,,Andy,Lally,Gold,,USA,,25,2,Gold,,,Spencer,Pumpelly,Silver,,USA,,64,3,Silver,,,Mario,Farnbacher,Gold,,DEU,,318,4,Gold,,,,,,,,,,,,,,,
36,57,7,1:47.046,+11.961,+0.535,192.7,15,Winward Racing,GTD,,,Mercedes-AMG GT3,M,934,304,4,45,7643,3,,10183,,,Russell,Ward,Silver,,USA,,1252,1,Silver,,,Philip,Ellis,Silver,,CHE,,1936,2,Silver,,,Indy,Dontje,Silver,,NLD,,1634,5,Silver,,,Maro,Engel,Platinum,,DEU,,1092,3,Platinum,,,,,,,,,,,,,,,
37,28,10,1:47.061,+11.976,+0.015,192.7,13,Alegra Motorsports,GTD,,,Mercedes-AMG GT3,M,941,122,4,45,7643,3,,10190,,,Daniel,Morad,Silver,,CAN,,1144,2,Silver,,,Michael,de Quesada,Silver,,USA,,1136,4,Silver,,,Billy,Johnson,Gold,,USA,,365,3,Gold,,,Maximilian,Buhk,Platinum,,DEU,,1751,1,Platinum,,,,,,,,,,,,,,,
38,9,6,1:47.273,+12.188,+0.212,192.3,15,Pfaff Motorsports,GTD,,,Porsche 911 GT3R,M,925,334,4,93,112,3,,10171,,,Zacharie,Robichon,Silver,,CAN,,1176,2,Silver,,,Laurens,Vanthoor,Platinum,,BEL,,1241,5,Platinum,,,Lars,Kern,Silver,,DEU,,1785,3,Silver,,,Matt,Campbell,Gold,,AUS,,1791,4,Gold,,,,,,,,,,,,,,,
39,96,3,1:47.775,+12.690,+0.502,191.4,14,Turner Motorsport,GTD,,,BMW M6 GT3,M,38,38,4,17,74,3,,10199,,,Bill,Auberlen,Gold,,USA,,39,1,Gold,,,Robby,Foley,Silver,,USA,,1302,2,Silver,,,Aidan,Read,Silver,,AUS,,2417,3,Silver,,,Colton,Herta,Gold,,USA,,1602,4,Gold,,,,,,,,,,,,,,,
40,23,9,1:48.759,+13.674,+0.984,189.6,11,Heart Of Racing Team,GTD,,,Aston Martin Vantage GT3,M,767,294,4,18,73,3,,10176,,,Ian,James,Silver,,USA,,453,1,Silver,,,Roman,De Angelis,Silver,,CAN,,1379,2,Silver,,,Darren,Turner,Platinum,,GBR,,189,3,Platinum,,,Ross,Gunn,Gold,,GBR,,1905,4,Gold,,,,,,,,,,,,,,,
41,7,3,1:48.809,+13.724,+0.050,189.6,4,Forty7 Motorsports,LMP3,,,Duqueine D08,M,1295,193,36,105,7665,3,,10246,,,Mark,Kvamme,Bronze,,USA,,2422,2,Bronze,,,Ryan,Norman,Silver,,USA,,2231,3,Silver,,,Gabby,Chaves,Gold,,COL,,600,4,Gold,,,Trenton,Estep,Silver,,USA,,1353,5,Silver,,,,,,,,,,,,,,,
42,74,7,1:48.825,+13.740,+0.016,189.5,17,Riley Motorsports,LMP3,,,Ligier JS P320,M,1282,35,36,96,7650,3,,10163,,,Gar,Robinson,Silver,,USA,,861,1,Silver,,,Scott,Andrews,Silver,,AUS,,1657,3,Silver,,,Oliver,Askew,Silver,,USA,,2413,4,Silver,,,Spencer,Pigot,Gold,,USA,,243,2,Gold,,,,,,,,,,,,,,,
43,33,12,2:03.897,+28.812,+15.072,166.5,12,Sean Creech Motorsport,LMP3,,,Ligier JS P320,M,1284,286,36,96,7650,3,,10165,,,Lance,Willsey,Bronze,,USA,,664,2,Bronze,,,Joao,Barbosa,Gold,,PRT,,182,1,Gold,,,Wayne,Boyd,Silver,,GBR,,1912,3,Silver,,,Yann,Clairay,Silver,,FRA,,1693,4,Silver,,,,,,,,,,,,,,,
44,14,0,,,,,5,VasserSullivan,GTD,,,Lexus RC F GT3,M,930,336,4,46,7644,3,,10179,,,Aaron,Telitz,Silver,,USA,,2230,1,Silver,,,Oliver,Gavin,Platinum,,GBR,,14,4,Platinum,,,Kyle,Kirkwood,Silver,,USA,,1755,3,Silver,,,Jack,Hawksworth,Gold,,GBR,,838,2,Gold,,,,,,,,,,,,,,,
45,42,0,,,,,0,NTE Sport,GTD,,,Audi R8 LMS GT3,M,974,353,4,12,909,3,,10237,,,Alan,Metni,Bronze,,USA,,1344,1,Bronze,,,Andrew,Davis,Silver,,USA,,329,2,Silver,,,JR,Hildebrand,Gold,,USA,,2307,3,Gold,,,Don,Yount,Bronze,,USA,,399,4,Bronze,,,,,,,,,,,,,,,
46,54,0,,,,,0,Porsche Motorsport,LMP3,,,Ligier JS P320,M,1285,174,36,96,7650,3,,10166,,,Jonathan,Bennett,Bronze,,USA,,60,1,Bronze,,,George,Kurtz,Bronze,,USA,,1612,3,Bronze,,,Colin,Braun,Gold,,USA,,61,2,Gold,,,Matt,McMurry,Silver,,USA,,393,4,Silver,,,,,,,,,,,,,,,
47,63,0,,,,,7,Scuderia Corsa,GTD,,,Ferrari 488 GT3,M,37,25,4,16,106,3,,10222,,,Ed,Jones,Gold,,ARE,,2418,2,Gold,,,Bret,Curtis,Bronze,,USA,,126,4,Bronze,,,Ryan,Briscoe,Platinum,,AUS,,358,1,Platinum,,,Marcos,Gomes,Silver,,BRA,,689,3,Silver,,,,,,,,,,,,,,,
48,64,0,,,,,0,TeamTGM,GTD,,,Porsche 911 GT3R,M,946,79,4,93,112,3,,10195,,,Ted,Giovanis,Bronze,,USA,,489,1,Bronze,,,Owen,Trinkler,Silver,,USA,,519,5,Silver,,,Hugh,Plumb,Bronze,,USA,,421,3,Bronze,,,Matt,Plumb,Silver,,USA,,429,2,Silver,,,,,,,,,,,,,,,
49,75,0,,,,,0,SunEnergy1 Racing,GTD,,,Mercedes-AMG GT3,M,242,143,4,45,7643,3,,10238,,,Kenny,Habul,Bronze,,AUS,,1115,1,Bronze,,,Raffaele,Marciello,Platinum,,CHE,,2259,2,Platinum,,,Mikael,Grenier,Silver,,CAN,,1624,4,Silver,,,Luca,Stolz,Gold,,DEU,,1124,3,Gold,,,,,,,,,,,,,,,
