﻿POS,NUMBER,LAP,TIME,GAP_FIRST,GAP_PREVIOUS,KPH, LAPS,TEAM,CLASS,GROUP,DIVISION,VEHICLE,TIRES,IMSA_CarId,IMSA_TeamId,IMSA_ClassId,IMSA_CarTypeId,IMSA_ManufacturerId,IMSA_TireId,IMSA_SponsorId,IMSA_EventEntryId,*Extra 9,*Extra 10,DRIVER1_FIRSTNAME,DRIVER1_SECONDNAME,DRIVER1_LICENSE,DRIVER1_HOMETOWN,DRIVER1_COUNTRY,DRIVER1_SHORTNAME,DRIVER1_IMSA_DriverId,DRIVER1_IMSA_DriverPlugId,DRIVER1_IMSA_DriverRatingLong,DRIVER1_*Extra 4,DRIVER1_*Extra 5,DRIVER2_FIRSTNAME,DRIVER2_SECONDNAME,DRIVER2_LICENSE,DRIVER2_HOMETOWN,DRIVER2_COUNTRY,DRIVER2_SHORTNAME,DRIVER2_IMSA_DriverId,DRIVER2_IMSA_DriverPlugId,DRIVER2_IMSA_DriverRatingLong,DRIVER2_*Extra 4,DRIVER2_*Extra 5,DRIVER3_FIRSTNAME,DRIVER3_SECONDNAME,DRIVER3_LICENSE,DRIVER3_HOMETOWN,DRIVER3_COUNTRY,DRIVER3_SHORTNAME,DRIVER3_IMSA_DriverId,DRIVER3_IMSA_DriverPlugId,DRIVER3_IMSA_DriverRatingLong,DRIVER3_*Extra 4,DRIVER3_*Extra 5,DRIVER4_FIRSTNAME,DRIVER4_SECONDNAME,DRIVER4_LICENSE,DRIVER4_HOMETOWN,DRIVER4_COUNTRY,DRIVER4_SHORTNAME,DRIVER4_IMSA_DriverId,DRIVER4_IMSA_DriverPlugId,DRIVER4_IMSA_DriverRatingLong,DRIVER4_*Extra 4,DRIVER4_*Extra 5,DRIVER5_FIRSTNAME,DRIVER5_SECONDNAME,DRIVER5_LICENSE,DRIVER5_HOMETOWN,DRIVER5_COUNTRY,DRIVER5_SHORTNAME,DRIVER5_IMSA_DriverId,DRIVER5_IMSA_DriverPlugId,DRIVER5_IMSA_DriverRatingLong,DRIVER5_*Extra 4,DRIVER5_*Extra 5,DRIVER6_FIRSTNAME,DRIVER6_SECONDNAME,DRIVER6_LICENSE,DRIVER6_HOMETOWN,DRIVER6_COUNTRY,DRIVER6_SHORTNAME,DRIVER6_IMSA_DriverId,DRIVER6_IMSA_DriverPlugId,DRIVER6_IMSA_DriverRatingLong,DRIVER6_*Extra 4,DRIVER6_*Extra 5,
1,01,43,1:10.507,-,-,185.5,44,Cadillac Racing,DPi,,,Cadillac DPi,M,943,339,27,49,7646,3,,12726,,Cadillac V-Performance Academy,Renger,van der Zande,Gold,,NLD,,1998,1,Gold,,,Sebastien,Bourdais,Platinum,,FRA,,602,2,Platinum,,,,,,,,,,,,,,,,,,,,,,,,,,,
2,60,48,1:10.624,+0.117,+0.117,185.2,51,Meyer Shank Racing W/Curb-Agajanian,DPi,,,Acura DPi,M,947,3,27,65,7641,3,,12725,,AutoNation / SiriusXM / Arctic Wolf,Oliver,Jarvis,Platinum,,GBR,,1999,1,Platinum,,,Tom,Blomqvist,Platinum,,MCO,,1718,2,Platinum,,,,,,,,,,,,,,,,,,,,,,,,,,,
3,10,44,1:10.939,+0.432,+0.315,184.4,46,Konica Minolta Acura ARX-05,DPi,,,Acura DPi,M,948,81,27,65,7641,3,,12724,,Konica Minolta,Ricky,Taylor,Platinum,,USA,,608,1,Platinum,,,Filipe,Albuquerque,Platinum,,PRT,,1194,2,Platinum,,,,,,,,,,,,,,,,,,,,,,,,,,,
4,5,47,1:11.003,+0.496,+0.064,184.2,48,JDC Miller MotorSports,DPi,,,Cadillac DPi,M,758,270,27,49,7646,3,,12723,,Mustang Sampling / Cadillac / Galp / Misahara,Tristan,Vautier,Gold,,FRA,,635,1,Gold,,,Richard,Westbrook,Platinum,,GBR,,2688,2,Platinum,,,,,,,,,,,,,,,,,,,,,,,,,,,
5,02,48,1:11.252,+0.745,+0.249,183.6,51,Cadillac Racing,DPi,,,Cadillac DPi,M,1549,339,27,49,7646,3,,12727,,Cadillac Accessories,Earl,Bamber,Platinum,,NZL,,651,1,Platinum,,,Alex,Lynn,Platinum,,GBR,,1313,2,Platinum,,,,,,,,,,,,,,,,,,,,,,,,,,,
6,31,52,1:11.802,+1.295,+0.550,182.2,53,Whelen Engineering Racing,DPi,,,Cadillac DPi,M,741,159,27,49,7646,3,,12722,,Whelen Engineering,Pipo,Derani,Platinum,,BRA,,1083,3,Platinum,,,Tristan,Nunez,Gold,,USA,,169,1,Gold,,,,,,,,,,,,,,,,,,,,,,,,,,,
7,20,20,1:13.015,+2.508,+1.213,179.2,60,High Class Racing,LMP2,,,ORECA LMP2 07,M,968,348,28,85,7637,3,,12834,,Polar Handtools / Polar Seafood / Mascot Workwear / HRX / Motul / Skaarup / Ceramic Speed / Stobag / Wexler / ATS / SPS,Dennis,Andersen,Bronze,,DNK,,2737,1,Bronze,,,Anders,Fjordbach,Silver,,DNK,,2718,2,Silver,,,,,,,,,,,,,,,,,,,,,,,,,,,
8,8,25,1:13.068,+2.561,+0.053,179.0,52,Tower Motorsport,LMP2,,,ORECA LMP2 07,M,973,352,28,85,7637,3,,12838,,Tower Events,John,Farano,Bronze,,CAN,,441,1,Bronze,,,Will,Stevens,Platinum,,GBR,,2698,3,Platinum,,,,,,,,,,,,,,,,,,,,,,,,,,,
9,18,23,1:13.108,+2.601,+0.040,178.9,60,Era Motorsport,LMP2,,,ORECA LMP2 07,M,761,291,28,85,7637,3,,12835,,Motul / Mechanix Wear,Dwight,Merriman,Bronze,,USA,,1930,1,Bronze,,,Ryan,Dalziel,Gold,,GBR,,192,3,Gold,,,,,,,,,,,,,,,,,,,,,,,,,,,
10,11,39,1:13.454,+2.947,+0.346,178.1,58,PR1 Mathiasen Motorsports,LMP2,,,ORECA LMP2 07,M,1556,16,28,85,7637,3,,12836,,TAFS,Steven,Thomas,Bronze,,USA,,1919,1,Bronze,,,Jonathan,Bomarito,Gold,,USA,,309,3,Gold,,,,,,,,,,,,,,,,,,,,,,,,,,,
11,52,24,1:13.733,+3.226,+0.279,177.4,59,PR1 Mathiasen Motorsports,LMP2,,,ORECA LMP2 07,M,776,16,28,85,7637,3,,12837,,End ALZ,Josh,Pierson,Gold,,USA,,2761,4,Gold,,,Patrick,Kelly,Bronze,,USA,,1704,1,Bronze,,,,,,,,,,,,,,,,,,,,,,,,,,,
12,81,21,1:15.472,+4.965,+1.739,173.3,41,DragonSpeed USA,LMP2,,,ORECA LMP2 07,M,797,305,28,85,7637,3,,12839,,,Henrik,Hedman,Bronze,,USA,,1142,1,Bronze,,,Juan Pablo,Montoya,Platinum,,COL,,2889,2,Platinum,,,,,,,,,,,,,,,,,,,,,,,,,,,
13,54,15,1:16.630,+6.123,+1.158,170.7,51,CORE Autosport,LMP3,,,Ligier JS P320,M,1674,174,36,96,7650,3,,12729,,Crowdstrike / Motul / FLEX-BOX,Jon,Bennett,Bronze,,USA,,60,1,Bronze,,,Colin,Braun,Gold,,USA,,61,2,Gold,,,,,,,,,,,,,,,,,,,,,,,,,,,
14,30,11,1:16.860,+6.353,+0.230,170.2,48,Jr III Racing,LMP3,,,Ligier JS P320,M,1676,283,36,96,7650,3,,12731,,AirBnB / S2 Cyber,Ari,Balogh,Bronze,,USA,,1081,1,Bronze,,,Garett,Grist,Gold,,CAN,,1388,2,Gold,,,,,,,,,,,,,,,,,,,,,,,,,,,
15,74,14,1:16.925,+6.418,+0.065,170.1,54,Riley Motorsports,LMP3,,,Ligier JS P320,M,1677,35,36,96,7650,3,,12732,,74 Ranch Resort,Gar,Robinson,Silver,,USA,,861,1,Silver,,,Felipe,Fraga,Gold,,BRA,,1750,2,Gold,,,,,,,,,,,,,,,,,,,,,,,,,,,
16,36,47,1:17.025,+6.518,+0.100,169.8,57,Andretti Autosport,LMP3,,,Ligier JS P320,M,1681,357,36,96,7650,3,,12734,,Gallant / Window World,Jarett,Andretti,Silver,,USA,,2292,1,Silver,,,Gabby,Chaves,Gold,,COL,,600,2,Gold,,,,,,,,,,,,,,,,,,,,,,,,,,,
17,38,31,1:17.059,+6.552,+0.034,169.8,53,Performance Tech Motorsports,LMP3,,,Ligier JS P320,M,1678,289,36,96,7650,3,,12733,,Cardio Access / CSCI / AIG Technologies,Dan,Goldburg,Bronze,,USA,,1915,1,Bronze,,,Rasmus,Lindh,Silver,,SWE,,2101,2,Silver,,,,,,,,,,,,,,,,,,,,,,,,,,,
18,58,44,1:17.740,+7.233,+0.681,168.3,48,MLT Motorsports,LMP3,,,Ligier JS P320,M,1825,260,36,96,7650,3,,12735,,,Dakota,Dickerson,Silver,,USA,,1756,1,Silver,,,Josh,Sarchet,Bronze,,USA,,2777,2,Bronze,,,,,,,,,,,,,,,,,,,,,,,,,,,
19,13,21,1:18.450,+7.943,+0.710,166.8,51,AWA,LMP3,,,Duqueine D08,M,1675,217,36,105,7665,3,,12730,,Orlando Corp / OMP / Sonic Tools / Racing Spirit / Urbinco / Westrock / Motul / Projekt / C17 Media,Orey,Fidani,Bronze,,CAN,,973,3,Bronze,,,Kuno,Wittmer,Gold,,CAN,,237,2,Gold,,,,,,,,,,,,,,,,,,,,,,,,,,,
20,33,32,1:18.596,+8.089,+0.146,166.4,48,Sean Creech Motorsport,LMP3,,,Ligier JS P320,M,1603,286,36,96,7650,3,,12728,,Exelixis / Focal One / Alta,Joao,Barbosa,Gold,,PRT,,182,1,Gold,,,Lance,Willsey,Bronze,,USA,,664,2,Bronze,,,,,,,,,,,,,,,,,,,,,,,,,,,
21,1,20,1:20.261,+9.754,+1.665,163.0,49,Paul Miller Racing,GTD,,,BMW M4 GT3,M,1558,34,4,111,74,3,,12740,,TOTAL Lubricants / UIS and Paul Miller Auto Group,Bryan,Sellers,Gold,,USA,,18,1,Gold,,,Madison,Snow,Silver,,USA,,155,2,Silver,,,,,,,,,,,,,,,,,,,,,,,,,,,
22,96,16,1:20.433,+9.926,+0.172,162.6,49,Turner Motorsport,GTD,,,BMW M4 GT3,M,1553,38,4,111,74,3,,12739,,Turner Motorsport / LiquiMoly / Barletta Engineering,Robby,Foley,Silver,,USA,,1302,2,Silver,,,Bill,Auberlen,Gold,,USA,,39,1,Gold,,,,,,,,,,,,,,,,,,,,,,,,,,,
23,17,45,1:20.519,+10.012,+0.086,162.5,50,VasserSullivan,GTD,,,Lexus RC F GT3,M,1822,336,4,46,7644,3,,12747,,,Jack,Hawksworth,Gold,,GBR,,838,2,Gold,,,Richard,Heistand,Bronze,,USA,,1817,1,Bronze,,,,,,,,,,,,,,,,,,,,,,,,,,,
24,12,6,1:20.558,+10.051,+0.039,162.4,52,VasserSullivan,GTD,,,Lexus RC F GT3,M,931,336,4,46,7644,3,,12738,,,Frankie,Montecalvo,Silver,,USA,,1279,1,Silver,,,Aaron,Telitz,Gold,,USA,,2230,2,Gold,,,,,,,,,,,,,,,,,,,,,,,,,,,
25,27,14,1:20.917,+10.410,+0.359,161.7,50,Heart of Racing Team,GTD,,,Aston Martin Vantage GT3,M,1510,294,4,18,73,3,,12741,,,Roman,De Angelis,Silver,,CAN,,1379,1,Silver,,,Maxime,Martin,Platinum,,BEL,,360,3,Platinum,,,,,,,,,,,,,,,,,,,,,,,,,,,
26,57,53,1:20.925,+10.418,+0.008,161.7,54,Winward Racing,GTD,,,Mercedes-AMG GT3,M,934,304,4,45,7643,3,,12736,,Techemet / First Horizon / Exxon Mobil,Russell,Ward,Silver,,USA,,1252,1,Silver,,,Philip,Ellis,Gold,,CHE,,1936,2,Gold,,,,,,,,,,,,,,,,,,,,,,,,,,,
27,16,50,1:20.977,+10.470,+0.052,161.6,52,Wright Motorsports,GTD,,,Porsche 911 GT3R,M,857,111,4,93,112,3,,12745,,1st Phorm / Mountain Motorsports / Una Vida Tequila,Ryan,Hardwick,Bronze,,USA,,1256,1,Bronze,,,Jan,Heylen,Gold,,BEL,,184,3,Gold,,,,,,,,,,,,,,,,,,,,,,,,,,,
28,51,47,1:20.987,+10.480,+0.010,161.5,52,Rick Ware Racing,GTD,,,Acura NSX GT3,M,1748,307,4,43,7641,3,,12746,,Nurtec ODT,Ryan,Eversley,Gold,,USA,,501,3,Gold,,,Aidan,Read,Silver,,AUS,,2417,2,Silver,,,,,,,,,,,,,,,,,,,,,,,,,,,
29,32,20,1:20.993,+10.486,+0.006,161.5,49,Team Korthoff Motorsports,GTD,,,Mercedes-AMG GT3,M,1462,222,4,45,7643,3,,12742,,Herb Korthoff,Mike,Skeen,Silver,,USA,,830,1,Silver,,,Stevan,McAleer,Silver,,GBR,,460,2,Silver,,,,,,,,,,,,,,,,,,,,,,,,,,,
30,70,21,1:21.066,+10.559,+0.073,161.4,39,inception racing,GTD,,,McLaren 720S GT3,M,1520,388,4,81,7651,3,,12744,,,Brendan,Iribe,Bronze,,USA,,2622,1,Bronze,,,Jordan,Pepper,Gold,,ZAF,,2716,4,Gold,,,,,,,,,,,,,,,,,,,,,,,,,,,
31,39,17,1:21.422,+10.915,+0.356,160.7,45,CarBahn with Peregrine Racing,GTD,,,Lamborghini Huracan GT3,M,1540,378,4,13,1609,3,,12737,,Accel / Menlo / DataRobot / Palantir / SailPoint / Optimizely,Robert,Megennis,Silver,,USA,,2412,1,Silver,,,Jeff,Westphal,Gold,,USA,,682,4,Gold,,,,,,,,,,,,,,,,,,,,,,,,,,,
