﻿POS,NUMBER,LAP,TIME,GAP_FIRST,GAP_PREVIOUS,KPH, LAPS,TEAM,CLASS,GROUP,DIVISION,VEHICLE,TIRES,IMSA_CarId,IMSA_TeamId,IMSA_ClassId,IMSA_CarTypeId,IMSA_ManufacturerId,IMSA_TireId,IMSA_SponsorId,IMSA_EventEntryId,*Extra 9,*Extra 10,DRIVER1_FIRSTNAME,DRIVER1_SECONDNAME,DRIVER1_LICENSE,DRIVER1_HOMETOWN,DRIVER1_COUNTRY,DRIVER1_SHORTNAME,DRIVER1_IMSA_DriverId,DRIVER1_IMSA_DriverPlugId,DRIVER1_IMSA_DriverRatingLong,DRIVER1_*Extra 4,DRIVER1_*Extra 5,DRIVER2_FIRSTNAME,DRIVER2_SECONDNAME,DRIVER2_LICENSE,DRIVER2_HOMETOWN,DRIVER2_COUNTRY,DRIVER2_SHORTNAME,DRIVER2_IMSA_DriverId,DRIVER2_IMSA_DriverPlugId,DRIVER2_IMSA_DriverRatingLong,DRIVER2_*Extra 4,DRIVER2_*Extra 5,DRIVER3_FIRSTNAME,DRIVER3_SECONDNAME,DRIVER3_LICENSE,DRIVER3_HOMETOWN,DRIVER3_COUNTRY,DRIVER3_SHORTNAME,DRIVER3_IMSA_DriverId,DRIVER3_IMSA_DriverPlugId,DRIVER3_IMSA_DriverRatingLong,DRIVER3_*Extra 4,DRIVER3_*Extra 5,DRIVER4_FIRSTNAME,DRIVER4_SECONDNAME,DRIVER4_LICENSE,DRIVER4_HOMETOWN,DRIVER4_COUNTRY,DRIVER4_SHORTNAME,DRIVER4_IMSA_DriverId,DRIVER4_IMSA_DriverPlugId,DRIVER4_IMSA_DriverRatingLong,DRIVER4_*Extra 4,DRIVER4_*Extra 5,DRIVER5_FIRSTNAME,DRIVER5_SECONDNAME,DRIVER5_LICENSE,DRIVER5_HOMETOWN,DRIVER5_COUNTRY,DRIVER5_SHORTNAME,DRIVER5_IMSA_DriverId,DRIVER5_IMSA_DriverPlugId,DRIVER5_IMSA_DriverRatingLong,DRIVER5_*Extra 4,DRIVER5_*Extra 5,DRIVER6_FIRSTNAME,DRIVER6_SECONDNAME,DRIVER6_LICENSE,DRIVER6_HOMETOWN,DRIVER6_COUNTRY,DRIVER6_SHORTNAME,DRIVER6_IMSA_DriverId,DRIVER6_IMSA_DriverPlugId,DRIVER6_IMSA_DriverRatingLong,DRIVER6_*Extra 4,DRIVER6_*Extra 5,
1,10,25,1:46.450,-,-,203.6,50,Konica Minolta Acura ARX-06,GTP,,,Acura ARX-06,M,2191,234,44,195,7641,3,,14436,,,Ricky,Taylor,Platinum,,USA,,608,1,Platinum,,,Filipe,Albuquerque,Platinum,,PRT,,1194,2,Platinum,,,Louis,Deletraz,Gold,,CHE,,2975,3,Gold,,,,,,,,,,,,,,,,,,,,,
2,6,3,1:46.949,+0.499,+0.499,202.6,68,Porsche Penske Motorsports,GTP,,,Porsche 963,M,2189,200,44,193,112,3,,14434,,,Nick,Tandy,Platinum,,GBR,,124,1,Platinum,,,Mathieu,Jaminet,Platinum,,FRA,,1449,2,Platinum,,,Dane,Cameron,Platinum,,USA,,54,3,Platinum,,,,,,,,,,,,,,,,,,,,,
3,31,34,1:47.193,+0.743,+0.244,202.1,52,Whelen Engineering Racing Cadillac V-LMDh,GTP,,,Cadillac V-LMDh,M,2196,344,44,200,7646,3,,14437,,,Pipo,Derani,Platinum,,BRA,,1083,3,Platinum,,,Alexander,Sims,Platinum,,GBR,,1261,2,Platinum,,,Jack,Aitken,Gold,,GBR,,2986,4,Gold,,,,,,,,,,,,,,,,,,,,,
4,01,27,1:47.238,+0.788,+0.045,202.1,65,Cadillac Racing,GTP,,,Cadillac V-LMDh,M,2187,339,44,200,7646,3,,14435,,,Sebastien,Bourdais,Platinum,,FRA,,602,2,Platinum,,,Renger,van der Zande,Gold,,NLD,,1998,1,Gold,,,Scott,Dixon,Platinum,,NZL,,631,3,Platinum,,,,,,,,,,,,,,,,,,,,,
5,7,6,1:47.290,+0.840,+0.052,202.0,41,Porsche Penske Motorsports,GTP,,,Porsche 963,M,2190,200,44,193,112,3,,14433,,,Matt,Campbell,Platinum,,AUS,,1791,1,Platinum,,,Felipe,Nasr,Platinum,,BRA,,1598,2,Platinum,,,Michael,Christensen,Platinum,,DNK,,412,3,Platinum,,,,,,,,,,,,,,,,,,,,,
6,60,10,1:47.347,+0.897,+0.057,201.9,61,Meyer Shank Racing w/ Curb Agajanian,GTP,,,Acura ARX-06,M,2267,3,44,195,7641,3,,14432,,,Tom,Blomqvist,Platinum,,MCO,,1718,1,Platinum,,,Colin,Braun,Gold,,USA,,61,2,Gold,,,Helio,Castroneves,Platinum,,USA,,1525,3,Platinum,,,,,,,,,,,,,,,,,,,,,
7,25,8,1:48.594,+2.144,+1.247,199.5,9,BMW M Team RLL,GTP,,,BMW M Hybrid V8,M,2155,395,44,190,74,3,,14438,,,Philipp,Eng,Platinum,,AUT,,883,5,Platinum,,,Augusto,Farfus,Platinum,,MCO,,3000,4,Platinum,,,Connor,De Phillippi,Gold,,USA,,698,2,Gold,,,Nick,Yelloly,Platinum,,GBR,,2205,1,Platinum,,,,,,,,,,,,,,,
8,11,41,1:50.882,+4.432,+2.288,195.4,53,TDS Racing,LMP2,,,ORECA LMP2 07,M,2166,335,28,85,7637,3,,14446,,,Steven,Thomas,Bronze,,USA,,1919,1,Bronze,,,Scott,Huffaker,Silver,,USA,,1852,3,Silver,,,,,,,,,,,,,,,,,,,,,,,,,,,
9,52,20,1:50.894,+4.444,+0.012,195.4,69,PR1 Mathiasen Motorsports,LMP2,,,ORECA LMP2 07,M,776,16,28,85,7637,3,,14444,,,Ben,Keating,Bronze,,USA,,378,1,Bronze,,,Paul-Loup,Chatin,Gold,,FRA,,2401,2,Gold,,,Alex,Quinn,Silver,,GBR,,2983,3,Silver,,,,,,,,,,,,,,,,,,,,,
10,18,19,1:50.945,+4.495,+0.051,195.3,52,Era Motorsport,LMP2,,,ORECA LMP2 07,M,761,291,28,85,7637,3,,14445,,,Dwight,Merriman,Bronze,,USA,,1930,1,Bronze,,,Ryan,Dalziel,Gold,,GBR,,192,2,Gold,,,Christian,Rasmussen,Silver,,DNK,,2966,3,Silver,,,,,,,,,,,,,,,,,,,,,
11,4,12,1:58.730,+12.280,+7.785,182.5,13,Ave Motorsports,LMP3,,,Ligier JS P320,M,2321,163,20,96,7650,3,,14460,,,Tony,Ave,Bronze,,USA,,856,1,Bronze,,,Seth,Lucas,Silver,,USA,,3067,2,Silver,,,Tonis,Kasemets,Bronze,,EST,,712,3,Bronze,,,,,,,,,,,,,,,,,,,,,
12,14,4,2:01.768,+15.318,+3.038,177.9,26,Vasser Sullivan,GTDPRO,,,Lexus RC F GT3,M,2250,336,41,46,7644,3,,14462,,,Jack,Hawksworth,Gold,,GBR,,838,2,Gold,,,Ben,Barnicoat,Platinum,,GBR,,2620,1,Platinum,,,Kyle,Kirkwood,Gold,,USA,,1755,3,Gold,,,,,,,,,,,,,,,,,,,,,
13,32,8,2:01.796,+15.346,+0.028,177.9,47,Team Korthoff Motorsports,GTD,,,Mercedes-AMG GT3,M,2335,463,4,224,7643,3,,14456,,,Mike,Skeen,Silver,,USA,,830,4,Silver,,,Mikael,Grenier,Gold,,CAN,,1624,3,Gold,,,Kenton,Koch,Silver,,USA,,2239,1,Silver,,,,,,,,,,,,,,,,,,,,,
14,57,17,2:01.951,+15.501,+0.155,177.7,23,Winward Racing,GTD,,,Mercedes-AMG GT3,M,2330,304,4,224,7643,3,,14447,,,Russell,Ward,Silver,,USA,,1252,1,Silver,,,Philip,Ellis,Gold,,DEU,,1936,2,Gold,,,Indy,Dontje,Silver,,NLD,,3061,3,Silver,,,,,,,,,,,,,,,,,,,,,
15,78,6,2:01.967,+15.517,+0.016,177.7,56,Forte Racing Powered by USRT,GTD,,,Lamborghini Huracan GT3 EVO2,M,2156,396,4,194,1609,3,,14453,,,Misha,Goikhberg,Silver,,CAN,,168,1,Silver,,,Loris,Spinelli,Gold,,ITA,,3038,2,Gold,,,Benja,Hites,Silver,,CHL,,1630,3,Silver,,,,,,,,,,,,,,,,,,,,,
16,63,11,2:02.052,+15.602,+0.085,177.5,45,Iron Lynx,GTDPRO,,,Lamborghini Huracan GT3 EVO2,M,2247,462,41,194,1609,3,,14461,,,Franck,Perera,Platinum,,FRA,,3012,1,Platinum,,,Daniil,Kvyat,Platinum,,,,3091,2,Platinum,,,Jordan,Pepper,Platinum,,ZAF,,3014,3,Platinum,,,Romain,Grosjean,Platinum,,CHE,,3003,4,Platinum,,,,,,,,,,,,,,,
17,83,7,2:02.175,+15.725,+0.123,177.4,53,Iron Dames,GTD,,,Lamborghini Huracan GT3 EVO2,M,2175,462,4,194,1609,3,,14450,,,Rahel,Frey,Gold,,CHE,,1550,1,Gold,,,Sarah,Bovy,Bronze,,BEL,,3005,2,Bronze,,,Michelle,Gatting,Silver,,DNK,,3053,3,Silver,,,Doriane,Pin,Silver,,FRA,,3018,4,Silver,,,,,,,,,,,,,,,
18,12,29,2:02.354,+15.904,+0.179,177.1,55,VasserSullivan,GTD,,,Lexus RC F GT3,M,931,336,4,46,7644,3,,14452,,,Jack,Hawksworth,Gold,,GBR,,838,2,Gold,,,Frankie,Montecalvo,Silver,,USA,,1279,1,Silver,,,Parker,Thompson,Silver,,CAN,,1877,4,Silver,,,Kyle,Kirkwood,Gold,,USA,,1755,3,Gold,,,,,,,,,,,,,,,
19,44,7,2:02.427,+15.977,+0.073,177.0,58,Magnus Racing,GTD,,,Aston Martin Vantage GT3,M,1554,32,4,18,73,3,,14448,,,John,Potter,Bronze,,USA,,670,1,Bronze,,,Andy,Lally,Gold,,USA,,25,2,Gold,,,Spencer,Pumpelly,Silver,,USA,,64,3,Silver,,,,,,,,,,,,,,,,,,,,,
20,66,12,2:02.690,+16.240,+0.263,176.6,27,Gradient Racing,GTD,,,Acura NSX GT3,M,1416,328,4,43,7641,3,,14459,,,Sheena,Monk,Bronze,,USA,,1532,3,Bronze,,,Katherine,Legge,Gold,,GBR,,2305,1,Gold,,,Marc,Miller,Silver,,USA,,455,5,Silver,,,,,,,,,,,,,,,,,,,,,
21,91,10,2:02.847,+16.397,+0.157,176.4,57,Kellymoss with Riley,GTD,,,Porsche 911 GT3 R (992),M,2202,465,4,192,112,3,,14458,,,Alan,Metni,Bronze,,USA,,1344,1,Bronze,,,Kay,van Berlo,Silver,,NLD,,1759,2,Silver,,,Jaxon,Evans,Gold,,NZL,,3034,3,Gold,,,,,,,,,,,,,,,,,,,,,
22,96,24,2:02.934,+16.484,+0.087,176.3,29,Turner Motorsport,GTD,,,BMW M4 GT3,M,1553,38,4,111,74,3,,14449,,,Patrick,Gallagher,Silver,,USA,,1593,1,Silver,,,Robby,Foley,Gold,,USA,,1302,2,Gold,,,Michael,Dinan,Silver,,USA,,2775,3,Silver,,,,,,,,,,,,,,,,,,,,,
23,92,7,2:02.962,+16.512,+0.028,176.2,44,Kellymoss with Riley,GTD,,,Porsche 911 GT3 R (992),M,2201,465,4,192,112,3,,14457,,,David,Brule,Bronze,,USA,,2924,1,Bronze,,,Alec,Udell,Silver,,USA,,866,2,Silver,,,Julien,Andlauer,Gold,,FRA,,2753,3,Gold,,,,,,,,,,,,,,,,,,,,,
24,80,5,2:02.976,+16.526,+0.014,176.2,57,AO Racing,GTD,,,Porsche 911 GT3 R (992),M,2204,466,4,192,112,3,,14454,,,PJ,Hyett,Bronze,,USA,,2947,1,Bronze,,,Seb,Priaulx,Gold,,GBR,,3009,2,Gold,,,Gunnar,Jeannette,Silver,,USA,,308,3,Silver,,,Harry,Tincknell,Platinum,,GBR,,1288,4,Platinum,,,,,,,,,,,,,,,
25,023,10,2:03.000,+16.550,+0.024,176.2,32,Triarsi Competizione,GTD,,,Ferrari 296 GT3,M,2153,458,4,191,106,3,,14455,,,Onofrio,Triarsi,Silver,,USA,,1463,1,Silver,,,Charles,Scardina,Bronze,,USA,,2609,2,Bronze,,,Andrea,Bertolini,Gold,,ITA,,2985,4,Gold,,,,,,,,,,,,,,,,,,,,,
26,1,24,2:03.070,+16.620,+0.070,176.1,45,Paul Miller Racing,GTD,,,BMW M4 GT3,M,1558,34,4,111,74,3,,14451,,,Bryan,Sellers,Gold,,USA,,18,1,Gold,,,Madison,Snow,Silver,,USA,,155,2,Silver,,,Corey,Lewis,Silver,,USA,,763,3,Silver,,,,,,,,,,,,,,,,,,,,,
