﻿POS,NUMBER,LAP,TIME,GAP_FIRST,GAP_PREVIOUS,KPH, LAPS,TEAM,CLASS,GROUP,DIVISION,VEHICLE,TIRES,IMSA_CarId,IMSA_TeamId,IMSA_ClassId,IMSA_CarTypeId,IMSA_ManufacturerId,IMSA_TireId,IMSA_SponsorId,IMSA_EventEntryId,*Extra 9,*Extra 10,DRIVER1_FIRSTNAME,DRIVER1_SECONDNAME,DRIVER1_LICENSE,DRIVER1_HOMETOWN,DRIVER1_COUNTRY,DRIVER1_SHORTNAME,DRIVER1_IMSA_DriverId,DRIVER1_IMSA_DriverPlugId,DRIVER1_IMSA_DriverRatingLong,DRIVER1_*Extra 4,DRIVER1_*Extra 5,DRIVER2_FIRSTNAME,DRIVER2_SECONDNAME,DRIVER2_LICENSE,DRIVER2_HOMETOWN,DRIVER2_COUNTRY,DRIVER2_SHORTNAME,DRIVER2_IMSA_DriverId,DRIVER2_IMSA_DriverPlugId,DRIVER2_IMSA_DriverRatingLong,DRIVER2_*Extra 4,DRIVER2_*Extra 5,DRIVER3_FIRSTNAME,DRIVER3_SECONDNAME,DRIVER3_LICENSE,DRIVER3_HOMETOWN,DRIVER3_COUNTRY,DRIVER3_SHORTNAME,DRIVER3_IMSA_DriverId,DRIVER3_IMSA_DriverPlugId,DRIVER3_IMSA_DriverRatingLong,DRIVER3_*Extra 4,DRIVER3_*Extra 5,DRIVER4_FIRSTNAME,DRIVER4_SECONDNAME,DRIVER4_LICENSE,DRIVER4_HOMETOWN,DRIVER4_COUNTRY,DRIVER4_SHORTNAME,DRIVER4_IMSA_DriverId,DRIVER4_IMSA_DriverPlugId,DRIVER4_IMSA_DriverRatingLong,DRIVER4_*Extra 4,DRIVER4_*Extra 5,DRIVER5_FIRSTNAME,DRIVER5_SECONDNAME,DRIVER5_LICENSE,DRIVER5_HOMETOWN,DRIVER5_COUNTRY,DRIVER5_SHORTNAME,DRIVER5_IMSA_DriverId,DRIVER5_IMSA_DriverPlugId,DRIVER5_IMSA_DriverRatingLong,DRIVER5_*Extra 4,DRIVER5_*Extra 5,DRIVER6_FIRSTNAME,DRIVER6_SECONDNAME,DRIVER6_LICENSE,DRIVER6_HOMETOWN,DRIVER6_COUNTRY,DRIVER6_SHORTNAME,DRIVER6_IMSA_DriverId,DRIVER6_IMSA_DriverPlugId,DRIVER6_IMSA_DriverRatingLong,DRIVER6_*Extra 4,DRIVER6_*Extra 5,
1,10,13,1:47.001,-,-,202.5,29,Konica Minolta Acura ARX-06,GTP,,,Acura ARX-06,M,2191,234,44,195,7641,3,,14436,,,Ricky,Taylor,Platinum,,USA,,608,1,Platinum,,,Filipe,Albuquerque,Platinum,,PRT,,1194,2,Platinum,,,Louis,Deletraz,Gold,,CHE,,2975,3,Gold,,,,,,,,,,,,,,,,,,,,,
2,01,18,1:47.694,+0.693,+0.693,201.2,21,Cadillac Racing,GTP,,,Cadillac V-LMDh,M,2187,339,44,200,7646,3,,14435,,,Sebastien,Bourdais,Platinum,,FRA,,602,2,Platinum,,,Renger,van der Zande,Gold,,NLD,,1998,1,Gold,,,Scott,Dixon,Platinum,,NZL,,631,3,Platinum,,,,,,,,,,,,,,,,,,,,,
3,60,10,1:47.713,+0.712,+0.019,201.2,15,Meyer Shank Racing w/ Curb Agajanian,GTP,,,Acura ARX-06,M,2267,3,44,195,7641,3,,14432,,,Tom,Blomqvist,Platinum,,MCO,,1718,1,Platinum,,,Colin,Braun,Gold,,USA,,61,2,Gold,,,Helio,Castroneves,Platinum,,USA,,1525,3,Platinum,,,,,,,,,,,,,,,,,,,,,
4,7,13,1:48.589,+1.588,+0.876,199.5,32,Porsche Penske Motorsports,GTP,,,Porsche 963,M,2190,200,44,193,112,3,,14433,,,Matt,Campbell,Platinum,,AUS,,1791,1,Platinum,,,Felipe,Nasr,Platinum,,BRA,,1598,2,Platinum,,,Michael,Christensen,Platinum,,DNK,,412,3,Platinum,,,,,,,,,,,,,,,,,,,,,
5,31,40,1:48.639,+1.638,+0.050,199.5,42,Whelen Engineering Racing Cadillac V-LMDh,GTP,,,Cadillac V-LMDh,M,2196,344,44,200,7646,3,,14437,,,Pipo,Derani,Platinum,,BRA,,1083,3,Platinum,,,Alexander,Sims,Platinum,,GBR,,1261,2,Platinum,,,Jack,Aitken,Gold,,GBR,,2986,4,Gold,,,,,,,,,,,,,,,,,,,,,
6,6,26,1:48.819,+1.818,+0.180,199.1,31,Porsche Penske Motorsports,GTP,,,Porsche 963,M,2189,200,44,193,112,3,,14434,,,Nick,Tandy,Platinum,,GBR,,124,1,Platinum,,,Mathieu,Jaminet,Platinum,,FRA,,1449,2,Platinum,,,Dane,Cameron,Platinum,,USA,,54,3,Platinum,,,,,,,,,,,,,,,,,,,,,
7,25,20,1:48.962,+1.961,+0.143,198.9,36,BMW M Team RLL,GTP,,,BMW M Hybrid V8,M,2155,395,44,190,74,3,,14438,,,Philipp,Eng,Platinum,,AUT,,883,5,Platinum,,,Augusto,Farfus,Platinum,,MCO,,3000,4,Platinum,,,Connor,De Phillippi,Gold,,USA,,698,2,Gold,,,Nick,Yelloly,Platinum,,GBR,,2205,1,Platinum,,,,,,,,,,,,,,,
8,18,23,1:51.226,+4.225,+2.264,194.8,37,Era Motorsport,LMP2,,,ORECA LMP2 07,M,761,291,28,85,7637,3,,14445,,,Dwight,Merriman,Bronze,,USA,,1930,1,Bronze,,,Ryan,Dalziel,Gold,,GBR,,192,2,Gold,,,Christian,Rasmussen,Silver,,DNK,,2966,3,Silver,,,,,,,,,,,,,,,,,,,,,
9,11,29,1:51.468,+4.467,+0.242,194.4,44,TDS Racing,LMP2,,,ORECA LMP2 07,M,2166,335,28,85,7637,3,,14446,,,Steven,Thomas,Bronze,,USA,,1919,1,Bronze,,,Scott,Huffaker,Silver,,USA,,1852,3,Silver,,,,,,,,,,,,,,,,,,,,,,,,,,,
10,52,11,1:52.204,+5.203,+0.736,193.1,47,PR1 Mathiasen Motorsports,LMP2,,,ORECA LMP2 07,M,776,16,28,85,7637,3,,14444,,,Ben,Keating,Bronze,,USA,,378,1,Bronze,,,Paul-Loup,Chatin,Gold,,FRA,,2401,2,Gold,,,Alex,Quinn,Silver,,GBR,,2983,3,Silver,,,,,,,,,,,,,,,,,,,,,
11,4,11,2:00.492,+13.491,+8.288,179.8,36,Ave Motorsports,LMP3,,,Ligier JS P320,M,2321,163,20,96,7650,3,,14460,,,Tony,Ave,Bronze,,USA,,856,1,Bronze,,,Seth,Lucas,Silver,,USA,,3067,2,Silver,,,Tonis,Kasemets,Bronze,,EST,,712,3,Bronze,,,,,,,,,,,,,,,,,,,,,
12,32,15,2:01.558,+14.557,+1.066,178.3,16,Team Korthoff Motorsports,GTD,,,Mercedes-AMG GT3,M,2335,463,4,224,7643,3,,14456,,,Mike,Skeen,Silver,,USA,,830,4,Silver,,,Mikael,Grenier,Gold,,CAN,,1624,3,Gold,,,Kenton,Koch,Silver,,USA,,2239,1,Silver,,,,,,,,,,,,,,,,,,,,,
13,14,29,2:01.753,+14.752,+0.195,178.0,42,Vasser Sullivan,GTDPRO,,,Lexus RC F GT3,M,2250,336,41,46,7644,3,,14462,,,Jack,Hawksworth,Gold,,GBR,,838,2,Gold,,,Ben,Barnicoat,Platinum,,GBR,,2620,1,Platinum,,,Kyle,Kirkwood,Gold,,USA,,1755,3,Gold,,,,,,,,,,,,,,,,,,,,,
14,12,37,2:02.080,+15.079,+0.327,177.5,51,VasserSullivan,GTD,,,Lexus RC F GT3,M,931,336,4,46,7644,3,,14452,,,Jack,Hawksworth,Gold,,GBR,,838,2,Gold,,,Frankie,Montecalvo,Silver,,USA,,1279,1,Silver,,,Parker,Thompson,Silver,,CAN,,1877,4,Silver,,,Kyle,Kirkwood,Gold,,USA,,1755,3,Gold,,,,,,,,,,,,,,,
15,57,14,2:02.235,+15.234,+0.155,177.3,21,Winward Racing,GTD,,,Mercedes-AMG GT3,M,2330,304,4,224,7643,3,,14447,,,Russell,Ward,Silver,,USA,,1252,1,Silver,,,Philip,Ellis,Gold,,DEU,,1936,2,Gold,,,Indy,Dontje,Silver,,NLD,,3061,3,Silver,,,,,,,,,,,,,,,,,,,,,
16,63,29,2:02.394,+15.393,+0.159,177.0,30,Iron Lynx,GTDPRO,,,Lamborghini Huracan GT3 EVO2,M,2247,462,41,194,1609,3,,14461,,,Franck,Perera,Platinum,,FRA,,3012,1,Platinum,,,Daniil,Kvyat,Platinum,,,,3091,2,Platinum,,,Jordan,Pepper,Platinum,,ZAF,,3014,3,Platinum,,,Romain,Grosjean,Platinum,,CHE,,3003,4,Platinum,,,,,,,,,,,,,,,
17,78,21,2:02.630,+15.629,+0.236,176.7,31,Forte Racing Powered by USRT,GTD,,,Lamborghini Huracan GT3 EVO2,M,2156,396,4,194,1609,3,,14453,,,Misha,Goikhberg,Silver,,CAN,,168,1,Silver,,,Loris,Spinelli,Gold,,ITA,,3038,2,Gold,,,Benja,Hites,Silver,,CHL,,1630,3,Silver,,,,,,,,,,,,,,,,,,,,,
18,66,11,2:02.794,+15.793,+0.164,176.5,35,Gradient Racing,GTD,,,Acura NSX GT3,M,1416,328,4,43,7641,3,,14459,,,Sheena,Monk,Bronze,,USA,,1532,3,Bronze,,,Katherine,Legge,Gold,,GBR,,2305,1,Gold,,,Marc,Miller,Silver,,USA,,455,5,Silver,,,,,,,,,,,,,,,,,,,,,
19,83,19,2:03.183,+16.182,+0.389,175.9,41,Iron Dames,GTD,,,Lamborghini Huracan GT3 EVO2,M,2175,462,4,194,1609,3,,14450,,,Rahel,Frey,Gold,,CHE,,1550,1,Gold,,,Sarah,Bovy,Bronze,,BEL,,3005,2,Bronze,,,Michelle,Gatting,Silver,,DNK,,3053,3,Silver,,,Doriane,Pin,Silver,,FRA,,3018,4,Silver,,,,,,,,,,,,,,,
20,023,8,2:03.461,+16.460,+0.278,175.5,25,Triarsi Competizione,GTD,,,Ferrari 296 GT3,M,2153,458,4,191,106,3,,14455,,,Onofrio,Triarsi,Silver,,USA,,1463,1,Silver,,,Charles,Scardina,Bronze,,USA,,2609,2,Bronze,,,Andrea,Bertolini,Gold,,ITA,,2985,4,Gold,,,,,,,,,,,,,,,,,,,,,
21,1,8,2:03.508,+16.507,+0.047,175.4,28,Paul Miller Racing,GTD,,,BMW M4 GT3,M,1558,34,4,111,74,3,,14451,,,Bryan,Sellers,Gold,,USA,,18,1,Gold,,,Madison,Snow,Silver,,USA,,155,2,Silver,,,Corey,Lewis,Silver,,USA,,763,3,Silver,,,,,,,,,,,,,,,,,,,,,
22,80,24,2:03.614,+16.613,+0.106,175.3,35,AO Racing,GTD,,,Porsche 911 GT3 R (992),M,2204,466,4,192,112,3,,14454,,,PJ,Hyett,Bronze,,USA,,2947,1,Bronze,,,Seb,Priaulx,Gold,,GBR,,3009,2,Gold,,,Gunnar,Jeannette,Silver,,USA,,308,3,Silver,,,Harry,Tincknell,Platinum,,GBR,,1288,4,Platinum,,,,,,,,,,,,,,,
23,96,4,2:03.676,+16.675,+0.062,175.2,32,Turner Motorsport,GTD,,,BMW M4 GT3,M,1553,38,4,111,74,3,,14449,,,Patrick,Gallagher,Silver,,USA,,1593,1,Silver,,,Robby,Foley,Gold,,USA,,1302,2,Gold,,,Michael,Dinan,Silver,,USA,,2775,3,Silver,,,,,,,,,,,,,,,,,,,,,
24,91,34,2:03.803,+16.802,+0.127,175.0,39,Kellymoss with Riley,GTD,,,Porsche 911 GT3 R (992),M,2202,465,4,192,112,3,,14458,,,Alan,Metni,Bronze,,USA,,1344,1,Bronze,,,Kay,van Berlo,Silver,,NLD,,1759,2,Silver,,,Jaxon,Evans,Gold,,NZL,,3034,3,Gold,,,,,,,,,,,,,,,,,,,,,
25,44,5,2:04.825,+17.824,+1.022,173.6,10,Magnus Racing,GTD,,,Aston Martin Vantage GT3,M,1554,32,4,18,73,3,,14448,,,John,Potter,Bronze,,USA,,670,1,Bronze,,,Andy,Lally,Gold,,USA,,25,2,Gold,,,Spencer,Pumpelly,Silver,,USA,,64,3,Silver,,,,,,,,,,,,,,,,,,,,,
26,92,10,2:11.027,+24.026,+6.202,165.4,11,Kellymoss with Riley,GTD,,,Porsche 911 GT3 R (992),M,2201,465,4,192,112,3,,14457,,,David,Brule,Bronze,,USA,,2924,1,Bronze,,,Alec,Udell,Silver,,USA,,866,2,Silver,,,Julien,Andlauer,Gold,,FRA,,2753,3,Gold,,,,,,,,,,,,,,,,,,,,,
