﻿POS,NUMBER,LAP,TIME,GAP_FIRST,GAP_PREVIOUS,KPH, LAPS,TEAM,CLASS,GROUP,DIVISION,VEHICLE,TIRES,IMSA_CarId,IMSA_TeamId,IMSA_ClassId,IMSA_CarTypeId,IMSA_ManufacturerId,IMSA_TireId,IMSA_SponsorId,IMSA_EventEntryId,*Extra 9,*Extra 10,DRIVER1_FIRSTNAME,DRIVER1_SECONDNAME,DRIVER1_LICENSE,DRIVER1_HOMETOWN,DRIVER1_COUNTRY,DRIVER1_SHORTNAME,DRIVER1_IMSA_DriverId,DRIVER1_IMSA_DriverPlugId,DRIVER1_IMSA_DriverRatingLong,DRIVER1_*Extra 4,DRIVER1_*Extra 5,DRIVER2_FIRSTNAME,DRIVER2_SECONDNAME,DRIVER2_LICENSE,DRIVER2_HOMETOWN,DRIVER2_COUNTRY,DRIVER2_SHORTNAME,DRIVER2_IMSA_DriverId,DRIVER2_IMSA_DriverPlugId,DRIVER2_IMSA_DriverRatingLong,DRIVER2_*Extra 4,DRIVER2_*Extra 5,DRIVER3_FIRSTNAME,DRIVER3_SECONDNAME,DRIVER3_LICENSE,DRIVER3_HOMETOWN,DRIVER3_COUNTRY,DRIVER3_SHORTNAME,DRIVER3_IMSA_DriverId,DRIVER3_IMSA_DriverPlugId,DRIVER3_IMSA_DriverRatingLong,DRIVER3_*Extra 4,DRIVER3_*Extra 5,DRIVER4_FIRSTNAME,DRIVER4_SECONDNAME,DRIVER4_LICENSE,DRIVER4_HOMETOWN,DRIVER4_COUNTRY,DRIVER4_SHORTNAME,DRIVER4_IMSA_DriverId,DRIVER4_IMSA_DriverPlugId,DRIVER4_IMSA_DriverRatingLong,DRIVER4_*Extra 4,DRIVER4_*Extra 5,DRIVER5_FIRSTNAME,DRIVER5_SECONDNAME,DRIVER5_LICENSE,DRIVER5_HOMETOWN,DRIVER5_COUNTRY,DRIVER5_SHORTNAME,DRIVER5_IMSA_DriverId,DRIVER5_IMSA_DriverPlugId,DRIVER5_IMSA_DriverRatingLong,DRIVER5_*Extra 4,DRIVER5_*Extra 5,DRIVER6_FIRSTNAME,DRIVER6_SECONDNAME,DRIVER6_LICENSE,DRIVER6_HOMETOWN,DRIVER6_COUNTRY,DRIVER6_SHORTNAME,DRIVER6_IMSA_DriverId,DRIVER6_IMSA_DriverPlugId,DRIVER6_IMSA_DriverRatingLong,DRIVER6_*Extra 4,DRIVER6_*Extra 5,
1,60,10,1:48.813,-,-,181.0,12,Meyer Shank Racing w/Curb-Agajanian,DPi,,,Acura DPi,M,947,3,27,65,7641,3,,10989,,,Dane,Cameron,Gold,,USA,,54,1,Gold,,,Olivier,Pla,Platinum,,FRA,,2409,2,Platinum,,,,,,,,,,,,,,,,,,,,,,,,,,,
2,01,13,1:48.953,+0.140,+0.140,180.8,14,Cadillac Chip Ganassi Racing,DPi,,,Cadillac DPi,M,943,339,27,49,7646,3,,11036,,,Renger,van der Zande,Gold,,NLD,,1998,1,Gold,,,Kevin,Magnussen,Platinum,,DNK,,2411,2,Platinum,,,,,,,,,,,,,,,,,,,,,,,,,,,
3,10,18,1:49.305,+0.492,+0.352,180.2,18,Konica Minolta Acura ARX-05,DPi,,,Acura DPi,M,948,81,27,65,7641,3,,10990,,,Ricky,Taylor,Platinum,,USA,,608,1,Platinum,,,Filipe,Albuquerque,Platinum,,PRT,,1194,2,Platinum,,,,,,,,,,,,,,,,,,,,,,,,,,,
4,31,9,1:49.811,+0.998,+0.506,179.4,9,Whelen Engineering Racing,DPi,,,Cadillac DPi,M,741,159,27,49,7646,3,,10988,,,Felipe,Nasr,Platinum,,BRA,,1598,1,Platinum,,,Pipo,Derani,Platinum,,BRA,,1083,3,Platinum,,,,,,,,,,,,,,,,,,,,,,,,,,,
5,55,19,1:49.991,+1.178,+0.180,179.1,20,Mazda Motorsports,DPi,,,Mazda DPi,M,858,4,27,48,110,3,,11000,,,Oliver,Jarvis,Platinum,,GBR,,1999,1,Platinum,,,Harry,Tincknell,Platinum,,GBR,,1288,2,Platinum,,,,,,,,,,,,,,,,,,,,,,,,,,,
6,5,14,1:52.793,+3.980,+2.802,174.6,16,Mustang Sampling / JDC-Miller MotorSports,DPi,,,Cadillac DPi,M,1043,367,27,49,7646,3,,11014,,,Tristan,Vautier,Gold,,FRA,,635,1,Gold,,,Loic,Duval,Platinum,,FRA,,1274,2,Platinum,,,,,,,,,,,,,,,,,,,,,,,,,,,
7,8,7,1:56.588,+7.775,+3.795,169.0,8,Tower Motorsport,LMP2,,,ORECA LMP2 07,M,973,352,28,85,7637,3,,10997,,,John,Farano,Bronze,,CAN,,441,1,Bronze,,,Gabriel,Aubry,Gold,,FRA,,1769,2,Gold,,,,,,,,,,,,,,,,,,,,,,,,,,,
8,52,16,1:57.666,+8.853,+1.078,167.4,18,PR1 Mathiasen Motorsports,LMP2,,,ORECA LMP2 07,M,776,16,28,85,7637,3,,11011,,,Ben,Keating,Bronze,,USA,,378,1,Bronze,,,Mikkel,Jensen,Gold,,DNK,,2088,2,Silver,,,,,,,,,,,,,,,,,,,,,,,,,,,
9,11,14,1:57.758,+8.945,+0.092,167.3,14,WIN Autosport,LMP2,,,ORECA LMP2 07,M,942,183,28,85,7637,3,,11023,,,Steven,Thomas,Bronze,,USA,,1919,1,Bronze,,,Tristan,Nunez,Gold,,USA,,169,2,Gold,,,,,,,,,,,,,,,,,,,,,,,,,,,
10,4,13,1:58.913,+10.100,+1.155,165.7,14,Corvette Racing,GTLM,,,Chevrolet Corvette C8.R,M,749,23,3,83,105,3,,11006,,,Tommy,Milner,Platinum,,USA,,15,1,Platinum,,,Nick,Tandy,Platinum,,GBR,,124,2,Platinum,,,,,,,,,,,,,,,,,,,,,,,,,,,
11,36,5,1:59.440,+10.627,+0.527,164.9,12,Andretti Autosport,LMP3,,,Ligier JS P320,M,1419,357,36,96,7650,3,,10976,,,Jarett,Andretti,Silver,,USA,,2292,1,Silver,,,Oliver,Askew,Silver,,USA,,2413,2,Silver,,,,,,,,,,,,,,,,,,,,,,,,,,,
12,3,11,1:59.647,+10.834,+0.207,164.6,14,Corvette Racing,GTLM,,,Chevrolet Corvette C8.R,M,748,23,3,83,105,3,,11007,,,Antonio,Garcia,Platinum,,ESP,,12,1,Platinum,,,Jordan,Taylor,Platinum,,USA,,13,2,Platinum,,,,,,,,,,,,,,,,,,,,,,,,,,,
13,91,4,1:59.843,+11.030,+0.196,164.4,15,Riley Motorsports,LMP3,,,Ligier JS P320,M,1283,35,36,96,7650,3,,10993,,,Jim,Cox,Bronze,,USA,,1248,1,Bronze,,,Dylan,Murry,Silver,,USA,,2233,2,Silver,,,,,,,,,,,,,,,,,,,,,,,,,,,
14,74,19,2:00.188,+11.375,+0.345,163.9,20,Riley Motorsports,LMP3,,,Ligier JS P320,M,1282,35,36,96,7650,3,,10994,,,Gar,Robinson,Silver,,USA,,861,1,Silver,,,Felipe,Fraga,Gold,,BRA,,1750,2,Gold,,,,,,,,,,,,,,,,,,,,,,,,,,,
15,54,17,2:00.274,+11.461,+0.086,163.8,17,Core Autosport,LMP3,,,Ligier JS P320,M,1285,174,36,96,7650,3,,10998,,,Jonathan,Bennett,Bronze,,USA,,60,1,Bronze,,,Colin,Braun,Gold,,USA,,61,2,Gold,,,,,,,,,,,,,,,,,,,,,,,,,,,
16,96,4,2:02.785,+13.972,+2.511,160.4,14,Turner Motorsport,GTD,,,BMW M6 GT3,M,38,38,4,17,74,3,,11003,,,Bill,Auberlen,Gold,,USA,,39,1,Gold,,,Robby,Foley,Silver,,USA,,1302,2,Silver,,,,,,,,,,,,,,,,,,,,,,,,,,,
17,84,11,2:03.033,+14.220,+0.248,160.1,13,Dawson Racing,LMP3,,,Ligier JS P320,M,1463,384,20,96,7650,3,,11034,,,Theodor,Olsen,Silver,,NOR,,2554,1,Silver,,,Dom,Cicero,Bronze,,USA,,2100,2,Bronze,,,,,,,,,,,,,,,,,,,,,,,,,,,
18,14,2,2:03.348,+14.535,+0.315,159.7,12,Vasser Sullivan,GTD,,,Lexus RC F GT3,M,930,336,4,46,7644,3,,10986,,,Aaron,Telitz,Silver,,USA,,2230,1,Silver,,,Jack,Hawksworth,Gold,,GBR,,838,2,Gold,,,,,,,,,,,,,,,,,,,,,,,,,,,
19,76,16,2:03.475,+14.662,+0.127,159.5,17,Compass Racing,GTD,,,Acura NSX GT3,M,1418,296,4,43,7641,3,,10996,,,Jeff,Kingsley,Silver,,CAN,,1644,4,Silver,,,Mario,Farnbacher,Gold,,DEU,,318,5,Gold,,,,,,,,,,,,,,,,,,,,,,,,,,,
20,39,5,2:04.211,+15.398,+0.736,158.6,17,CarBahn with Peregrine Racing,GTD,,,Audi R8 LMS GT3,M,1415,378,4,12,909,3,,10991,,,Richard,Heistand,Bronze,,USA,,1817,1,Bronze,,,Jeff,Westphal,Silver,,USA,,682,2,Silver,,,,,,,,,,,,,,,,,,,,,,,,,,,
21,79,9,2:04.690,+15.877,+0.479,158.0,17,WeatherTech Racing,GTLM,,,Porsche 911 RSR - 19,M,983,360,3,87,112,3,,11037,,,Cooper,MacNeil,Silver,,USA,,113,1,Silver,,,Matt,Campbell,Gold,,AUS,,1791,3,Gold,,,,,,,,,,,,,,,,,,,,,,,,,,,
22,1,6,2:04.719,+15.906,+0.029,157.9,18,Paul Miller Racing,GTD,,,Lamborghini Huracan GT3,M,938,34,4,13,1609,3,,11030,,,Bryan,Sellers,Gold,,USA,,18,1,Gold,,,Madison,Snow,Silver,,USA,,155,2,Silver,,,,,,,,,,,,,,,,,,,,,,,,,,,
23,12,12,2:04.863,+16.050,+0.144,157.8,13,Vasser Sullivan,GTD,,,Lexus RC F GT3,M,931,336,4,46,7644,3,,10987,,,Frankie,Montecalvo,Silver,,USA,,1279,1,Silver,,,Zach,Veach,Gold,,USA,,961,2,Gold,,,,,,,,,,,,,,,,,,,,,,,,,,,
24,28,4,2:05.906,+17.093,+1.043,156.5,15,Alegra Motorsports,GTD,,,Mercedes-AMG GT3,M,941,122,4,45,7643,3,,10984,,,Daniel,Morad,Silver,,CAN,,1144,2,Silver,,,Michael,de Quesada,Silver,,USA,,1136,4,Silver,,,,,,,,,,,,,,,,,,,,,,,,,,,
25,38,6,2:07.592,+18.779,+1.686,154.4,6,Performance Tech Motorsports,LMP3,,,Ligier JS P320,M,1287,289,36,96,7650,3,,11001,,,Mateo,LLarena,Bronze,,GTM,,2091,3,Silver,,,Rasmus,Lindh,Silver,,SWE,,2101,2,Silver,,,,,,,,,,,,,,,,,,,,,,,,,,,
26,88,6,2:07.797,+18.984,+0.205,154.1,16,Team Hardpoint EBM,GTD,,,Porsche 911 GT3R,M,966,346,4,93,112,3,,11028,,,Rob,Ferriol,Bronze,,USA,,1589,1,Bronze,,,Katherine,Legge,Gold,,GBR,,2305,3,Gold,,,,,,,,,,,,,,,,,,,,,,,,,,,
27,23,2,2:09.080,+20.267,+1.283,152.6,3,Heart Of Racing Team,GTD,,,Aston Martin Vantage GT3,M,767,294,4,18,73,3,,10985,,,Roman,De Angelis,Silver,,CAN,,1379,2,Silver,,,Ross,Gunn,Gold,,GBR,,1905,4,Gold,,,,,,,,,,,,,,,,,,,,,,,,,,,
28,66,6,2:12.566,+23.753,+3.486,148.6,16,Gradient Racing,GTD,,,Acura NSX GT3,M,1416,328,4,43,7641,3,,11029,,,Till,Bechtolsheimer,Bronze,,GBR,,1152,3,Bronze,,,Marc,Miller,Silver,,USA,,455,5,Silver,,,,,,,,,,,,,,,,,,,,,,,,,,,
29,19,13,2:13.218,+24.405,+0.652,147.9,15,GRT Grasser Racing Team,GTD,,,Lamborghini Huracan GT3,M,969,325,4,13,1609,3,,10999,,,Misha,Goikhberg,Silver,,RUS,,168,1,Silver,,,Franck,Perera,Platinum,,FRA,,1617,2,Platinum,,,,,,,,,,,,,,,,,,,,,,,,,,,
30,32,0,,,,,2,Gilbert/Korthoff Motorsports,GTD,,,Mercedes-AMG GT3,M,1462,222,4,45,7643,3,,11050,,,Guy,Cosmo,Silver,,USA,,49,2,,,,Shane,Lewis,Bronze,,USA,,427,1,Bronze,,,,,,,,,,,,,,,,,,,,,,,,,,,
