﻿POS,NUMBER,LAP,TIME,GAP_FIRST,GAP_PREVIOUS,KPH, LAPS,TEAM,CLASS,GROUP,DIVISION,VEHICLE,TIRES,IMSA_CarId,IMSA_TeamId,IMSA_ClassId,IMSA_CarTypeId,IMSA_ManufacturerId,IMSA_TireId,IMSA_SponsorId,IMSA_EventEntryId,*Extra 9,*Extra 10,DRIVER1_FIRSTNAME,DRIVER1_SECONDNAME,DRIVER1_LICENSE,DRIVER1_HOMETOWN,DRIVER1_COUNTRY,DRIVER1_SHORTNAME,DRIVER1_IMSA_DriverId,DRIVER1_IMSA_DriverPlugId,DRIVER1_IMSA_DriverRatingLong,DRIVER1_*Extra 4,DRIVER1_*Extra 5,DRIVER2_FIRSTNAME,DRIVER2_SECONDNAME,DRIVER2_LICENSE,DRIVER2_HOMETOWN,DRIVER2_COUNTRY,DRIVER2_SHORTNAME,DRIVER2_IMSA_DriverId,DRIVER2_IMSA_DriverPlugId,DRIVER2_IMSA_DriverRatingLong,DRIVER2_*Extra 4,DRIVER2_*Extra 5,DRIVER3_FIRSTNAME,DRIVER3_SECONDNAME,DRIVER3_LICENSE,DRIVER3_HOMETOWN,DRIVER3_COUNTRY,DRIVER3_SHORTNAME,DRIVER3_IMSA_DriverId,DRIVER3_IMSA_DriverPlugId,DRIVER3_IMSA_DriverRatingLong,DRIVER3_*Extra 4,DRIVER3_*Extra 5,DRIVER4_FIRSTNAME,DRIVER4_SECONDNAME,DRIVER4_LICENSE,DRIVER4_HOMETOWN,DRIVER4_COUNTRY,DRIVER4_SHORTNAME,DRIVER4_IMSA_DriverId,DRIVER4_IMSA_DriverPlugId,DRIVER4_IMSA_DriverRatingLong,DRIVER4_*Extra 4,DRIVER4_*Extra 5,DRIVER5_FIRSTNAME,DRIVER5_SECONDNAME,DRIVER5_LICENSE,DRIVER5_HOMETOWN,DRIVER5_COUNTRY,DRIVER5_SHORTNAME,DRIVER5_IMSA_DriverId,DRIVER5_IMSA_DriverPlugId,DRIVER5_IMSA_DriverRatingLong,DRIVER5_*Extra 4,DRIVER5_*Extra 5,DRIVER6_FIRSTNAME,DRIVER6_SECONDNAME,DRIVER6_LICENSE,DRIVER6_HOMETOWN,DRIVER6_COUNTRY,DRIVER6_SHORTNAME,DRIVER6_IMSA_DriverId,DRIVER6_IMSA_DriverPlugId,DRIVER6_IMSA_DriverRatingLong,DRIVER6_*Extra 4,DRIVER6_*Extra 5,
1,01,26,1:36.012,-,-,214.8,28,Cadillac Racing,GTP,,,Cadillac V-Series.R,M,2398,339,44,200,7646,3,,16593,,,Alex,Palou,Platinum,,ESP,,2697,3,Platinum,,,Renger,van der Zande,Platinum,,NLD,,3170,1,Platinum,,,Sebastien,Bourdais,Platinum,,FRA,,602,2,Platinum,,,Scott,Dixon,Platinum,,NZL,,2699,4,Platinum,,,,,,,,,,,,,,,
2,25,41,1:36.139,+0.127,+0.127,214.5,41,BMW M Team RLL,GTP,,,BMW M Hybrid V8,M,2155,395,44,190,74,3,,16591,,,Connor,De Phillippi,Gold,,USA,,698,2,Gold,,,Nick,Yelloly,Platinum,,GBR,,2205,1,Platinum,,,Maxime,Martin,Platinum,,BEL,,360,3,Platinum,,,Rene,Rast,Platinum,,AUT,,674,4,Platinum,,,,,,,,,,,,,,,
3,6,11,1:36.281,+0.269,+0.142,214.2,28,Porsche Penske Motorsports,GTP,,,Porsche 963,M,2189,200,44,193,112,3,,16589,,,Nick,Tandy,Platinum,,GBR,,124,1,Platinum,,,Mathieu,Jaminet,Platinum,,LUX,,2707,2,Platinum,,,Kevin,Estre,Platinum,,FRA,,183,4,Platinum,,,Laurens,Vanthoor,Platinum,,BEL,,2727,3,Platinum,,,,,,,,,,,,,,,
4,24,19,1:36.374,+0.362,+0.093,214.0,35,BMW M Team RLL,GTP,,,BMW M Hybrid V8,M,2154,395,44,190,74,3,,16592,,,Jesse,Krohn,Gold,,FIN,,2414,2,Gold,,,Philipp,Eng,Platinum,,AUT,,883,1,Platinum,,,Augusto,Farfus,Platinum,,MCO,,701,4,Platinum,,,Dries,Vanthoor,Platinum,,BEL,,1786,3,Platinum,,,,,,,,,,,,,,,
5,7,9,1:36.497,+0.485,+0.123,213.7,26,Porsche Penske Motorsports,GTP,,,Porsche 963,M,2190,200,44,193,112,3,,16590,,,Dane,Cameron,Platinum,,USA,,54,4,Platinum,,,Felipe,Nasr,Platinum,,BRA,,1598,2,Platinum,,,Matt,Campbell,Platinum,,AUS,,1791,1,Platinum,,,Josef,Newgarden,Platinum,,USA,,2982,3,Platinum,,,,,,,,,,,,,,,
6,31,26,1:36.619,+0.607,+0.122,213.5,26,Whelen Engineering Cadillac Racing,GTP,,,Cadillac V-Series.R,M,2399,344,44,200,7646,3,,16596,,,Pipo,Derani,Platinum,,BRA,,1083,3,Platinum,,,Jack,Aitken,Platinum,,GBR,,2986,4,Platinum,,,Tom,Blomqvist,Platinum,,MCO,,1718,2,Platinum,,,,,,,,,,,,,,,,,,,,,
7,40,4,1:36.665,+0.653,+0.046,213.4,49,Wayne Taylor Racing with Andretti,GTP,,,Acura ARX-06,M,2529,277,44,195,7641,3,,16595,,,Jordan,Taylor,Platinum,,USA,,13,1,Platinum,,,Louis,Deletraz,Gold,,CHE,,3171,2,Gold,,,Colton,Herta,Gold,,USA,,1602,3,Gold,,,Jenson,Button,Platinum,,GBR,,3167,4,Platinum,,,,,,,,,,,,,,,
8,85,18,1:36.774,+0.762,+0.109,213.1,34,JDC-Miller MotorSports,GTP,,,Porsche 963,M,2538,15,44,193,112,3,,16597,,,Tijmen,van der Helm,Gold,,NLD,,2687,1,Gold,,,Richard,Westbrook,Platinum,,GBR,,3198,2,Platinum,,,Phil,Hanson,Gold,,GBR,,2754,3,Gold,,,Ben,Keating,Bronze,,USA,,378,4,Bronze,,,,,,,,,,,,,,,
9,5,16,1:36.903,+0.891,+0.129,212.8,47,Proton Competition Mustang Sampling,GTP,,,Porsche 963,M,2545,461,44,193,112,3,,16598,,,Gianmaria,Bruni,Platinum,,ITA,,22,1,Platinum,,,Neel,Jani,Platinum,,CHE,,1267,2,Platinum,,,Alessio,Picariello,Gold,,BEL,,1639,3,Gold,,,Romain,Dumas,Platinum,,FRA,,291,4,Platinum,,,,,,,,,,,,,,,
10,10,8,1:37.432,+1.420,+0.529,211.7,18,Wayne Taylor Racing with Andretti,GTP,,,Acura ARX-06,M,2528,277,44,195,7641,3,,16594,,,Ricky,Taylor,Platinum,,USA,,608,1,Platinum,,,Filipe,Albuquerque,Platinum,,PRT,,1194,2,Platinum,,,Brendon,Hartley,Platinum,,NZL,,304,3,Platinum,,,Marcus,Ericsson,Platinum,,SWE,,2689,4,Platinum,,,,,,,,,,,,,,,
11,04,6,1:39.407,+3.395,+1.975,207.5,46,Crowdstrike Racing by APR,LMP2,,,ORECA LMP2 07,M,2160,459,28,85,7637,3,,16580,,,George,Kurtz,Bronze,,USA,,1612,1,Bronze,,,Colin,Braun,Gold,,USA,,61,2,Gold,,,Toby,Sowery,Silver,,GBR,,3202,3,Silver,,,Malthe,Jakobsen,Gold,,DNK,,3224,4,Gold,,,,,,,,,,,,,,,
12,2,12,1:39.529,+3.517,+0.122,207.2,43,United Autosports USA,LMP2,,,ORECA LMP2 07,M,2515,382,28,85,7637,3,,16577,,,Patricio,O'Ward,Platinum,,MEX,,1132,4,Platinum,,,Ben,Keating,Bronze,,USA,,378,5,Bronze,,,Nico,Pino,Silver,,CHL,,3196,2,Silver,,,Ben,Hanley,Gold,,GBR,,1275,3,Gold,,,,,,,,,,,,,,,
13,11,11,1:39.965,+3.953,+0.436,206.3,47,TDS Racing,LMP2,,,ORECA LMP2 07,M,2166,335,28,85,7637,3,,16576,,,Steven,Thomas,Bronze,,USA,,1919,1,Bronze,,,Mikkel,Jensen,Platinum,,DNK,,2088,2,Platinum,,,Hunter,McElrea,Silver,,AUS,,3187,4,Silver,,,Charles,Milesi,Gold,,FRA,,2274,3,Gold,,,,,,,,,,,,,,,
14,18,7,1:39.997,+3.985,+0.032,206.3,30,Era Motorsport,LMP2,,,ORECA LMP2 07,M,761,291,28,85,7637,3,,16584,,,Dwight,Merriman,Bronze,,USA,,1930,1,Bronze,,,Ryan,Dalziel,Gold,,GBR,,192,2,Gold,,,Connor,Zilisch,Silver,,USA,,2624,3,Silver,,,Christian,Rasmussen,Gold,,DNK,,2966,4,Gold,,,,,,,,,,,,,,,
15,52,19,1:40.188,+4.176,+0.191,205.9,39,Inter Europol  by PR1 Mathiasen Motorsports,LMP2,,,ORECA LMP2 07,M,776,16,28,85,7637,3,,16579,,,Jakub,Smiechowski,Silver,,POL,,3197,1,Silver,,,Nick,Boulle,Bronze,,USA,,1091,2,Bronze,,,Tom,Dillmann,Gold,,FRA,,3203,3,Gold,,,Clement,Novalak,Gold,,FRA,,3199,4,Gold,,,,,,,,,,,,,,,
16,22,11,1:40.272,+4.260,+0.084,205.7,47,United Autosports USA,LMP2,,,ORECA LMP2 07,M,2516,382,28,85,7637,3,,16578,,,Daniel,Goldburg,Bronze,,USA,,1915,5,Bronze,,,Paul,Di Resta,Platinum,,MCO,,1605,3,Platinum,,,Bijoy,Garg,Silver,,USA,,3050,2,Silver,,,Felix,Rosenqvist,Gold,,SWE,,1093,4,Gold,,,,,,,,,,,,,,,
17,81,14,1:40.344,+4.332,+0.072,205.5,43,DragonSpeed,LMP2,,,ORECA LMP2 07,M,2586,528,28,85,7637,3,,16588,,,Eric,Lux,Bronze,,USA,,96,1,Bronze,,,Kyffin,Simpson,Gold,,CYM,,2779,2,Gold,,,James,Allen,Gold,,AUS,,1823,3,Gold,,,Sebastian,Alvarez,Silver,,MEX,,3243,4,Silver,,,,,,,,,,,,,,,
18,88,8,1:40.457,+4.445,+0.113,205.3,38,Richard Mille AF Corse,LMP2,,,ORECA LMP2 07,M,2544,510,28,85,7637,3,,16587,,,Luis,Perez Companc,Bronze,,ARG,,2719,1,Bronze,,,Nicklas,Nielsen,Platinum,,DNK,,2065,2,Platinum,,,Lilou,Wadoux Ducellier,Silver,,FRA,,3117,3,Silver,,,Matthieu,Vaxiviere,Gold,,FRA,,3225,4,Gold,,,,,,,,,,,,,,,
19,8,24,1:40.596,+4.584,+0.139,205.0,36,Tower Motorsports,LMP2,,,ORECA LMP2 07,M,2164,460,28,85,7637,3,,16585,,,John,Farano,Bronze,,CAN,,441,1,Bronze,,,Michael,Dinan,Silver,,USA,,2775,2,Silver,,,Ferdinand,Habsburg-Lothringen,Gold,,AUT,,1610,3,Gold,,,Scott,McLaughlin,Platinum,,NZL,,2996,4,Platinum,,,,,,,,,,,,,,,
20,99,14,1:40.795,+4.783,+0.199,204.6,34,AO Racing,LMP2,,,ORECA LMP2 07,M,2523,466,28,85,7637,3,,16582,,,PJ,Hyett,Bronze,,USA,,2947,1,Bronze,,,Paul-Loup,Chatin,Gold,,FRA,,2401,2,Gold,,,Matt,Brabham,Silver,,USA,,3220,3,Silver,,,Alex,Quinn,Gold,,GBR,,2983,4,Gold,,,,,,,,,,,,,,,
21,74,10,1:40.797,+4.785,+0.002,204.6,36,Riley,LMP2,,,ORECA LMP2 07,M,2521,149,28,85,7637,3,,16581,,,Gar,Robinson,Bronze,,USA,,861,1,Bronze,,,Felipe,Fraga,Gold,,BRA,,1750,2,Gold,,,Josh,Burdon,Silver,,AUS,,2613,3,Silver,,,Felipe,Massa,Platinum,,BRA,,3208,4,Platinum,,,,,,,,,,,,,,,
22,33,10,1:40.934,+4.922,+0.137,204.3,36,Sean Creech Motorsport,LMP2,,,Ligier  LMP2,M,2532,286,28,52,7650,3,,16586,,,Lance,Willsey,Bronze,,USA,,664,2,Bronze,,,Joao,Barbosa,Gold,,USA,,182,1,Gold,,,Nolan,Siegel,Gold,,USA,,2794,3,Gold,,,Jonny,Edgar,Silver,,GBR,,3205,4,Silver,,,,,,,,,,,,,,,
23,20,11,1:42.286,+6.274,+1.352,201.6,15,MDK by High Class Racing,LMP2,,,ORECA LMP2 07,M,968,348,28,85,7637,3,,16583,,,Dennis,Andersen,Bronze,,DNK,,3178,1,Bronze,,,Seth,Lucas,Silver,,USA,,3067,2,Silver,,,Laurents,Hoerr,Gold,,DEU,,3186,4,Gold,,,Scott,Huffaker,Gold,,USA,,1852,3,Gold,,,,,,,,,,,,,,,
24,66,5,1:46.585,+10.573,+4.299,193.5,36,Gradient Racing,GTD,,,Acura NSX GT3,M,1416,328,4,43,7641,3,,16543,,,Sheena,Monk,Bronze,,USA,,1532,3,Bronze,,,Katherine,Legge,Gold,,GBR,,2305,1,Gold,,,Tati,Calderon,Silver,,COL,,3209,4,Silver,,,Stevan,McAleer,Gold,,GBR,,460,2,Gold,,,,,,,,,,,,,,,
25,14,4,1:46.783,+10.771,+0.198,193.2,31,VasserSullivan,GTDPRO,,,Lexus RC F GT3,M,2537,336,41,46,7644,3,,16573,,,Jack,Hawksworth,Gold,,GBR,,838,2,Gold,,,Ben,Barnicoat,Platinum,,GBR,,2620,1,Platinum,,,Kyle,Kirkwood,Gold,,USA,,1755,3,Gold,,,Mike,Conway,Platinum,,GBR,,3201,4,Platinum,,,,,,,,,,,,,,,
26,96,5,1:46.860,+10.848,+0.077,193.0,32,Turner Motorsport,GTD,,,BMW M4 GT3,M,1553,38,4,111,74,3,,16549,,,Robby,Foley,Gold,,USA,,1302,2,Gold,,,Patrick,Gallagher,Silver,,USA,,1593,1,Silver,,,Jake,Walker,Silver,,USA,,2949,4,Silver,,,Jens,Klingmann,Gold,,DEU,,902,3,Gold,,,,,,,,,,,,,,,
27,9,8,1:46.934,+10.922,+0.074,192.9,33,Pfaff Motorsports,GTDPRO,,,McLaren 720S GT3 EVO,M,2520,390,41,81,7651,3,,16566,,,Marvin,Kirchhöfer,Platinum,,CHE,,3010,2,Platinum,,,Oliver,Jarvis,Platinum,,GBR,,350,3,Platinum,,,James,Hinchcliffe,Gold,,CAN,,623,4,Gold,,,Alexander,Rossi,Platinum,,USA,,599,1,Platinum,,,,,,,,,,,,,,,
28,34,6,1:47.038,+11.026,+0.104,192.7,43,Conquest Racing,GTD,,,Ferrari 296 GT3,M,2536,284,4,191,106,3,,16553,,,Manny,Franco,Silver,,USA,,2584,1,Silver,,,Albert,Costa Balboa,Platinum,,ESP,,3213,2,Platinum,,,Alessandro,Balzan,Gold,,ITA,,681,3,Gold,,,Cedric,Sbirrazzuoli,Silver,,MCO,,3182,4,Silver,,,,,,,,,,,,,,,
29,62,22,1:47.040,+11.028,+0.002,192.7,31,Risi Competizione,GTDPRO,,,Ferrari 296 GT3,M,2518,26,41,191,106,3,,16564,,,Daniel,Serra,Platinum,,BRA,,687,1,Platinum,,,Davide,Rigon,Platinum,,ITA,,679,2,Platinum,,,Alessandro,Pier Guidi,Platinum,,ITA,,2238,3,Platinum,,,James,Calado,Platinum,,GBR,,1096,4,Platinum,,,,,,,,,,,,,,,
30,57,3,1:47.184,+11.172,+0.144,192.4,40,Winward Racing,GTD,,,Mercedes AMG GT3,M,2330,304,4,224,7643,3,,16539,,,Russell,Ward,Silver,,USA,,1252,1,Silver,,,Philip,Ellis,Gold,,GBR,,1936,2,Gold,,,Indy,Dontje,Silver,,NLD,,3192,3,Silver,,,Daniel,Morad,Gold,,CAN,,1144,4,Gold,,,,,,,,,,,,,,,
31,75,9,1:47.215,+11.203,+0.031,192.4,33,Sun Energy 1,GTDPRO,,,Mercedes AMG GT3,M,2513,143,41,225,7643,3,,16563,,,Kenny,Habul,Bronze,,AUS,,1115,1,Bronze,,,Jules,Gounon,Platinum,,FRA,,1224,2,Platinum,,,Luca,Stolz,Platinum,,DEU,,3236,3,Platinum,,,Maro,Engel,Platinum,,MCO,,1092,4,Platinum,,,,,,,,,,,,,,,
32,47,8,1:47.226,+11.214,+0.011,192.4,39,CETILAR RACING,GTD,,,Ferrari 296 GT3,M,2171,337,4,191,106,3,,16545,,,Roberto,Lacorte,Bronze,,ITA,,2452,1,Bronze,,,Giorgio,Sernagiotto,Silver,,ITA,,2767,2,Silver,,,Antonio,Fuoco,Platinum,,MCO,,2766,3,Platinum,,,Eddie,Cheever,Gold,,ITA,,3191,4,Gold,,,,,,,,,,,,,,,
33,19,10,1:47.245,+11.233,+0.019,192.3,32,Iron Lynx,GTDPRO,,,Lamborghini Huracan GT3 EVO2,M,2541,462,41,194,1609,3,,16575,,,Franck,Perera,Platinum,,FRA,,1617,4,Platinum,,,Jordan,Pepper,Platinum,,ZAF,,3014,3,Platinum,,,Andrea,Caldarelli,Platinum,,ITA,,1228,2,Platinum,,,Mirko,Bortolotti,Platinum,,ITA,,1102,1,Platinum,,,,,,,,,,,,,,,
34,92,7,1:47.299,+11.287,+0.054,192.2,27,Kellymoss with Riley,GTD,,,Porsche 911 GT3 R (992),M,2201,465,4,192,112,3,,16544,,,David,Brule,Bronze,,USA,,2924,1,Bronze,,,Alec,Udell,Silver,,USA,,866,2,Silver,,,Trent,Hindman,Gold,,USA,,244,4,Gold,,,Julien,Andlauer,Gold,,FRA,,3237,3,Gold,,,,,,,,,,,,,,,
35,1,12,1:47.333,+11.321,+0.034,192.2,33,Paul Miller Racing,GTDPRO,,,BMW M4 GT3,M,2522,34,41,111,74,3,,16567,,,Bryan,Sellers,Gold,,USA,,18,1,Gold,,,Madison,Snow,Gold,,USA,,155,2,Gold,,,Neil,Verhagen,Gold,,USA,,2286,3,Gold,,,Sheldon,van der Linde,Platinum,,ZAF,,3245,4,Platinum,,,,,,,,,,,,,,,
36,70,7,1:47.351,+11.339,+0.018,192.1,34,Inception Racing,GTD,,,McLaren 720S GT3 EVO,M,1520,388,4,81,7651,3,,16554,,,Brendan,Iribe,Bronze,,USA,,2622,1,Bronze,,,Frederik,Schandorff,Gold,,DNK,,3179,2,Gold,,,Ollie,Millroy,Silver,,GBR,,2621,3,Silver,,,Tom,Gamble,Gold,,GBR,,2619,4,Gold,,,,,,,,,,,,,,,
37,12,5,1:47.413,+11.401,+0.062,192.0,31,Vasser Sullivan,GTD,,,Lexus RC F GT3,M,931,336,4,46,7644,3,,16555,,,Frankie,Montecalvo,Silver,,USA,,1279,1,Silver,,,Parker,Thompson,Silver,,CAN,,1877,2,Silver,,,Aaron,Telitz,Gold,,USA,,1780,3,Gold,,,Ritomo,Miyata,Gold,,JPN,,3193,4,Gold,,,,,,,,,,,,,,,
38,32,20,1:47.413,+11.401,+0.000,192.0,33,Korthoff/Preston Motorsports,GTD,,,Mercedes AMG GT3,M,2517,497,4,224,7643,3,,16541,,,Mike,Skeen,Silver,,USA,,830,4,Silver,,,Mikael,Grenier,Gold,,CAN,,1624,3,Gold,,,Kenton,Koch,Silver,,USA,,2239,1,Silver,,,Maximilian,Goetz,Platinum,,DEU,,2720,2,Platinum,,,,,,,,,,,,,,,
39,023,5,1:47.459,+11.447,+0.046,191.9,35,Triarsi Competizione,GTD,,,Ferrari 296 GT3,M,2153,458,4,191,106,3,,16556,,,Onofrio,Triarsi,Silver,,USA,,1463,1,Silver,,,Charles,Scardina,Bronze,,USA,,2609,2,Bronze,,,Riccardo,Agostini,Gold,,ITA,,1417,3,Gold,,,Alessio,Rovera,Platinum,,ITA,,2741,4,Platinum,,,,,,,,,,,,,,,
40,77,19,1:47.469,+11.457,+0.010,191.9,21,AO Racing,GTDPRO,,,Porsche 911 GT3 R (992),M,2524,466,41,192,112,3,,16568,,,Laurin,Heinrich,Gold,,DEU,,3190,1,Gold,,,Seb,Priaulx,Gold,,GBR,,3176,2,Gold,,,Michael,Christensen,Platinum,,DNK,,412,3,Platinum,,,,,,,,,,,,,,,,,,,,,
41,120,11,1:47.473,+11.461,+0.004,191.9,31,Wright Motorsports,GTD,,,Porsche 911 GT3 R (992),M,2546,111,4,192,112,3,,16559,,,Adam,Adelson,Silver,,USA,,2868,1,Silver,,,Elliott,Skeer,Silver,,USA,,788,2,Silver,,,Jan,Heylen,Gold,,USA,,184,3,Gold,,,Fred,Makowiecki,Platinum,,FRA,,863,4,Platinum,,,,,,,,,,,,,,,
42,23,4,1:47.487,+11.475,+0.014,191.9,33,Heart of Racing Team,GTDPRO,,,Aston Martin Vantage GT3 Evo,M,2519,294,41,18,73,3,,16565,,,Ross,Gunn,Platinum,,GBR,,1905,1,Platinum,,,Alex,Riberas,Gold,,ESP,,659,2,Gold,,,Mario,Farnbacher,Gold,,DEU,,3184,3,Gold,,,,,,,,,,,,,,,,,,,,,
43,64,18,1:47.584,+11.572,+0.097,191.7,26,Ford Multimatic Motorsports,GTDPRO,,,Ford Mustang GT3,M,2527,498,41,231,107,3,,16571,,,Christopher,Mies,Platinum,,DEU,,768,3,Platinum,,,Harry,Tincknell,Platinum,,GBR,,1288,1,Platinum,,,Mike,Rockenfeller,Platinum,,CHE,,625,2,Platinum,,,,,,,,,,,,,,,,,,,,,
44,13,4,1:47.684,+11.672,+0.100,191.5,37,AWA,GTD,,,Chevrolet Corvette Z06 GT3.R,M,2514,217,4,232,105,3,,16540,,,Orey,Fidani,Bronze,,CAN,,973,1,Bronze,,,Matthew,Bell,Gold,,GBR,,424,4,Gold,,,Lars,Kern,Silver,,DEU,,1785,3,Silver,,,Alex,Lynn,Platinum,,GBR,,3223,2,Platinum,,,,,,,,,,,,,,,
45,60,10,1:47.728,+11.716,+0.044,191.5,37,Iron Lynx,GTDPRO,,,Lamborghini Huracan GT3 EVO2,M,2540,462,41,194,1609,3,,16574,,,Claudio,Schiavoni,Bronze,,ITA,,3039,1,Bronze,,,Matteo,Cressoni,Silver,,ITA,,1004,2,Silver,,,Romain,Grosjean,Platinum,,SWZ,,3003,3,Platinum,,,Matteo,Cairoli,Platinum,,ITA,,1298,4,Platinum,,,,,,,,,,,,,,,
46,55,5,1:47.775,+11.763,+0.047,191.4,35,Proton Competition,GTD,,,Ford Mustang GT3,M,2549,461,4,231,107,3,,16560,,,Ryan,Hardwick,Bronze,,USA,,1256,1,Bronze,,,Dennis,Olsen,Platinum,,NOR,,1727,2,Platinum,,,Giammarco,Levorato,Silver,,ITA,,3257,3,Silver,,,Corey,Lewis,Silver,,USA,,763,4,Silver,,,,,,,,,,,,,,,
47,4,7,1:47.819,+11.807,+0.044,191.3,37,Corvette Racing by Pratt Miller Motorsports,GTDPRO,,,Chevrolet Corvette Z06 GT3.R,M,2526,23,41,232,105,3,,16570,,,Tommy,Milner,Platinum,,USA,,15,1,Platinum,,,Nicky,Catsburg,Platinum,,NLD,,3183,2,Platinum,,,Earl,Bamber,Platinum,,NZL,,651,3,Platinum,,,,,,,,,,,,,,,,,,,,,
48,80,24,1:47.903,+11.891,+0.084,191.1,36,Lone Star Racing,GTD,,,Mercedes AMG GT3,M,2596,224,4,224,7643,3,,16562,,,Salih,Yoluc,Silver,,TUR,,3259,1,Silver,,,Rui,Pinto de Andrade,Silver,,PRT,,3262,2,Silver,,,Scott,Andrews,Gold,,AUS,,1657,3,Gold,,,Adam,Christodoulou,Gold,,GBR,,1277,5,Gold,,,,,,,,,,,,,,,
49,21,3,1:47.907,+11.895,+0.004,191.1,30,Af Corse,GTD,,,Ferrari 296 GT3,M,2172,333,4,191,106,3,,16546,,,Simon,Mann,Silver,,CHE,,2435,1,Silver,,,Francois,Heriau,Bronze,,FRA,,2749,2,Bronze,,,Miguel,Molina,Platinum,,ESP,,1611,3,Platinum,,,Kei,Cozzolino,Gold,,JPN,,3188,4,Gold,,,,,,,,,,,,,,,
50,83,13,1:48.029,+12.017,+0.122,190.9,36,Iron Dames,GTD,,,Lamborghini Huracan GT3 EVO2,M,2539,501,4,194,1609,3,,16557,,,Rahel,Frey,Silver,,CHE,,1550,1,Silver,,,Michelle,Gatting,Gold,,DNK,,3053,2,Gold,,,Sarah,Bovy,Bronze,,BEL,,3005,3,Bronze,,,Doriane,Pin,Silver,,FRA,,3018,4,Silver,,,,,,,,,,,,,,,
51,17,30,1:48.034,+12.022,+0.005,190.9,40,AWA,GTD,,,Chevrolet Corvette Z06 GT3.R,M,2534,217,4,232,105,3,,16552,,,Anthony,Mantella,Bronze,,CAN,,2682,1,Bronze,,,Nico,Varrone,Gold,,ARG,,2932,2,Gold,,,Thomas,Merrill,Silver,,USA,,1458,3,Silver,,,Charlie,Eastwood,Gold,,IRL,,3206,4,Gold,,,,,,,,,,,,,,,
52,3,23,1:48.097,+12.085,+0.063,190.8,27,Corvette Racing by Pratt Miller Motorsports,GTDPRO,,,Chevrolet Corvette Z06 GT3.R,M,2525,23,41,232,105,3,,16569,,,Antonio,Garcia,Platinum,,ESP,,12,1,Platinum,,,Alexander,Sims,Platinum,,GBR,,1261,2,Platinum,,,Daniel,Juncadella,Platinum,,ESP,,1584,3,Platinum,,,,,,,,,,,,,,,,,,,,,
53,65,20,1:48.145,+12.133,+0.048,190.7,31,Ford Multimatic Motorsports,GTDPRO,,,Ford Mustang GT3,M,2535,498,41,231,107,3,,16572,,,Frederic,Vervisch,Gold,,BEL,,1779,3,Gold,,,Joey,Hand,Gold,,USA,,37,1,Gold,,,Dirk,Mueller,Platinum,,SWZ,,36,2,Platinum,,,,,,,,,,,,,,,,,,,,,
54,44,13,1:48.200,+12.188,+0.055,190.6,34,Magnus Racing,GTD,,,Aston Martin Vantage GT3 Evo,M,1554,32,4,18,73,3,,16547,,,John,Potter,Bronze,,USA,,670,1,Bronze,,,Andy,Lally,Gold,,USA,,25,2,Gold,,,Spencer,Pumpelly,Silver,,USA,,64,3,Silver,,,Nicki,Thiim,Platinum,,DNK,,130,4,Platinum,,,,,,,,,,,,,,,
55,27,18,1:48.350,+12.338,+0.150,190.4,21,Heart of Racing Team,GTD,,,Aston Martin Vantage GT3 Evo,M,1510,294,4,18,73,3,,16542,,,Roman,De Angelis,Gold,,CAN,,1379,1,Gold,,,Zacharie,Robichon,Silver,,CAN,,1176,2,Silver,,,Ian,James,Bronze,,USA,,453,3,Bronze,,,Marco,Sorensen,Platinum,,DNK,,2721,4,Platinum,,,,,,,,,,,,,,,
56,45,10,1:48.412,+12.400,+0.062,190.3,37,Wayne Taylor Racing with Andretti,GTD,,,Lamborghini Huracan GT3 EVO2,M,2530,277,4,194,1609,3,,16548,,,Kyle,Marcelli,Gold,,CAN,,88,1,Gold,,,Danny,Formal,Silver,,CRI,,2130,2,Silver,,,Graham,Doyle,Silver,,USA,,3104,3,Silver,,,Ashton,Harrison,Silver,,USA,,1862,4,Silver,,,,,,,,,,,,,,,
57,78,29,1:48.413,+12.401,+0.001,190.2,40,Forte Racing,GTD,,,Lamborghini Huracan GT3 EVO2,M,2531,499,4,194,1609,3,,16550,,,Misha,Goikhberg,Silver,,CAN,,168,1,Silver,,,Loris,Spinelli,Gold,,ITA,,2901,2,Gold,,,Devlin,Defrancesco,Silver,,CAN,,1625,3,Silver,,,Sandy,Mitchell,Platinum,,GBR,,1861,4,Platinum,,,,,,,,,,,,,,,
58,86,14,1:48.636,+12.624,+0.223,189.9,37,MDK Motorsports,GTD,,,Porsche 911 GT3 R (992),M,2543,428,4,192,112,3,,16558,,,Kerong,Li,Silver,,CHN,,2627,1,Silver,,,Anders,Fjordbach,Silver,,DNK,,3177,2,Silver,,,Larry,Voorde,Gold,,NLD,,3227,4,Gold,,,Klaus,Bachler,Platinum,,AUT,,663,3,Platinum,,,,,,,,,,,,,,,
59,43,5,1:49.312,+13.300,+0.676,188.7,14,Andretti Motorsports,GTD,,,Porsche 911 GT3 R (992),M,2533,500,4,192,112,3,,16551,,,Jarett,Andretti,Silver,,USA,,2292,1,Silver,,,Gabby,Chaves,Gold,,USA,,600,2,Gold,,,Scott,Hargrove,Silver,,CAN,,275,3,Silver,,,Thomas,Preining,Platinum,,AUT,,3255,4,Platinum,,,,,,,,,,,,,,,
