﻿POS,NUMBER,LAP,TIME,GAP_FIRST,GAP_PREVIOUS,KPH, LAPS,TEAM,CLASS,GROUP,DIVISION,VEHICLE,TIRES,IMSA_CarId,IMSA_TeamId,IMSA_ClassId,IMSA_CarTypeId,IMSA_ManufacturerId,IMSA_TireId,IMSA_SponsorId,IMSA_EventEntryId,*Extra 9,*Extra 10,DRIVER1_FIRSTNAME,DRIVER1_SECONDNAME,DRIVER1_LICENSE,DRIVER1_HOMETOWN,DRIVER1_COUNTRY,DRIVER1_SHORTNAME,DRIVER1_IMSA_DriverId,DRIVER1_IMSA_DriverPlugId,DRIVER1_IMSA_DriverRatingLong,DRIVER1_*Extra 4,DRIVER1_*Extra 5,DRIVER2_FIRSTNAME,DRIVER2_SECONDNAME,DRIVER2_LICENSE,DRIVER2_HOMETOWN,DRIVER2_COUNTRY,DRIVER2_SHORTNAME,DRIVER2_IMSA_DriverId,DRIVER2_IMSA_DriverPlugId,DRIVER2_IMSA_DriverRatingLong,DRIVER2_*Extra 4,DRIVER2_*Extra 5,DRIVER3_FIRSTNAME,DRIVER3_SECONDNAME,DRIVER3_LICENSE,DRIVER3_HOMETOWN,DRIVER3_COUNTRY,DRIVER3_SHORTNAME,DRIVER3_IMSA_DriverId,DRIVER3_IMSA_DriverPlugId,DRIVER3_IMSA_DriverRatingLong,DRIVER3_*Extra 4,DRIVER3_*Extra 5,DRIVER4_FIRSTNAME,DRIVER4_SECONDNAME,DRIVER4_LICENSE,DRIVER4_HOMETOWN,DRIVER4_COUNTRY,DRIVER4_SHORTNAME,DRIVER4_IMSA_DriverId,DRIVER4_IMSA_DriverPlugId,DRIVER4_IMSA_DriverRatingLong,DRIVER4_*Extra 4,DRIVER4_*Extra 5,DRIVER5_FIRSTNAME,DRIVER5_SECONDNAME,DRIVER5_LICENSE,DRIVER5_HOMETOWN,DRIVER5_COUNTRY,DRIVER5_SHORTNAME,DRIVER5_IMSA_DriverId,DRIVER5_IMSA_DriverPlugId,DRIVER5_IMSA_DriverRatingLong,DRIVER5_*Extra 4,DRIVER5_*Extra 5,DRIVER6_FIRSTNAME,DRIVER6_SECONDNAME,DRIVER6_LICENSE,DRIVER6_HOMETOWN,DRIVER6_COUNTRY,DRIVER6_SHORTNAME,DRIVER6_IMSA_DriverId,DRIVER6_IMSA_DriverPlugId,DRIVER6_IMSA_DriverRatingLong,DRIVER6_*Extra 4,DRIVER6_*Extra 5,
1,24,37,1:12.201,-,-,157.9,42,BMW M Team RLL,GTP,,,BMW M Hybrid V8,M,,,,,,,,,,,Dries,Vanthoor,Platinum,"Zolder, Belgium",BEL,,,,,,,Philipp,Eng,Platinum,"Sankt Lorenz, Austria",AUT,,,,,,,,,,,,,,,,,,,,,,,,,,,,,,,
2,25,40,1:12.342,+0.141,+0.141,157.6,45,BMW M Team RLL,GTP,,,BMW M Hybrid V8,M,,,,,,,,,,,Sheldon,van der Linde,Platinum,"Johannesburg, South Africa",ZAF,,,,,,,Marco,Wittmann,Platinum,"Fuerth, Germany",DEU,,,,,,,,,,,,,,,,,,,,,,,,,,,,,,,
3,31,40,1:12.487,+0.286,+0.145,157.3,51,Cadillac Whelen,GTP,,,Cadillac V-Series.R,M,,,,,,,,,,,Earl,Bamber,Platinum,"Wanganui, New Zealand",NZL,,,,,,,Jack,Aitken,Platinum,"London, United Kingdom",GBR,,,,,,,,,,,,,,,,,,,,,,,,,,,,,,,
4,6,33,1:12.656,+0.455,+0.169,156.9,37,Porsche Penske Motorsport,GTP,,,Porsche 963,M,,,,,,,,,,,Matt,Campbell,Platinum,"Warwick, Australia",AUS,,,,,,,Mathieu,Jaminet,Platinum,Andorra-La-Vella,FRA,,,,,,,,,,,,,,,,,,,,,,,,,,,,,,,
5,7,51,1:12.856,+0.655,+0.200,156.5,51,Porsche Penske Motorsport,GTP,,,Porsche 963,M,,,,,,,,,,,Nick,Tandy,Platinum,"Bedford, United Kingdom",GBR,,,,,,,Felipe,Nasr,Platinum,"Brasilia, Brazil",BRA,,,,,,,,,,,,,,,,,,,,,,,,,,,,,,,
6,60,28,1:12.975,+0.774,+0.119,156.2,42,Acura Meyer Shank Racing w/Curb Agajanian,GTP,,,Acura ARX-06,M,,,,,,,,,,,Colin,Braun,Gold,"Ovalo, TX",USA,,,,,,,Tom,Blomqvist,Platinum,"Cambridge, UK",GBR,,,,,,,,,,,,,,,,,,,,,,,,,,,,,,,
7,93,15,1:13.199,+0.998,+0.224,155.8,48,Acura Meyer Shank Racing w/Curb Agajanian,GTP,,,Acura ARX-06,M,,,,,,,,,,,Nick,Yelloly,Platinum,"Solihull, United Kingdom",GBR,,,,,,,Renger,van der Zande,Platinum,"Amsterdam, Netherlands",NLD,,,,,,,,,,,,,,,,,,,,,,,,,,,,,,,
8,10,41,1:13.309,+1.108,+0.110,155.5,48,Wayne Taylor Racing,GTP,,,Cadillac V-Series.R,M,,,,,,,,,,,Filipe,Albuquerque,Platinum,"Coimbra, Portugal",PRT,,,,,,,Ricky,Taylor,Platinum,"Lake Mary, FL",USA,,,,,,,,,,,,,,,,,,,,,,,,,,,,,,,
9,85,30,1:13.558,+1.357,+0.249,155.0,52,JDC Miller MotorSports,GTP,,,Porsche 963,M,,,,,,,,,,,Gianmaria,Bruni,Platinum,"Rome, Italy",ITA,,,,,,,Tijmen,van der Helm,Gold,Den Hoorn,NLD,,,,,,,,,,,,,,,,,,,,,,,,,,,,,,,
10,40,42,1:14.093,+1.892,+0.535,153.9,46,Wayne Taylor Racing,GTP,,,Cadillac V-Series.R,M,,,,,,,,,,,Louis,Deletraz,Gold,"Geneva, Switzerland",SWZ,,,,,,,Jordan,Taylor,Platinum,"Orlando, FL",USA,,,,,,,,,,,,,,,,,,,,,,,,,,,,,,,
11,23,30,1:14.665,+2.464,+0.572,152.7,31,ASTON MARTIN THOR Team,GTP,,,Aston Martin Valkyrie,M,,,,,,,,,,,Roman,De Angelis,Gold,"Windsor , ON",CAN,,,,,,,Ross,Gunn,Platinum,"Great Missenden, United Kingdom",GBR,,,,,,,,,,,,,,,,,,,,,,,,,,,,,,,
12,36,33,1:17.897,+5.696,+3.232,146.4,46,DXDT Racing,GTD,,,Chevrolet Corvette Z06 GT3.R,M,,,,,,,,,,,Tommy,Milner,Platinum,"Middleburg, VA",USA,,,,,,,Robert,Wickens,Silver,"Guelph, ON",CAN,,,,,,,,,,,,,,,,,,,,,,,,,,,,,,,
13,57,40,1:18.099,+5.898,+0.202,146.0,41,Winward Racing,GTD,,,Mercedes-AMG GT3,M,,,,,,,,,,,Philip,Ellis,Gold,"Munich, Germany",GBR,,,,,,,Russell,Ward,Silver,"Seabrook, TX",USA,,,,,,,,,,,,,,,,,,,,,,,,,,,,,,,
14,177,26,1:18.229,+6.028,+0.130,145.8,45,AO Racing,GTD,,,Porsche 911 GT3 R (992),M,,,,,,,,,,,Jonny,Edgar,Silver,"Asby, United Kingdom",GBR,,,,,,,Laurens,Vanthoor,Platinum,"Heusden-Zolder, Belgium",BEL,,,,,,,,,,,,,,,,,,,,,,,,,,,,,,,
15,12,17,1:18.263,+6.062,+0.034,145.7,35,Vasser Sullivan Racing,GTD,,,Lexus RC F GT3,M,,,,,,,,,,,Parker,Thompson,Silver,"Red Deer, AB",CAN,,,,,,,Jack,Hawksworth,Gold,"Bradford, United Kingdom",GBR,,,,,,,,,,,,,,,,,,,,,,,,,,,,,,,
16,34,47,1:18.472,+6.271,+0.209,145.3,50,Conquest Racing,GTD,,,Ferrari 296 GT3,M,,,,,,,,,,,Daniel,Serra,Platinum,"Sao Paulo, Brazil",BRA,,,,,,,Manny,Franco,Silver,"Milwaukee, WI",USA,,,,,,,,,,,,,,,,,,,,,,,,,,,,,,,
17,96,30,1:18.491,+6.290,+0.019,145.3,49,Turner Motorsport,GTD,,,BMW M4 GT3 EVO,M,,,,,,,,,,,Robby,Foley,Gold,"Randolph, NJ",USA,,,,,,,Patrick,Gallagher,Silver,"Thornville, OH",USA,,,,,,,,,,,,,,,,,,,,,,,,,,,,,,,
18,120,10,1:18.525,+6.324,+0.034,145.2,43,Wright Motorsports,GTD,,,Porsche 911 GT3 R (992),M,,,,,,,,,,,Elliott,Skeer,Gold,"San Diego, CA",USA,,,,,,,Adam,Adelson,Silver,"Los Angeles, CA",USA,,,,,,,,,,,,,,,,,,,,,,,,,,,,,,,
19,32,8,1:18.747,+6.546,+0.222,144.8,50,Korthoff Competition Motors,GTD,,,Mercedes-AMG GT3,M,,,,,,,,,,,Kenton,Koch,Silver,"Charlotte, NC",USA,,,,,,,Seth,Lucas,Silver,"Powell, OH",USA,,,,,,,,,,,,,,,,,,,,,,,,,,,,,,,
20,89,17,1:18.816,+6.615,+0.069,144.7,45,Vasser Sullivan Racing,GTD,,,Lexus RC F GT3,M,,,,,,,,,,,Frankie,Montecalvo,Silver,"Highlands, NJ",USA,,,,,,,Aaron,Telitz,Gold,"Birchwood, WI",USA,,,,,,,,,,,,,,,,,,,,,,,,,,,,,,,
21,70,7,1:18.895,+6.694,+0.079,144.5,46,Inception Racing,GTD,B,,Ferrari 296 GT3,M,,,,,,,,,,,Frederik,Schandorff,Gold,"Aarhus, Denmark",DNK,,,,,,,Brendan,Iribe,Bronze,"Los Angeles, CA",USA,,,,,,,,,,,,,,,,,,,,,,,,,,,,,,,
22,27,28,1:18.919,+6.718,+0.024,144.5,46,Heart of Racing Team,GTD,,,Aston Martin Vantage GT3 Evo,M,,,,,,,,,,,Casper,Stevenson,Silver,London,GBR,,,,,,,Tom,Gamble,Gold,"Nottingham, United Kingdom",GBR,,,,,,,,,,,,,,,,,,,,,,,,,,,,,,,
23,13,31,1:18.945,+6.744,+0.026,144.4,46,AWA,GTD,B,,Chevrolet Corvette Z06 GT3.R,M,,,,,,,,,,,Matthew,Bell,Gold,"Newcastle Upon Tyne, United Kingdom",GBR,,,,,,,Orey,Fidani,Bronze,"Toronto, ON",CAN,,,,,,,,,,,,,,,,,,,,,,,,,,,,,,,
24,78,8,1:18.948,+6.747,+0.003,144.4,41,Forte Racing,GTD,,,Lamborghini Huracan GT3 EVO2,M,,,,,,,,,,,Mario,Farnbacher,Gold,"Ansbach, Germany",DEU,,,,,,,Misha,Goikhberg,Silver,"Woodbridge, ON",CAN,,,,,,,,,,,,,,,,,,,,,,,,,,,,,,,
25,45,6,1:19.720,+7.519,+0.772,143.0,7,Wayne Taylor Racing,GTD,,,Lamborghini Huracan GT3 EVO2,M,,,,,,,,,,,Trent,Hindman,Gold,"Ocean Township, NJ",USA,,,,,,,Danny,Formal,Silver,"San Jose, Costa Rica",CRI,,,,,,,,,,,,,,,,,,,,,,,,,,,,,,,
26,66,37,1:19.799,+7.598,+0.079,142.9,41,Gradient Racing,GTD,,,Ford Mustang GT3,M,,,,,,,,,,,Robert,Megennis,Silver,"New York City, NY",USA,,,,,,,Jenson,Altzman,Silver,"Phoenix, AZ",USA,,,,,,,,,,,,,,,,,,,,,,,,,,,,,,,
27,021,23,1:21.121,+8.920,+1.322,140.6,41,Triarsi Competizione,GTD,B,,Ferrari 296 GT3,M,,,,,,,,,,,Stevan,McAleer,Gold,"Glasgow, Scotland",GBR,,,,,,,Sheena,Monk,Bronze,"Newtown, PA",USA,,,,,,,,,,,,,,,,,,,,,,,,,,,,,,,
