﻿POSITION,NUMBER,STATUS,LAPS,TOTAL_TIME,GAP_FIRST,GAP_PREVIOUS,FL_LAPNUM,FL_TIME,FL_KPH,TEAM,CLASS,GROUP,DIVISION,VEHICLE,TIRES,IMSA_CarId,IMSA_TeamId,IMSA_ClassId,IMSA_CarTypeId,IMSA_ManufacturerId,IMSA_TireId,IMSA_SponsorId,IMSA_EventEntryId,*Extra 9,*Extra 10,DRIVER1_FIRSTNAME,DRIVER1_SECONDNAME,DRIVER1_LICENSE,DRIVER1_HOMETOWN,DRIVER1_COUNTRY,DRIVER1_SHORTNAME,DRIVER1_IMSA_DriverId,DRIVER1_IMSA_DriverPlugId,DRIVER1_IMSA_DriverRatingLong,DRIVER1_*Extra 4,DRIVER1_*Extra 5,DRIVER2_FIRSTNAME,DRIVER2_SECONDNAME,DRIVER2_LICENSE,DRIVER2_HOMETOWN,DRIVER2_COUNTRY,DRIVER2_SHORTNAME,DRIVER2_IMSA_DriverId,DRIVER2_IMSA_DriverPlugId,DRIVER2_IMSA_DriverRatingLong,DRIVER2_*Extra 4,DRIVER2_*Extra 5,DRIVER3_FIRSTNAME,DRIVER3_SECONDNAME,DRIVER3_LICENSE,DRIVER3_HOMETOWN,DRIVER3_COUNTRY,DRIVER3_SHORTNAME,DRIVER3_IMSA_DriverId,DRIVER3_IMSA_DriverPlugId,DRIVER3_IMSA_DriverRatingLong,DRIVER3_*Extra 4,DRIVER3_*Extra 5,DRIVER4_FIRSTNAME,DRIVER4_SECONDNAME,DRIVER4_LICENSE,DRIVER4_HOMETOWN,DRIVER4_COUNTRY,DRIVER4_SHORTNAME,DRIVER4_IMSA_DriverId,DRIVER4_IMSA_DriverPlugId,DRIVER4_IMSA_DriverRatingLong,DRIVER4_*Extra 4,DRIVER4_*Extra 5,DRIVER5_FIRSTNAME,DRIVER5_SECONDNAME,DRIVER5_LICENSE,DRIVER5_HOMETOWN,DRIVER5_COUNTRY,DRIVER5_SHORTNAME,DRIVER5_IMSA_DriverId,DRIVER5_IMSA_DriverPlugId,DRIVER5_IMSA_DriverRatingLong,DRIVER5_*Extra 4,DRIVER5_*Extra 5,DRIVER6_FIRSTNAME,DRIVER6_SECONDNAME,DRIVER6_LICENSE,DRIVER6_HOMETOWN,DRIVER6_COUNTRY,DRIVER6_SHORTNAME,DRIVER6_IMSA_DriverId,DRIVER6_IMSA_DriverPlugId,DRIVER6_IMSA_DriverRatingLong,DRIVER6_*Extra 4,DRIVER6_*Extra 5,
1,7,Classified,75,1:40:36.022,-,-,64,1:12.708,156.8,Porsche Penske Motorsport,GTP,,,Porsche 963,M,,,,,,,,,,,Nick,Tandy,Platinum,"Bedford, United Kingdom",GBR,,,,,,,Felipe,Nasr,Platinum,"Brasilia, Brazil",BRA,,,,,,,,,,,,,,,,,,,,,,,,,,,,,,,
2,6,Classified,75,1:40:39.080,+3.058,+3.058,64,1:12.712,156.8,Porsche Penske Motorsport,GTP,,,Porsche 963,M,,,,,,,,,,,Matt,Campbell,Platinum,"Warwick, Australia",AUS,,,,,,,Mathieu,Jaminet,Platinum,Andorra-La-Vella,FRA,,,,,,,,,,,,,,,,,,,,,,,,,,,,,,,
3,24,Classified,75,1:40:48.925,+12.903,+9.845,65,1:12.918,156.4,BMW M Team RLL,GTP,,,BMW M Hybrid V8,M,,,,,,,,,,,Dries,Vanthoor,Platinum,"Zolder, Belgium",BEL,,,,,,,Philipp,Eng,Platinum,"Sankt Lorenz, Austria",AUT,,,,,,,,,,,,,,,,,,,,,,,,,,,,,,,
4,31,Classified,75,1:40:53.476,+17.454,+4.551,65,1:13.229,155.7,Cadillac Whelen,GTP,,,Cadillac V-Series.R,M,,,,,,,,,,,Earl,Bamber,Platinum,"Wanganui, New Zealand",NZL,,,,,,,Jack,Aitken,Platinum,"London, United Kingdom",GBR,,,,,,,,,,,,,,,,,,,,,,,,,,,,,,,
5,25,Classified,75,1:40:53.997,+17.975,+0.521,66,1:13.013,156.2,BMW M Team RLL,GTP,,,BMW M Hybrid V8,M,,,,,,,,,,,Sheldon,van der Linde,Platinum,"Johannesburg, South Africa",ZAF,,,,,,,Marco,Wittmann,Platinum,"Fuerth, Germany",DEU,,,,,,,,,,,,,,,,,,,,,,,,,,,,,,,
6,10,Classified,75,1:41:14.341,+38.319,+20.344,70,1:13.298,155.6,Wayne Taylor Racing,GTP,,,Cadillac V-Series.R,M,,,,,,,,,,,Filipe,Albuquerque,Platinum,"Coimbra, Portugal",PRT,,,,,,,Ricky,Taylor,Platinum,"Lake Mary, FL",USA,,,,,,,,,,,,,,,,,,,,,,,,,,,,,,,
7,40,Classified,75,1:41:17.350,+41.328,+3.009,68,1:13.345,155.5,Wayne Taylor Racing,GTP,,,Cadillac V-Series.R,M,,,,,,,,,,,Louis,Deletraz,Gold,"Geneva, Switzerland",SWZ,,,,,,,Jordan,Taylor,Platinum,"Orlando, FL",USA,,,,,,,,,,,,,,,,,,,,,,,,,,,,,,,
8,23,Classified,75,1:41:29.964,+53.942,+12.614,10,1:14.479,153.1,ASTON MARTIN THOR Team,GTP,,,Aston Martin Valkyrie,M,,,,,,,,,,,Roman,De Angelis,Gold,"Windsor , ON",CAN,,,,,,,Ross,Gunn,Platinum,"Great Missenden, United Kingdom",GBR,,,,,,,,,,,,,,,,,,,,,,,,,,,,,,,
9,60,Classified,75,1:41:31.563,+55.541,+1.599,8,1:13.736,154.6,Acura Meyer Shank Racing w/Curb Agajanian,GTP,,,Acura ARX-06,M,,,,,,,,,,,Colin,Braun,Gold,"Ovalo, TX",USA,,,,,,,Tom,Blomqvist,Platinum,"Cambridge, UK",GBR,,,,,,,,,,,,,,,,,,,,,,,,,,,,,,,
10,85,Classified,75,1:41:32.883,+56.861,+1.320,8,1:13.877,154.3,JDC Miller MotorSports,GTP,,,Porsche 963,M,,,,,,,,,,,Gianmaria,Bruni,Platinum,"Rome, Italy",ITA,,,,,,,Tijmen,van der Helm,Gold,Den Hoorn,NLD,,,,,,,,,,,,,,,,,,,,,,,,,,,,,,,
11,93,Classified,74,1:41:43.244,1 Lap,1 Lap,9,1:13.614,154.9,Acura Meyer Shank Racing w/Curb Agajanian,GTP,,,Acura ARX-06,M,,,,,,,,,,,Nick,Yelloly,Platinum,"Solihull, United Kingdom",GBR,,,,,,,Renger,van der Zande,Platinum,"Amsterdam, Netherlands",NLD,,,,,,,,,,,,,,,,,,,,,,,,,,,,,,,
12,177,Classified,71,1:40:50.709,4 Laps,3 Laps,48,1:18.680,144.9,AO Racing,GTD,,,Porsche 911 GT3 R (992),M,,,,,,,,,,,Jonny,Edgar,Silver,"Asby, United Kingdom",GBR,,,,,,,Laurens,Vanthoor,Platinum,"Heusden-Zolder, Belgium",BEL,,,,,,,,,,,,,,,,,,,,,,,,,,,,,,,
13,12,Classified,71,1:40:53.087,4 Laps,+2.378,32,1:18.706,144.9,Vasser Sullivan Racing,GTD,,,Lexus RC F GT3,M,,,,,,,,,,,Parker,Thompson,Silver,"Red Deer, AB",CAN,,,,,,,Jack,Hawksworth,Gold,"Bradford, United Kingdom",GBR,,,,,,,,,,,,,,,,,,,,,,,,,,,,,,,
14,89,Classified,71,1:40:58.765,4 Laps,+5.678,54,1:18.830,144.6,Vasser Sullivan Racing,GTD,,,Lexus RC F GT3,M,,,,,,,,,,,Frankie,Montecalvo,Silver,"Highlands, NJ",USA,,,,,,,Aaron,Telitz,Gold,"Birchwood, WI",USA,,,,,,,,,,,,,,,,,,,,,,,,,,,,,,,
15,57,Classified,71,1:40:59.250,4 Laps,+0.485,66,1:18.693,144.9,Winward Racing,GTD,,,Mercedes-AMG GT3,M,,,,,,,,,,,Philip,Ellis,Gold,"Munich, Germany",GBR,,,,,,,Russell,Ward,Silver,"Seabrook, TX",USA,,,,,,,,,,,,,,,,,,,,,,,,,,,,,,,
16,96,Classified,71,1:41:14.563,4 Laps,+15.313,33,1:19.414,143.6,Turner Motorsport,GTD,,,BMW M4 GT3 EVO,M,,,,,,,,,,,Robby,Foley,Gold,"Randolph, NJ",USA,,,,,,,Patrick,Gallagher,Silver,"Thornville, OH",USA,,,,,,,,,,,,,,,,,,,,,,,,,,,,,,,
17,32,Classified,71,1:41:15.683,4 Laps,+1.120,58,1:18.953,144.4,Korthoff Competition Motors,GTD,,,Mercedes-AMG GT3,M,,,,,,,,,,,Kenton,Koch,Silver,"Charlotte, NC",USA,,,,,,,Seth,Lucas,Silver,"Powell, OH",USA,,,,,,,,,,,,,,,,,,,,,,,,,,,,,,,
18,120,Classified,71,1:41:15.958,4 Laps,+0.275,30,1:18.763,144.8,Wright Motorsports,GTD,,,Porsche 911 GT3 R (992),M,,,,,,,,,,,Elliott,Skeer,Gold,"San Diego, CA",USA,,,,,,,Adam,Adelson,Silver,"Los Angeles, CA",USA,,,,,,,,,,,,,,,,,,,,,,,,,,,,,,,
19,70,Classified,71,1:41:16.622,4 Laps,+0.664,32,1:18.930,144.5,Inception Racing,GTD,B,,Ferrari 296 GT3,M,,,,,,,,,,,Frederik,Schandorff,Gold,"Aarhus, Denmark",DNK,,,,,,,Brendan,Iribe,Bronze,"Los Angeles, CA",USA,,,,,,,,,,,,,,,,,,,,,,,,,,,,,,,
20,27,Classified,71,1:41:22.420,4 Laps,+5.798,24,1:19.273,143.8,Heart of Racing Team,GTD,,,Aston Martin Vantage GT3 Evo,M,,,,,,,,,,,Casper,Stevenson,Silver,London,GBR,,,,,,,Tom,Gamble,Gold,"Nottingham, United Kingdom",GBR,,,,,,,,,,,,,,,,,,,,,,,,,,,,,,,
21,66,Classified,71,1:41:33.481,4 Laps,+11.061,30,1:19.791,142.9,Gradient Racing,GTD,,,Ford Mustang GT3,M,,,,,,,,,,,Robert,Megennis,Silver,"New York City, NY",USA,,,,,,,Jenson,Altzman,Silver,"Phoenix, AZ",USA,,,,,,,,,,,,,,,,,,,,,,,,,,,,,,,
22,45,Classified,71,1:41:34.432,4 Laps,+0.951,6,1:19.421,143.6,Wayne Taylor Racing,GTD,,,Lamborghini Huracan GT3 EVO2,M,,,,,,,,,,,Trent,Hindman,Gold,"Ocean Township, NJ",USA,,,,,,,Danny,Formal,Silver,"San Jose, Costa Rica",CRI,,,,,,,,,,,,,,,,,,,,,,,,,,,,,,,
23,78,Classified,71,1:41:34.926,4 Laps,+0.494,47,1:19.598,143.2,Forte Racing,GTD,,,Lamborghini Huracan GT3 EVO2,M,,,,,,,,,,,Mario,Farnbacher,Gold,"Ansbach, Germany",DEU,,,,,,,Misha,Goikhberg,Silver,"Woodbridge, ON",CAN,,,,,,,,,,,,,,,,,,,,,,,,,,,,,,,
24,13,Classified,71,1:41:35.233,4 Laps,+0.307,46,1:19.063,144.2,AWA,GTD,B,,Chevrolet Corvette Z06 GT3.R,M,,,,,,,,,,,Matthew,Bell,Gold,"Newcastle Upon Tyne, United Kingdom",GBR,,,,,,,Orey,Fidani,Bronze,"Toronto, ON",CAN,,,,,,,,,,,,,,,,,,,,,,,,,,,,,,,
25,021,Classified,71,1:41:36.333,4 Laps,+1.100,48,1:19.717,143.0,Triarsi Competizione,GTD,B,,Ferrari 296 GT3,M,,,,,,,,,,,Stevan,McAleer,Gold,"Glasgow, Scotland",GBR,,,,,,,Sheena,Monk,Bronze,"Newtown, PA",USA,,,,,,,,,,,,,,,,,,,,,,,,,,,,,,,
26,36,Classified,70,1:40:51.791,5 Laps,1 Lap,34,1:18.684,144.9,DXDT Racing,GTD,,,Chevrolet Corvette Z06 GT3.R,M,,,,,,,,,,,Tommy,Milner,Platinum,"Middleburg, VA",USA,,,,,,,Robert,Wickens,Silver,"Guelph, ON",CAN,,,,,,,,,,,,,,,,,,,,,,,,,,,,,,,
27,34,Classified,15,20:53.421,60 Laps,55 Laps,5,1:19.121,144.1,Conquest Racing,GTD,,,Ferrari 296 GT3,M,,,,,,,,,,,Daniel,Serra,Platinum,"Sao Paulo, Brazil",BRA,,,,,,,Manny,Franco,Silver,"Milwaukee, WI",USA,,,,,,,,,,,,,,,,,,,,,,,,,,,,,,,
