﻿POS,NUMBER,LAP,TIME,GAP_FIRST,GAP_PREVIOUS,KPH, LAPS,TEAM,CLASS,GROUP,DIVISION,VEHICLE,TIRES,IMSA_CarId,IMSA_TeamId,IMSA_ClassId,IMSA_CarTypeId,IMSA_ManufacturerId,IMSA_TireId,IMSA_SponsorId,IMSA_EventEntryId,*Extra 9,*Extra 10,DRIVER1_FIRSTNAME,DRIVER1_SECONDNAME,DRIVER1_LICENSE,DRIVER1_HOMETOWN,DRIVER1_COUNTRY,DRIVER1_SHORTNAME,DRIVER1_IMSA_DriverId,DRIVER1_IMSA_DriverPlugId,DRIVER1_IMSA_DriverRatingLong,DRIVER1_*Extra 4,DRIVER1_*Extra 5,DRIVER2_FIRSTNAME,DRIVER2_SECONDNAME,DRIVER2_LICENSE,DRIVER2_HOMETOWN,DRIVER2_COUNTRY,DRIVER2_SHORTNAME,DRIVER2_IMSA_DriverId,DRIVER2_IMSA_DriverPlugId,DRIVER2_IMSA_DriverRatingLong,DRIVER2_*Extra 4,DRIVER2_*Extra 5,DRIVER3_FIRSTNAME,DRIVER3_SECONDNAME,DRIVER3_LICENSE,DRIVER3_HOMETOWN,DRIVER3_COUNTRY,DRIVER3_SHORTNAME,DRIVER3_IMSA_DriverId,DRIVER3_IMSA_DriverPlugId,DRIVER3_IMSA_DriverRatingLong,DRIVER3_*Extra 4,DRIVER3_*Extra 5,DRIVER4_FIRSTNAME,DRIVER4_SECONDNAME,DRIVER4_LICENSE,DRIVER4_HOMETOWN,DRIVER4_COUNTRY,DRIVER4_SHORTNAME,DRIVER4_IMSA_DriverId,DRIVER4_IMSA_DriverPlugId,DRIVER4_IMSA_DriverRatingLong,DRIVER4_*Extra 4,DRIVER4_*Extra 5,DRIVER5_FIRSTNAME,DRIVER5_SECONDNAME,DRIVER5_LICENSE,DRIVER5_HOMETOWN,DRIVER5_COUNTRY,DRIVER5_SHORTNAME,DRIVER5_IMSA_DriverId,DRIVER5_IMSA_DriverPlugId,DRIVER5_IMSA_DriverRatingLong,DRIVER5_*Extra 4,DRIVER5_*Extra 5,DRIVER6_FIRSTNAME,DRIVER6_SECONDNAME,DRIVER6_LICENSE,DRIVER6_HOMETOWN,DRIVER6_COUNTRY,DRIVER6_SHORTNAME,DRIVER6_IMSA_DriverId,DRIVER6_IMSA_DriverPlugId,DRIVER6_IMSA_DriverRatingLong,DRIVER6_*Extra 4,DRIVER6_*Extra 5,
1,01,25,1:49.538,-,-,214.1,25,Cadillac Racing,GTP,,,Cadillac V-Series.R,M,2187,339,44,228,7646,3,,15322,,,Sebastien,Bourdais,Platinum,,FRA,,602,2,Platinum,,,Renger,van der Zande,Platinum,,NLD,,1998,1,Platinum,,,,,,,,,,,,,,,,,,,,,,,,,,,
2,31,24,1:49.592,+0.054,+0.054,214.0,29,Whelen Engineering Cadillac Racing,GTP,,,Cadillac V-Series.R,M,2196,344,44,228,7646,3,,15327,,,Pipo,Derani,Platinum,,BRA,,1083,3,Platinum,,,Alexander,Sims,Platinum,,GBR,,1261,2,Platinum,,,,,,,,,,,,,,,,,,,,,,,,,,,
3,24,26,1:49.873,+0.335,+0.281,213.5,27,BMW M Team RLL,GTP,,,BMW M Hybrid V8,M,2154,395,44,190,74,3,,15319,,,Philipp,Eng,Platinum,,AUT,,883,5,Platinum,,,Augusto,Farfus,Platinum,,MCO,,3000,4,Platinum,,,,,,,,,,,,,,,,,,,,,,,,,,,
4,10,23,1:49.930,+0.392,+0.057,213.3,25,Konica Minolta Acura ARX-06,GTP,,,Acura ARX-06,M,2191,234,44,195,7641,3,,15325,,,Ricky,Taylor,Platinum,,USA,,608,1,Platinum,,,Filipe,Albuquerque,Platinum,,PRT,,1194,2,Platinum,,,,,,,,,,,,,,,,,,,,,,,,,,,
5,60,25,1:49.983,+0.445,+0.053,213.2,27,Meyer Shank Racing w/ Curb Agajanian,GTP,,,Acura ARX-06,M,2267,3,44,195,7641,3,,15321,,,Tom,Blomqvist,Platinum,,MCO,,1718,1,Platinum,,,Colin,Braun,Gold,,USA,,61,2,Gold,,,,,,,,,,,,,,,,,,,,,,,,,,,
6,25,7,1:50.875,+1.337,+0.892,211.5,25,BMW M Team RLL,GTP,,,BMW M Hybrid V8,M,2155,395,44,190,74,3,,15320,,,Connor,De Phillippi,Gold,,USA,,698,2,Gold,,,Nick,Yelloly,Platinum,,GBR,,2205,1,Platinum,,,,,,,,,,,,,,,,,,,,,,,,,,,
7,5,28,1:51.048,+1.510,+0.173,211.2,29,JDC Miller MotorSports,GTP,,,Porsche 963,M,2276,15,44,193,112,3,,15326,,,Tijmen,van der Helm,Gold,,NLD,,2687,1,Gold,,,Mike,Rockenfeller,Platinum,,CHE,,625,2,Platinum,,,,,,,,,,,,,,,,,,,,,,,,,,,
8,7,8,1:51.352,+1.814,+0.304,210.6,26,Porsche Penske Motorsports,GTP,,,Porsche 963,M,2190,200,44,193,112,3,,15324,,,Matt,Campbell,Platinum,,AUS,,1791,1,Platinum,,,Felipe,Nasr,Platinum,,BRA,,1598,2,Platinum,,,,,,,,,,,,,,,,,,,,,,,,,,,
9,6,11,1:51.691,+2.153,+0.339,210.0,12,Porsche Penske Motorsports,GTP,,,Porsche 963,M,2189,200,44,193,112,3,,15323,,,Nick,Tandy,Platinum,,GBR,,124,1,Platinum,,,Mathieu,Jaminet,Platinum,,FRA,,1449,2,Platinum,,,,,,,,,,,,,,,,,,,,,,,,,,,
10,59,25,1:52.217,+2.679,+0.526,209.0,26,Proton Competition,GTP,,,Porsche 963,M,2480,461,44,193,112,3,,15328,,,Harry,Tincknell,Platinum,,GBR,,1288,3,Platinum,,,Gianmaria,Bruni,Platinum,,ITA,,3045,2,Platinum,,,,,,,,,,,,,,,,,,,,,,,,,,,
11,11,9,1:52.812,+3.274,+0.595,207.9,28,TDS Racing,LMP2,,,ORECA LMP2 07,M,2166,335,28,85,7637,3,,15331,,,Steven,Thomas,Bronze,,USA,,1919,1,Bronze,,,Mikkel,Jensen,Platinum,,DNK,,2088,2,Platinum,,,,,,,,,,,,,,,,,,,,,,,,,,,
12,18,7,1:53.288,+3.750,+0.476,207.0,25,Era Motorsport,LMP2,,,ORECA LMP2 07,M,761,291,28,85,7637,3,,15329,,,Dwight,Merriman,Bronze,,USA,,1930,1,Bronze,,,Ryan,Dalziel,Gold,,GBR,,192,2,Gold,,,,,,,,,,,,,,,,,,,,,,,,,,,
13,04,25,1:53.413,+3.875,+0.125,206.8,25,Crowdstrike Racing by APR,LMP2,,,ORECA LMP2 07,M,2160,459,28,85,7637,3,,15335,,,George,Kurtz,Bronze,,USA,,1612,1,Bronze,,,Ben,Hanley,Gold,,GBR,,1275,2,Gold,,,,,,,,,,,,,,,,,,,,,,,,,,,
14,52,8,1:54.212,+4.674,+0.799,205.3,26,PR1 Mathiasen Motorsports,LMP2,,,ORECA LMP2 07,M,776,16,28,85,7637,3,,15333,,,Ben,Keating,Bronze,,USA,,378,1,Bronze,,,Paul-Loup,Chatin,Gold,,FRA,,2401,3,Gold,,,,,,,,,,,,,,,,,,,,,,,,,,,
15,20,7,1:54.264,+4.726,+0.052,205.2,27,High Class Racing,LMP2,,,ORECA LMP2 07,M,968,348,28,85,7637,3,,15334,,,Dennis,Andersen,Bronze,,DNK,,3043,1,Bronze,,,Ed,Jones,Gold,,ARE,,2418,2,Gold,,,,,,,,,,,,,,,,,,,,,,,,,,,
16,8,8,1:56.579,+7.041,+2.315,201.2,24,Tower Motorsports,LMP2,,,ORECA LMP2 07,M,2164,460,28,85,7637,3,,15330,,,Rodrigo,Sales,Bronze,,USA,,1501,1,Bronze,,,Louis,Deletraz,Gold,,CHE,,2975,3,Gold,,,,,,,,,,,,,,,,,,,,,,,,,,,
17,35,3,1:58.018,+8.480,+1.439,198.7,3,TDS Racing,LMP2,,,ORECA LMP2 07,M,2167,335,28,85,7637,3,,15332,,,John,Falb,Bronze,,USA,,725,1,Bronze,,,Giedo,van der Garde,Platinum,,NLD,,3001,2,Platinum,,,,,,,,,,,,,,,,,,,,,,,,,,,
18,30,10,1:59.030,+9.492,+1.012,197.0,26,Jr III Racing,LMP3,,,Ligier JS P320,M,2356,283,36,96,7650,3,,15336,,,Ari,Balogh,Bronze,,USA,,1081,1,Bronze,,,Garett,Grist,Gold,,CAN,,1388,2,Gold,,,,,,,,,,,,,,,,,,,,,,,,,,,
19,17,10,1:59.133,+9.595,+0.103,196.9,26,AWA,LMP3,,,Duqueine D08,M,2108,217,36,105,7665,3,,15337,,,Anthony,Mantella,Bronze,,CAN,,2682,2,Bronze,,,Wayne,Boyd,Gold,,GBR,,3002,3,Gold,,,,,,,,,,,,,,,,,,,,,,,,,,,
20,13,8,1:59.222,+9.684,+0.089,196.7,24,AWA,LMP3,,,Duqueine D08,M,1675,217,36,105,7665,3,,15339,,,Orey,Fidani,Bronze,,CAN,,973,3,Bronze,,,Matthew,Bell,Gold,,GBR,,424,4,Gold,,,,,,,,,,,,,,,,,,,,,,,,,,,
21,4,11,1:59.902,+10.364,+0.680,195.6,19,Ave Motorsports,LMP3,,,Ligier JS P320,M,2360,163,36,96,7650,3,,15342,,,Seth,Lucas,Silver,,USA,,3067,1,Silver,,,Tonis,Kasemets,Bronze,,USA,,712,3,Bronze,,,,,,,,,,,,,,,,,,,,,,,,,,,
22,74,13,2:00.362,+10.824,+0.460,194.9,21,Riley,LMP3,,,Ligier JS P320,M,2200,149,36,96,7650,3,,15340,,,Gar,Robinson,Bronze,,USA,,861,1,Bronze,,,Josh,Burdon,Silver,,AUS,,2613,3,Silver,,,,,,,,,,,,,,,,,,,,,,,,,,,
23,29,24,2:00.871,+11.333,+0.509,194.0,27,Jr III Racing,LMP3,,,Ligier JS P320,M,2476,283,36,96,7650,3,,15341,,,Bijoy,Garg,Silver,,USA,,3050,5,Silver,,,Colin,Noble,Gold,,GBR,,2964,2,Gold,,,,,,,,,,,,,,,,,,,,,,,,,,,
24,33,9,2:01.488,+11.950,+0.617,193.0,27,Sean Creech Motorsport,LMP3,,,Ligier JS P320,M,1603,286,36,96,7650,3,,15338,,,Nico,Pino,Silver,,CHL,,2770,4,Silver,,,Joao,Barbosa,Gold,,USA,,182,1,Gold,,,,,,,,,,,,,,,,,,,,,,,,,,,
25,85,3,2:02.213,+12.675,+0.725,191.9,25,JDC Miller MotorSports,LMP3,,,Duqueine D08,M,2178,15,36,105,7665,3,,15343,,,Gerry,Kraut,Bronze,,USA,,764,1,Bronze,,,Scott,Andrews,Gold,,AUS,,1657,2,Gold,,,,,,,,,,,,,,,,,,,,,,,,,,,
26,80,24,2:05.126,+15.588,+2.913,187.4,24,AO Racing,GTD,B,,Porsche 911 GT3 R (992),M,2204,466,4,192,112,3,,15363,,,PJ,Hyett,Bronze,,USA,,2947,1,Bronze,,,Seb,Priaulx,Gold,,GBR,,3009,2,Gold,,,,,,,,,,,,,,,,,,,,,,,,,,,
27,23,9,2:05.206,+15.668,+0.080,187.3,27,Heart of Racing Team,GTDPRO,,,Aston Martin Vantage GT3,M,2246,294,41,18,73,3,,15345,,,Ross,Gunn,Gold,,GBR,,1905,1,Gold,,,Alex,Riberas,Gold,,ESP,,659,2,Gold,,,,,,,,,,,,,,,,,,,,,,,,,,,
28,97,6,2:05.426,+15.888,+0.220,187.0,25,Turner Motorsport,GTD,,,BMW M4 GT3,M,2397,38,4,111,74,3,,15365,,,Bill,Auberlen,Gold,,USA,,39,1,Gold,,,Chandler,Hull,Silver,,USA,,2152,2,Silver,,,,,,,,,,,,,,,,,,,,,,,,,,,
29,79,19,2:05.447,+15.909,+0.021,187.0,22,WeatherTech Racing,GTDPRO,,,Mercedes-AMG GT3,M,2244,360,41,204,7643,3,,15344,,,Daniel,Juncadella,Platinum,,ESP,,1584,2,Platinum,,,Jules,Gounon,Platinum,,FRA,,1224,1,Platinum,,,,,,,,,,,,,,,,,,,,,,,,,,,
30,1,19,2:05.537,+15.999,+0.090,186.8,23,Paul Miller Racing,GTD,,,BMW M4 GT3,M,1558,34,4,111,74,3,,15355,,,Bryan,Sellers,Gold,,USA,,18,1,Gold,,,Madison,Snow,Silver,,USA,,155,2,Silver,,,,,,,,,,,,,,,,,,,,,,,,,,,
31,3,7,2:05.623,+16.085,+0.086,186.7,26,Corvette Racing,GTDPRO,,,Chevrolet Corvette C8.R GTD,M,2253,23,41,110,105,3,,15348,,,Antonio,Garcia,Platinum,,ESP,,12,1,Platinum,,,Jordan,Taylor,Platinum,,USA,,13,2,Platinum,,,,,,,,,,,,,,,,,,,,,,,,,,,
32,70,8,2:05.851,+16.313,+0.228,186.4,24,Inception Racing,GTD,B,,McLaren 720S GT3 EVO,M,1520,388,4,81,7651,3,,15361,,,Brendan,Iribe,Bronze,,USA,,2622,1,Bronze,,,Frederik,Schandorff,Gold,,DNK,,2995,2,Gold,,,,,,,,,,,,,,,,,,,,,,,,,,,
33,32,21,2:05.876,+16.338,+0.025,186.3,25,Team Korthoff Motorsports,GTD,,,Mercedes-AMG GT3,M,2335,463,4,224,7643,3,,15359,,,Mike,Skeen,Silver,,USA,,830,4,Silver,,,Mikael,Grenier,Gold,,CAN,,1624,3,Gold,,,,,,,,,,,,,,,,,,,,,,,,,,,
34,96,8,2:05.894,+16.356,+0.018,186.3,19,Turner Motorsport,GTD,,,BMW M4 GT3,M,1553,38,4,111,74,3,,15351,,,Patrick,Gallagher,Silver,,USA,,1593,1,Silver,,,Robby,Foley,Gold,,USA,,1302,2,Gold,,,,,,,,,,,,,,,,,,,,,,,,,,,
35,14,15,2:05.920,+16.382,+0.026,186.2,23,Vasser Sullivan,GTDPRO,,,Lexus RC F GT3,M,2250,336,41,46,7644,3,,15346,,,Jack,Hawksworth,Gold,,GBR,,838,2,Gold,,,Ben,Barnicoat,Platinum,,GBR,,2620,1,Platinum,,,,,,,,,,,,,,,,,,,,,,,,,,,
36,93,7,2:06.016,+16.478,+0.096,186.1,23,Racers Edge Motorsports with WTR,GTD,,,Acura NSX GT3,M,2159,414,4,43,7641,3,,15354,,,Mario,Farnbacher,Gold,,DEU,,2685,2,Gold,,,Ashton,Harrison,Silver,,USA,,1862,1,Silver,,,,,,,,,,,,,,,,,,,,,,,,,,,
37,9,8,2:06.086,+16.548,+0.070,186.0,23,Pfaff Motorsports,GTDPRO,,,Porsche 911 GT3 R (992),M,2251,390,41,192,112,3,,15347,,,Klaus,Bachler,Platinum,,AUT,,663,2,Platinum,,,Patrick,Pilet,Platinum,,FRA,,3037,3,Platinum,,,,,,,,,,,,,,,,,,,,,,,,,,,
38,12,21,2:06.230,+16.692,+0.144,185.8,22,Vasser Sullivan,GTD,,,Lexus RC F GT3,M,931,336,4,46,7644,3,,15358,,,Frankie,Montecalvo,Silver,,USA,,1279,1,Silver,,,Aaron,Telitz,Gold,,USA,,1780,2,Gold,,,,,,,,,,,,,,,,,,,,,,,,,,,
39,77,8,2:06.255,+16.717,+0.025,185.8,26,Wright Motorsports,GTD,B,,Porsche 911 GT3 R (992),M,2185,111,4,192,112,3,,15360,,,Alan,Brynjolfsson,Bronze,,USA,,1271,1,Bronze,,,Trent,Hindman,Gold,,USA,,244,2,Gold,,,,,,,,,,,,,,,,,,,,,,,,,,,
40,57,24,2:06.255,+16.717,+0.000,185.8,26,Winward Racing,GTD,,,Mercedes-AMG GT3,M,2330,304,4,224,7643,3,,15350,,,Russell,Ward,Silver,,USA,,1252,1,Silver,,,Philip,Ellis,Gold,,DEU,,1936,2,Gold,,,,,,,,,,,,,,,,,,,,,,,,,,,
41,27,25,2:06.343,+16.805,+0.088,185.6,26,Heart of Racing Team,GTD,,,Aston Martin Vantage GT3,M,1510,294,4,18,73,3,,15356,,,Roman,De Angelis,Silver,,CAN,,1379,1,Silver,,,Marco,Sorensen,Platinum,,MCO,,2721,2,Platinum,,,,,,,,,,,,,,,,,,,,,,,,,,,
42,66,8,2:06.445,+16.907,+0.102,185.5,28,Gradient Racing,GTD,B,,Acura NSX GT3,M,1416,328,4,43,7641,3,,15357,,,Sheena,Monk,Bronze,,USA,,1532,3,Bronze,,,Katherine,Legge,Gold,,GBR,,2305,1,Gold,,,,,,,,,,,,,,,,,,,,,,,,,,,
43,91,8,2:06.681,+17.143,+0.236,185.1,24,Kellymoss with Riley,GTD,B,,Porsche 911 GT3 R (992),M,2202,465,4,192,112,3,,15362,,,Alan,Metni,Bronze,,USA,,1344,1,Bronze,,,Kay,van Berlo,Silver,,NLD,,1759,2,Silver,,,,,,,,,,,,,,,,,,,,,,,,,,,
44,78,6,2:06.733,+17.195,+0.052,185.1,8,Forte Racing Powered by USRT,GTD,,,Lamborghini Huracan GT3 EVO2,M,2156,396,4,194,1609,3,,15352,,,Misha,Goikhberg,Silver,,CAN,,168,1,Silver,,,Loris,Spinelli,Gold,,ITA,,3038,2,Gold,,,,,,,,,,,,,,,,,,,,,,,,,,,
45,92,7,2:08.396,+18.858,+1.663,182.7,18,Kellymoss with Riley,GTD,B,,Porsche 911 GT3 R (992),M,2201,465,4,192,112,3,,15364,,,David,Brule,Bronze,,USA,,2924,1,Bronze,,,Alec,Udell,Silver,,USA,,866,2,Silver,,,,,,,,,,,,,,,,,,,,,,,,,,,
