﻿POS,NUMBER,LAP,TIME,GAP_FIRST,GAP_PREVIOUS,KPH, LAPS,TEAM,CLASS,GROUP,DIVISION,VEHICLE,TIRES,IMSA_CarId,IMSA_TeamId,IMSA_ClassId,IMSA_CarTypeId,IMSA_ManufacturerId,IMSA_TireId,IMSA_SponsorId,IMSA_EventEntryId,*Extra 9,*Extra 10,DRIVER1_FIRSTNAME,DRIVER1_SECONDNAME,DRIVER1_LICENSE,DRIVER1_HOMETOWN,DRIVER1_COUNTRY,DRIVER1_SHORTNAME,DRIVER1_IMSA_DriverId,DRIVER1_IMSA_DriverPlugId,DRIVER1_IMSA_DriverRatingLong,DRIVER1_*Extra 4,DRIVER1_*Extra 5,DRIVER2_FIRSTNAME,DRIVER2_SECONDNAME,DRIVER2_LICENSE,DRIVER2_HOMETOWN,DRIVER2_COUNTRY,DRIVER2_SHORTNAME,DRIVER2_IMSA_DriverId,DRIVER2_IMSA_DriverPlugId,DRIVER2_IMSA_DriverRatingLong,DRIVER2_*Extra 4,DRIVER2_*Extra 5,DRIVER3_FIRSTNAME,DRIVER3_SECONDNAME,DRIVER3_LICENSE,DRIVER3_HOMETOWN,DRIVER3_COUNTRY,DRIVER3_SHORTNAME,DRIVER3_IMSA_DriverId,DRIVER3_IMSA_DriverPlugId,DRIVER3_IMSA_DriverRatingLong,DRIVER3_*Extra 4,DRIVER3_*Extra 5,DRIVER4_FIRSTNAME,DRIVER4_SECONDNAME,DRIVER4_LICENSE,DRIVER4_HOMETOWN,DRIVER4_COUNTRY,DRIVER4_SHORTNAME,DRIVER4_IMSA_DriverId,DRIVER4_IMSA_DriverPlugId,DRIVER4_IMSA_DriverRatingLong,DRIVER4_*Extra 4,DRIVER4_*Extra 5,DRIVER5_FIRSTNAME,DRIVER5_SECONDNAME,DRIVER5_LICENSE,DRIVER5_HOMETOWN,DRIVER5_COUNTRY,DRIVER5_SHORTNAME,DRIVER5_IMSA_DriverId,DRIVER5_IMSA_DriverPlugId,DRIVER5_IMSA_DriverRatingLong,DRIVER5_*Extra 4,DRIVER5_*Extra 5,DRIVER6_FIRSTNAME,DRIVER6_SECONDNAME,DRIVER6_LICENSE,DRIVER6_HOMETOWN,DRIVER6_COUNTRY,DRIVER6_SHORTNAME,DRIVER6_IMSA_DriverId,DRIVER6_IMSA_DriverPlugId,DRIVER6_IMSA_DriverRatingLong,DRIVER6_*Extra 4,DRIVER6_*Extra 5,
1,7,6,1:13.672,-,-,191.8,11,Porsche Penske Motorsports,GTP,,,Porsche 963,M,2190,200,44,193,112,3,,15672,,,Matt,Campbell,Platinum,,AUS,,1791,1,Platinum,,,Felipe,Nasr,Platinum,,BRA,,1598,2,Platinum,,,,,,,,,,,,,,,,,,,,,,,,,,,
2,6,8,1:13.824,+0.152,+0.152,191.4,10,Porsche Penske Motorsports,GTP,,,Porsche 963,M,2189,200,44,193,112,3,,15671,,,Nick,Tandy,Platinum,,GBR,,124,1,Platinum,,,Mathieu,Jaminet,Platinum,,FRA,,1449,2,Platinum,,,,,,,,,,,,,,,,,,,,,,,,,,,
3,60,11,1:13.864,+0.192,+0.040,191.3,13,Meyer Shank Racing w/ Curb Agajanian,GTP,,,Acura ARX-06,M,2267,3,44,195,7641,3,,15669,,,Tom,Blomqvist,Platinum,,MCO,,1718,1,Platinum,,,Colin,Braun,Gold,,USA,,61,2,Gold,,,,,,,,,,,,,,,,,,,,,,,,,,,
4,01,11,1:13.939,+0.267,+0.075,191.1,12,Cadillac Racing,GTP,,,Cadillac V-Series.R,M,2187,339,44,228,7646,3,,15670,,,Sebastien,Bourdais,Platinum,,FRA,,602,2,Platinum,,,Renger,van der Zande,,,NLD,,1998,1,,,,,,,,,,,,,,,,,,,,,,,,,,,,
5,10,7,1:14.114,+0.442,+0.175,190.7,12,Konica Minolta Acura ARX-06,GTP,,,Acura ARX-06,M,2191,234,44,195,7641,3,,15673,,,Ricky,Taylor,Platinum,,USA,,608,1,Platinum,,,Filipe,Albuquerque,Platinum,,PRT,,1194,2,Platinum,,,,,,,,,,,,,,,,,,,,,,,,,,,
6,24,9,1:14.170,+0.498,+0.056,190.5,13,BMW M Team RLL,GTP,,,BMW M Hybrid V8,M,2154,395,44,190,74,3,,15667,,,Philipp,Eng,Platinum,,AUT,,883,1,Platinum,,,Augusto,Farfus,Platinum,,MCO,,3000,4,Platinum,,,,,,,,,,,,,,,,,,,,,,,,,,,
7,25,9,1:14.173,+0.501,+0.003,190.5,11,BMW M Team RLL,GTP,,,BMW M Hybrid V8,M,2155,395,44,190,74,3,,15668,,,Connor,De Phillippi,Gold,,USA,,698,2,Gold,,,Nick,Yelloly,Platinum,,GBR,,2205,1,Platinum,,,,,,,,,,,,,,,,,,,,,,,,,,,
8,31,11,1:14.284,+0.612,+0.111,190.2,14,Whelen Engineering Cadillac Racing,GTP,,,Cadillac V-Series.R,M,2196,344,44,228,7646,3,,15675,,,Pipo,Derani,Platinum,,BRA,,1083,3,Platinum,,,Alexander,Sims,Platinum,,GBR,,1261,2,Platinum,,,,,,,,,,,,,,,,,,,,,,,,,,,
9,59,7,1:14.306,+0.634,+0.022,190.2,12,Proton Competition,GTP,,,Porsche 963,M,2480,461,44,193,112,3,,15676,,,Harry,Tincknell,Platinum,,GBR,,1288,3,Platinum,,,Gianmaria,Bruni,Platinum,,ITA,,3045,2,Platinum,,,,,,,,,,,,,,,,,,,,,,,,,,,
10,5,10,1:14.632,+0.960,+0.326,189.3,14,JDC Miller MotorSports,GTP,,,Porsche 963,M,2276,15,44,193,112,3,,15674,,,Tijmen,van der Helm,Gold,,NLD,,2687,1,Gold,,,Mike,Rockenfeller,Platinum,,CHE,,625,2,Platinum,,,,,,,,,,,,,,,,,,,,,,,,,,,
11,52,8,1:17.950,+4.278,+3.318,181.3,9,PR1 Mathiasen Motorsports,LMP2,,,ORECA LMP2 07,M,776,16,28,85,7637,3,,15681,,,Ben,Keating,Bronze,,USA,,378,1,Bronze,,,Paul-Loup,Chatin,Gold,,FRA,,2401,3,Gold,,,,,,,,,,,,,,,,,,,,,,,,,,,
12,04,4,1:18.390,+4.718,+0.440,180.3,7,Crowdstrike Racing by APR,LMP2,,,ORECA LMP2 07,M,2160,459,28,85,7637,3,,15683,,,George,Kurtz,Bronze,,USA,,1612,1,Bronze,,,Ben,Hanley,Gold,,GBR,,1275,2,Gold,,,,,,,,,,,,,,,,,,,,,,,,,,,
13,11,8,1:18.623,+4.951,+0.233,179.7,8,TDS Racing,LMP2,,,ORECA LMP2 07,M,2166,335,28,85,7637,3,,15679,,,Steven,Thomas,Bronze,,USA,,1919,1,Bronze,,,Mikkel,Jensen,Platinum,,DNK,,2088,2,Platinum,,,,,,,,,,,,,,,,,,,,,,,,,,,
14,35,7,1:18.901,+5.229,+0.278,179.1,7,TDS Racing,LMP2,,,ORECA LMP2 07,M,2167,335,28,85,7637,3,,15680,,,Rodrigo,Sales,Bronze,,USA,,1501,1,Bronze,,,Giedo,van der Garde,Platinum,,NLD,,3001,2,Platinum,,,,,,,,,,,,,,,,,,,,,,,,,,,
15,8,7,1:19.105,+5.433,+0.204,178.6,7,Tower Motorsports,LMP2,,,ORECA LMP2 07,M,2164,460,28,85,7637,3,,15678,,,Dan,Goldburg,Bronze,,USA,,1915,1,Bronze,,,Louis,Deletraz,Gold,,CHE,,2975,3,Gold,,,,,,,,,,,,,,,,,,,,,,,,,,,
16,18,7,1:19.621,+5.949,+0.516,177.5,7,Era Motorsport,LMP2,,,ORECA LMP2 07,M,761,291,28,85,7637,3,,15677,,,Dwight,Merriman,Bronze,,USA,,1930,1,Bronze,,,Ryan,Dalziel,Gold,,GBR,,192,2,Gold,,,,,,,,,,,,,,,,,,,,,,,,,,,
17,20,7,1:20.055,+6.383,+0.434,176.5,7,High Class Racing,LMP2,,,ORECA LMP2 07,M,968,348,28,85,7637,3,,15682,,,Dennis,Andersen,Bronze,,DNK,,3043,1,Bronze,,,Ed,Jones,Gold,,ARE,,2418,2,Gold,,,,,,,,,,,,,,,,,,,,,,,,,,,
18,29,4,1:20.513,+6.841,+0.458,175.5,7,JR III Racing,LMP3,,,Ligier JS P320,M,2476,283,36,96,7650,3,,15690,,,Bijoy,Garg,Silver,,USA,,3050,5,Silver,,,Guilherme,de Oliveira,Silver,,PRT,,3027,2,Silver,,,,,,,,,,,,,,,,,,,,,,,,,,,
19,30,7,1:20.982,+7.310,+0.469,174.5,7,Jr III Racing,LMP3,,,Ligier JS P320,M,2356,283,36,96,7650,3,,15685,,,Nolan,Siegel,Silver,,USA,,2794,3,Silver,,,Garett,Grist,Gold,,CAN,,1388,2,Gold,,,,,,,,,,,,,,,,,,,,,,,,,,,
20,13,4,1:22.093,+8.421,+1.111,172.1,7,AWA,LMP3,,,Duqueine D08,M,1675,217,36,105,7665,3,,15688,,,Orey,Fidani,Bronze,,CAN,,973,3,Bronze,,,Matthew,Bell,Gold,,GBR,,424,4,Gold,,,,,,,,,,,,,,,,,,,,,,,,,,,
21,38,3,1:22.153,+8.481,+0.060,172.0,7,Performance Tech Motorsports,LMP3,,,Ligier JS P320,M,1666,289,36,96,7650,3,,15684,,,Alexander,Koreiba,Silver,,USA,,2711,1,Silver,,,Connor,Bloum,Silver,,USA,,471,4,Silver,,,,,,,,,,,,,,,,,,,,,,,,,,,
22,17,4,1:22.675,+9.003,+0.522,170.9,7,AWA,LMP3,,,Duqueine D08,M,2108,217,36,105,7665,3,,15686,,,Anthony,Mantella,Bronze,,CAN,,2682,2,Bronze,,,Wayne,Boyd,Gold,,GBR,,3002,3,Gold,,,,,,,,,,,,,,,,,,,,,,,,,,,
23,54,7,1:22.862,+9.190,+0.187,170.5,7,MLT Motorsports,LMP3,,,Ligier JS P320,M,2445,260,34,96,7650,3,,15691,,,Jason,Rabe,Bronze,,USA,,3069,1,Bronze,,,Dakota,Dickerson,Silver,,USA,,1756,4,Silver,,,,,,,,,,,,,,,,,,,,,,,,,,,
24,1,5,1:23.075,+9.403,+0.213,170.1,7,Paul Miller Racing,GTD,,,BMW M4 GT3,M,1558,34,4,111,74,3,,15703,,,Bryan,Sellers,Gold,,USA,,18,1,Gold,,,Madison,Snow,Silver,,USA,,155,2,Silver,,,,,,,,,,,,,,,,,,,,,,,,,,,
25,4,4,1:23.118,+9.446,+0.043,170.0,7,Ave Motorsports,LMP3,,,Ligier JS P320,M,2360,163,36,96,7650,3,,15692,,,Kevin,Conway,Bronze,,USA,,745,1,Bronze,,,John,Geesbreght,Silver,,USA,,2778,2,Silver,,,,,,,,,,,,,,,,,,,,,,,,,,,
26,9,5,1:23.140,+9.468,+0.022,170.0,7,Pfaff Motorsports,GTDPRO,,,Porsche 911 GT3 R (992),M,2251,390,41,192,112,3,,15696,,,Klaus,Bachler,Platinum,,AUT,,663,2,Platinum,,,Patrick,Pilet,Platinum,,FRA,,3037,3,Platinum,,,,,,,,,,,,,,,,,,,,,,,,,,,
27,79,8,1:23.290,+9.618,+0.150,169.7,8,WeatherTech Racing,GTDPRO,,,Mercedes-AMG GT3,M,2244,360,41,204,7643,3,,15693,,,Daniel,Juncadella,Platinum,,ESP,,1584,2,Platinum,,,Jules,Gounon,Platinum,,FRA,,1224,1,Platinum,,,,,,,,,,,,,,,,,,,,,,,,,,,
28,14,3,1:23.345,+9.673,+0.055,169.5,8,Vasser Sullivan,GTDPRO,,,Lexus RC F GT3,M,2250,336,41,46,7644,3,,15695,,,Jack,Hawksworth,Gold,,GBR,,838,2,Gold,,,Ben,Barnicoat,Platinum,,GBR,,2620,1,Platinum,,,,,,,,,,,,,,,,,,,,,,,,,,,
29,23,4,1:23.395,+9.723,+0.050,169.4,6,Heart of Racing Team,GTDPRO,,,Aston Martin Vantage GT3,M,2246,294,41,18,73,3,,15694,,,Ross,Gunn,Gold,,GBR,,1905,1,Gold,,,Alex,Riberas,Gold,,ESP,,659,2,Gold,,,,,,,,,,,,,,,,,,,,,,,,,,,
30,32,7,1:23.424,+9.752,+0.029,169.4,7,Team Korthoff Motorsports,GTD,,,Mercedes-AMG GT3,M,2335,463,4,224,7643,3,,15707,,,Mike,Skeen,Silver,,USA,,830,4,Silver,,,Mikael,Grenier,Gold,,CAN,,1624,3,Gold,,,,,,,,,,,,,,,,,,,,,,,,,,,
31,96,5,1:23.657,+9.985,+0.233,168.9,7,Turner Motorsport,GTD,,,BMW M4 GT3,M,1553,38,4,111,74,3,,15699,,,Patrick,Gallagher,Silver,,USA,,1593,1,Silver,,,Robby,Foley,Gold,,USA,,1302,2,Gold,,,,,,,,,,,,,,,,,,,,,,,,,,,
32,3,8,1:23.741,+10.069,+0.084,168.7,9,Corvette Racing,GTDPRO,,,Chevrolet Corvette C8.R GTD,M,2253,23,41,110,105,3,,15697,,,Antonio,Garcia,Platinum,,ESP,,12,1,Platinum,,,Jordan,Taylor,Platinum,,USA,,13,2,Platinum,,,,,,,,,,,,,,,,,,,,,,,,,,,
33,78,7,1:23.859,+10.187,+0.118,168.5,9,Forte Racing Powered by USRT,GTD,,,Lamborghini Huracan GT3 EVO2,M,2156,396,4,194,1609,3,,15700,,,Misha,Goikhberg,Silver,,CAN,,168,1,Silver,,,Loris,Spinelli,Gold,,ITA,,3038,2,Gold,,,,,,,,,,,,,,,,,,,,,,,,,,,
34,57,5,1:23.878,+10.206,+0.019,168.5,8,Winward Racing,GTD,,,Mercedes-AMG GT3,M,2330,304,4,224,7643,3,,15698,,,Russell,Ward,Silver,,USA,,1252,1,Silver,,,Philip,Ellis,Gold,,DEU,,1936,2,Gold,,,,,,,,,,,,,,,,,,,,,,,,,,,
35,74,2,1:23.906,+10.234,+0.028,168.4,4,Riley,LMP3,,,Ligier JS P320,M,2200,149,36,96,7650,3,,15689,,,Gar,Robinson,,,USA,,861,1,,,,Josh,Burdon,Silver,,AUS,,2613,3,Silver,,,,,,,,,,,,,,,,,,,,,,,,,,,
36,27,3,1:23.910,+10.238,+0.004,168.4,6,Heart of Racing Team,GTD,,,Aston Martin Vantage GT3,M,1510,294,4,18,73,3,,15704,,,Roman,De Angelis,Silver,,CAN,,1379,1,Silver,,,Marco,Sorensen,Platinum,,MCO,,2721,2,Platinum,,,,,,,,,,,,,,,,,,,,,,,,,,,
37,12,8,1:24.020,+10.348,+0.110,168.2,9,Vasser Sullivan,GTD,,,Lexus RC F GT3,M,931,336,4,46,7644,3,,15706,,,Frankie,Montecalvo,Silver,,USA,,1279,1,Silver,,,Aaron,Telitz,Gold,,USA,,1780,2,Gold,,,,,,,,,,,,,,,,,,,,,,,,,,,
38,70,5,1:24.072,+10.400,+0.052,168.1,9,Inception Racing,GTD,B,,McLaren 720S GT3 EVO,M,1520,388,4,81,7651,3,,15709,,,Brendan,Iribe,Bronze,,USA,,2622,1,Bronze,,,Frederik,Schandorff,Gold,,DNK,,2995,2,Gold,,,,,,,,,,,,,,,,,,,,,,,,,,,
39,91,5,1:24.210,+10.538,+0.138,167.8,10,Kellymoss with Riley,GTD,B,,Porsche 911 GT3 R (992),M,2202,465,4,192,112,3,,15710,,,Alan,Metni,Bronze,,USA,,1344,1,Bronze,,,Kay,van Berlo,Silver,,NLD,,1759,2,Silver,,,,,,,,,,,,,,,,,,,,,,,,,,,
40,80,5,1:24.246,+10.574,+0.036,167.7,9,AO Racing,GTD,B,,Porsche 911 GT3 R (992),M,2204,466,4,192,112,3,,15711,,,PJ,Hyett,Bronze,,USA,,2947,1,Bronze,,,Seb,Priaulx,Gold,,GBR,,3009,2,Gold,,,,,,,,,,,,,,,,,,,,,,,,,,,
41,97,7,1:24.264,+10.592,+0.018,167.7,8,Turner Motorsport,GTD,,,BMW M4 GT3,M,2397,38,4,111,74,3,,15713,,,Bill,Auberlen,Gold,,USA,,39,1,Gold,,,Chandler,Hull,Silver,,USA,,2152,2,Silver,,,,,,,,,,,,,,,,,,,,,,,,,,,
42,93,9,1:24.407,+10.735,+0.143,167.4,10,Racers Edge Motorsports with WTR,GTD,,,Acura NSX GT3,M,2159,414,4,43,7641,3,,15702,,,Ashton,Harrison,Silver,,USA,,1862,1,Silver,,,Kyle,Marcelli,Gold,,CAN,,88,3,Gold,,,,,,,,,,,,,,,,,,,,,,,,,,,
43,33,7,1:24.599,+10.927,+0.192,167.0,7,Sean Creech Motorsport,LMP3,,,Ligier JS P320,M,1603,286,36,96,7650,3,,15687,,,Lance,Willsey,,,USA,,664,2,,,,Joao,Barbosa,Gold,,USA,,182,1,Gold,,,,,,,,,,,,,,,,,,,,,,,,,,,
44,77,6,1:24.663,+10.991,+0.064,166.9,10,Wright Motorsports,GTD,B,,Porsche 911 GT3 R (992),M,2185,111,4,192,112,3,,15708,,,Alan,Brynjolfsson,Bronze,,USA,,1271,1,Bronze,,,Trent,Hindman,Gold,,USA,,244,2,Gold,,,,,,,,,,,,,,,,,,,,,,,,,,,
45,94,4,1:24.911,+11.239,+0.248,166.4,9,Andretti Autosport,GTD,,,Aston Martin Vantage GT3,M,2396,357,4,18,73,3,,15701,,,Jarett,Andretti,Silver,,USA,,2292,1,Silver,,,Gabby,Chaves,Gold,,COL,,600,2,Gold,,,,,,,,,,,,,,,,,,,,,,,,,,,
46,66,9,1:25.367,+11.695,+0.456,165.5,10,Gradient Racing,GTD,B,,Acura NSX GT3,M,1416,328,4,43,7641,3,,15705,,,Sheena,Monk,Bronze,,USA,,1532,3,Bronze,,,Katherine,Legge,Gold,,GBR,,2305,1,Gold,,,,,,,,,,,,,,,,,,,,,,,,,,,
47,92,8,1:25.957,+12.285,+0.590,164.4,10,Kellymoss with Riley,GTD,B,,Porsche 911 GT3 R (992),M,2201,465,4,192,112,3,,15712,,,David,Brule,Bronze,,USA,,2924,1,Bronze,,,Alec,Udell,Silver,,USA,,866,2,Silver,,,,,,,,,,,,,,,,,,,,,,,,,,,
48,15,7,1:26.365,+12.693,+0.408,163.6,8,"Lone Star Racing, LLC",GTD,B,,Mercedes-AMG GT3,M,2504,224,4,224,7643,3,,15714,,,Anton,Dias Perera,Bronze,,USA,,1987,1,Bronze,,,Scott,Andrews,Gold,,AUS,,1657,2,Gold,,,,,,,,,,,,,,,,,,,,,,,,,,,
