﻿POS,NUMBER,LAP,TIME,GAP_FIRST,GAP_PREVIOUS,KPH, LAPS,TEAM,CLASS,GROUP,DIVISION,VEHICLE,TIRES,IMSA_CarId,IMSA_TeamId,IMSA_ClassId,IMSA_CarTypeId,IMSA_ManufacturerId,IMSA_TireId,IMSA_SponsorId,IMSA_EventEntryId,*Extra 9,*Extra 10,DRIVER1_FIRSTNAME,DRIVER1_SECONDNAME,DRIVER1_LICENSE,DRIVER1_HOMETOWN,DRIVER1_COUNTRY,DRIVER1_SHORTNAME,DRIVER1_IMSA_DriverId,DRIVER1_IMSA_DriverPlugId,DRIVER1_IMSA_DriverRatingLong,DRIVER1_*Extra 4,DRIVER1_*Extra 5,DRIVER2_FIRSTNAME,DRIVER2_SECONDNAME,DRIVER2_LICENSE,DRIVER2_HOMETOWN,DRIVER2_COUNTRY,DRIVER2_SHORTNAME,DRIVER2_IMSA_DriverId,DRIVER2_IMSA_DriverPlugId,DRIVER2_IMSA_DriverRatingLong,DRIVER2_*Extra 4,DRIVER2_*Extra 5,DRIVER3_FIRSTNAME,DRIVER3_SECONDNAME,DRIVER3_LICENSE,DRIVER3_HOMETOWN,DRIVER3_COUNTRY,DRIVER3_SHORTNAME,DRIVER3_IMSA_DriverId,DRIVER3_IMSA_DriverPlugId,DRIVER3_IMSA_DriverRatingLong,DRIVER3_*Extra 4,DRIVER3_*Extra 5,DRIVER4_FIRSTNAME,DRIVER4_SECONDNAME,DRIVER4_LICENSE,DRIVER4_HOMETOWN,DRIVER4_COUNTRY,DRIVER4_SHORTNAME,DRIVER4_IMSA_DriverId,DRIVER4_IMSA_DriverPlugId,DRIVER4_IMSA_DriverRatingLong,DRIVER4_*Extra 4,DRIVER4_*Extra 5,DRIVER5_FIRSTNAME,DRIVER5_SECONDNAME,DRIVER5_LICENSE,DRIVER5_HOMETOWN,DRIVER5_COUNTRY,DRIVER5_SHORTNAME,DRIVER5_IMSA_DriverId,DRIVER5_IMSA_DriverPlugId,DRIVER5_IMSA_DriverRatingLong,DRIVER5_*Extra 4,DRIVER5_*Extra 5,DRIVER6_FIRSTNAME,DRIVER6_SECONDNAME,DRIVER6_LICENSE,DRIVER6_HOMETOWN,DRIVER6_COUNTRY,DRIVER6_SHORTNAME,DRIVER6_IMSA_DriverId,DRIVER6_IMSA_DriverPlugId,DRIVER6_IMSA_DriverRatingLong,DRIVER6_*Extra 4,DRIVER6_*Extra 5,
1,7,46,1:14.085,-,-,190.7,46,Porsche Penske Motorsports,GTP,,,Porsche 963,M,2190,200,44,193,112,3,,15672,,,Matt,Campbell,Platinum,,AUS,,1791,1,Platinum,,,Felipe,Nasr,Platinum,,BRA,,1598,2,Platinum,,,,,,,,,,,,,,,,,,,,,,,,,,,
2,6,42,1:14.270,+0.185,+0.185,190.3,45,Porsche Penske Motorsports,GTP,,,Porsche 963,M,2189,200,44,193,112,3,,15671,,,Nick,Tandy,Platinum,,GBR,,124,1,Platinum,,,Mathieu,Jaminet,Platinum,,FRA,,1449,2,Platinum,,,,,,,,,,,,,,,,,,,,,,,,,,,
3,24,42,1:14.550,+0.465,+0.280,189.5,44,BMW M Team RLL,GTP,,,BMW M Hybrid V8,M,2154,395,44,190,74,3,,15667,,,Philipp,Eng,Platinum,,AUT,,883,1,Platinum,,,Augusto,Farfus,Platinum,,MCO,,3000,4,Platinum,,,,,,,,,,,,,,,,,,,,,,,,,,,
4,25,40,1:14.562,+0.477,+0.012,189.5,44,BMW M Team RLL,GTP,,,BMW M Hybrid V8,M,2155,395,44,190,74,3,,15668,,,Connor,De Phillippi,Gold,,USA,,698,2,Gold,,,Nick,Yelloly,Platinum,,GBR,,2205,1,Platinum,,,,,,,,,,,,,,,,,,,,,,,,,,,
5,01,47,1:14.603,+0.518,+0.041,189.4,50,Cadillac Racing,GTP,,,Cadillac V-Series.R,M,2187,339,44,228,7646,3,,15670,,,Sebastien,Bourdais,Platinum,,FRA,,602,2,Platinum,,,Renger,van der Zande,,,NLD,,1998,1,,,,,,,,,,,,,,,,,,,,,,,,,,,,
6,60,48,1:14.603,+0.518,+0.000,189.4,48,Meyer Shank Racing w/ Curb Agajanian,GTP,,,Acura ARX-06,M,2267,3,44,195,7641,3,,15669,,,Tom,Blomqvist,Platinum,,MCO,,1718,1,Platinum,,,Colin,Braun,Gold,,USA,,61,2,Gold,,,,,,,,,,,,,,,,,,,,,,,,,,,
7,59,51,1:14.720,+0.635,+0.117,189.1,54,Proton Competition,GTP,,,Porsche 963,M,2480,461,44,193,112,3,,15676,,,Harry,Tincknell,Platinum,,GBR,,1288,3,Platinum,,,Gianmaria,Bruni,Platinum,,ITA,,3045,2,Platinum,,,,,,,,,,,,,,,,,,,,,,,,,,,
8,10,43,1:14.874,+0.789,+0.154,188.7,46,Konica Minolta Acura ARX-06,GTP,,,Acura ARX-06,M,2191,234,44,195,7641,3,,15673,,,Ricky,Taylor,Platinum,,USA,,608,1,Platinum,,,Filipe,Albuquerque,Platinum,,PRT,,1194,2,Platinum,,,,,,,,,,,,,,,,,,,,,,,,,,,
9,31,47,1:14.973,+0.888,+0.099,188.5,48,Whelen Engineering Cadillac Racing,GTP,,,Cadillac V-Series.R,M,2196,344,44,228,7646,3,,15675,,,Pipo,Derani,Platinum,,BRA,,1083,3,Platinum,,,Alexander,Sims,Platinum,,GBR,,1261,2,Platinum,,,,,,,,,,,,,,,,,,,,,,,,,,,
10,5,43,1:15.259,+1.174,+0.286,187.8,47,JDC Miller MotorSports,GTP,,,Porsche 963,M,2276,15,44,193,112,3,,15674,,,Tijmen,van der Helm,Gold,,NLD,,2687,1,Gold,,,Mike,Rockenfeller,Platinum,,CHE,,625,2,Platinum,,,,,,,,,,,,,,,,,,,,,,,,,,,
11,11,34,1:16.758,+2.673,+1.499,184.1,55,TDS Racing,LMP2,,,ORECA LMP2 07,M,2166,335,28,85,7637,3,,15679,,,Steven,Thomas,Bronze,,USA,,1919,1,Bronze,,,Mikkel,Jensen,Platinum,,DNK,,2088,2,Platinum,,,,,,,,,,,,,,,,,,,,,,,,,,,
12,04,46,1:16.823,+2.738,+0.065,183.9,51,Crowdstrike Racing by APR,LMP2,,,ORECA LMP2 07,M,2160,459,28,85,7637,3,,15683,,,George,Kurtz,Bronze,,USA,,1612,1,Bronze,,,Ben,Hanley,Gold,,GBR,,1275,2,Gold,,,,,,,,,,,,,,,,,,,,,,,,,,,
13,18,46,1:17.002,+2.917,+0.179,183.5,49,Era Motorsport,LMP2,,,ORECA LMP2 07,M,761,291,28,85,7637,3,,15677,,,Dwight,Merriman,Bronze,,USA,,1930,1,Bronze,,,Ryan,Dalziel,Gold,,GBR,,192,2,Gold,,,,,,,,,,,,,,,,,,,,,,,,,,,
14,35,30,1:17.067,+2.982,+0.065,183.4,54,TDS Racing,LMP2,,,ORECA LMP2 07,M,2167,335,28,85,7637,3,,15680,,,Rodrigo,Sales,Bronze,,USA,,1501,1,Bronze,,,Giedo,van der Garde,Platinum,,NLD,,3001,2,Platinum,,,,,,,,,,,,,,,,,,,,,,,,,,,
15,52,10,1:17.386,+3.301,+0.319,182.6,45,PR1 Mathiasen Motorsports,LMP2,,,ORECA LMP2 07,M,776,16,28,85,7637,3,,15681,,,Ben,Keating,Bronze,,USA,,378,1,Bronze,,,Paul-Loup,Chatin,Gold,,FRA,,2401,3,Gold,,,,,,,,,,,,,,,,,,,,,,,,,,,
16,8,17,1:17.443,+3.358,+0.057,182.5,42,Tower Motorsports,LMP2,,,ORECA LMP2 07,M,2164,460,28,85,7637,3,,15678,,,Dan,Goldburg,Bronze,,USA,,1915,1,Bronze,,,Louis,Deletraz,Gold,,CHE,,2975,3,Gold,,,,,,,,,,,,,,,,,,,,,,,,,,,
17,20,49,1:17.545,+3.460,+0.102,182.2,49,High Class Racing,LMP2,,,ORECA LMP2 07,M,968,348,28,85,7637,3,,15682,,,Dennis,Andersen,Bronze,,DNK,,3043,1,Bronze,,,Ed,Jones,Gold,,ARE,,2418,2,Gold,,,,,,,,,,,,,,,,,,,,,,,,,,,
18,13,32,1:20.840,+6.755,+3.295,174.8,47,AWA,LMP3,,,Duqueine D08,M,1675,217,36,105,7665,3,,15688,,,Orey,Fidani,Bronze,,CAN,,973,3,Bronze,,,Matthew,Bell,Gold,,GBR,,424,4,Gold,,,,,,,,,,,,,,,,,,,,,,,,,,,
19,54,14,1:20.843,+6.758,+0.003,174.8,31,MLT Motorsports,LMP3,,,Ligier JS P320,M,2445,260,34,96,7650,3,,15691,,,Jason,Rabe,Bronze,,USA,,3069,1,Bronze,,,Dakota,Dickerson,Silver,,USA,,1756,4,Silver,,,,,,,,,,,,,,,,,,,,,,,,,,,
20,29,43,1:20.885,+6.800,+0.042,174.7,44,JR III Racing,LMP3,,,Ligier JS P320,M,2476,283,36,96,7650,3,,15690,,,Bijoy,Garg,Silver,,USA,,3050,5,Silver,,,Guilherme,de Oliveira,Silver,,PRT,,3027,2,Silver,,,,,,,,,,,,,,,,,,,,,,,,,,,
21,30,37,1:20.929,+6.844,+0.044,174.6,44,Jr III Racing,LMP3,,,Ligier JS P320,M,2356,283,36,96,7650,3,,15685,,,Nolan,Siegel,Silver,,USA,,2794,3,Silver,,,Garett,Grist,Gold,,CAN,,1388,2,Gold,,,,,,,,,,,,,,,,,,,,,,,,,,,
22,17,43,1:21.219,+7.134,+0.290,174.0,45,AWA,LMP3,,,Duqueine D08,M,2108,217,36,105,7665,3,,15686,,,Anthony,Mantella,Bronze,,CAN,,2682,2,Bronze,,,Wayne,Boyd,Gold,,GBR,,3002,3,Gold,,,,,,,,,,,,,,,,,,,,,,,,,,,
23,74,34,1:21.263,+7.178,+0.044,173.9,46,Riley,LMP3,,,Ligier JS P320,M,2200,149,36,96,7650,3,,15689,,,Gar,Robinson,,,USA,,861,1,,,,Josh,Burdon,Silver,,AUS,,2613,3,Silver,,,,,,,,,,,,,,,,,,,,,,,,,,,
24,4,10,1:21.349,+7.264,+0.086,173.7,49,Ave Motorsports,LMP3,,,Ligier JS P320,M,2360,163,36,96,7650,3,,15692,,,Kevin,Conway,Bronze,,USA,,745,1,Bronze,,,John,Geesbreght,Silver,,USA,,2778,2,Silver,,,,,,,,,,,,,,,,,,,,,,,,,,,
25,33,13,1:21.551,+7.466,+0.202,173.3,42,Sean Creech Motorsport,LMP3,,,Ligier JS P320,M,1603,286,36,96,7650,3,,15687,,,Lance,Willsey,,,USA,,664,2,,,,Joao,Barbosa,Gold,,USA,,182,1,Gold,,,,,,,,,,,,,,,,,,,,,,,,,,,
26,9,36,1:22.905,+8.820,+1.354,170.4,38,Pfaff Motorsports,GTDPRO,,,Porsche 911 GT3 R (992),M,2251,390,41,192,112,3,,15696,,,Klaus,Bachler,Platinum,,AUT,,663,2,Platinum,,,Patrick,Pilet,Platinum,,FRA,,3037,3,Platinum,,,,,,,,,,,,,,,,,,,,,,,,,,,
27,78,14,1:23.025,+8.940,+0.120,170.2,37,Forte Racing Powered by USRT,GTD,,,Lamborghini Huracan GT3 EVO2,M,2156,396,4,194,1609,3,,15700,,,Misha,Goikhberg,Silver,,CAN,,168,1,Silver,,,Loris,Spinelli,Gold,,ITA,,3038,2,Gold,,,,,,,,,,,,,,,,,,,,,,,,,,,
28,79,38,1:23.168,+9.083,+0.143,169.9,38,WeatherTech Racing,GTDPRO,,,Mercedes-AMG GT3,M,2244,360,41,204,7643,3,,15693,,,Daniel,Juncadella,Platinum,,ESP,,1584,2,Platinum,,,Jules,Gounon,Platinum,,FRA,,1224,1,Platinum,,,,,,,,,,,,,,,,,,,,,,,,,,,
29,14,39,1:23.414,+9.329,+0.246,169.4,41,Vasser Sullivan,GTDPRO,,,Lexus RC F GT3,M,2250,336,41,46,7644,3,,15695,,,Jack,Hawksworth,Gold,,GBR,,838,2,Gold,,,Ben,Barnicoat,Platinum,,GBR,,2620,1,Platinum,,,,,,,,,,,,,,,,,,,,,,,,,,,
30,32,42,1:23.484,+9.399,+0.070,169.3,43,Team Korthoff Motorsports,GTD,,,Mercedes-AMG GT3,M,2335,463,4,224,7643,3,,15707,,,Mike,Skeen,Silver,,USA,,830,4,Silver,,,Mikael,Grenier,Gold,,CAN,,1624,3,Gold,,,,,,,,,,,,,,,,,,,,,,,,,,,
31,23,39,1:23.740,+9.655,+0.256,168.7,43,Heart of Racing Team,GTDPRO,,,Aston Martin Vantage GT3,M,2246,294,41,18,73,3,,15694,,,Ross,Gunn,Gold,,GBR,,1905,1,Gold,,,Alex,Riberas,Gold,,ESP,,659,2,Gold,,,,,,,,,,,,,,,,,,,,,,,,,,,
32,91,15,1:23.826,+9.741,+0.086,168.6,41,Kellymoss with Riley,GTD,B,,Porsche 911 GT3 R (992),M,2202,465,4,192,112,3,,15710,,,Alan,Metni,Bronze,,USA,,1344,1,Bronze,,,Kay,van Berlo,Silver,,NLD,,1759,2,Silver,,,,,,,,,,,,,,,,,,,,,,,,,,,
33,57,30,1:23.827,+9.742,+0.001,168.6,46,Winward Racing,GTD,,,Mercedes-AMG GT3,M,2330,304,4,224,7643,3,,15698,,,Russell,Ward,Silver,,USA,,1252,1,Silver,,,Philip,Ellis,Gold,,DEU,,1936,2,Gold,,,,,,,,,,,,,,,,,,,,,,,,,,,
34,97,45,1:23.961,+9.876,+0.134,168.3,46,Turner Motorsport,GTD,,,BMW M4 GT3,M,2397,38,4,111,74,3,,15713,,,Bill,Auberlen,Gold,,USA,,39,1,Gold,,,Chandler,Hull,Silver,,USA,,2152,2,Silver,,,,,,,,,,,,,,,,,,,,,,,,,,,
35,80,25,1:23.967,+9.882,+0.006,168.3,45,AO Racing,GTD,B,,Porsche 911 GT3 R (992),M,2204,466,4,192,112,3,,15711,,,PJ,Hyett,Bronze,,USA,,2947,1,Bronze,,,Seb,Priaulx,Gold,,GBR,,3009,2,Gold,,,,,,,,,,,,,,,,,,,,,,,,,,,
36,1,10,1:23.974,+9.889,+0.007,168.3,40,Paul Miller Racing,GTD,,,BMW M4 GT3,M,1558,34,4,111,74,3,,15703,,,Bryan,Sellers,Gold,,USA,,18,1,Gold,,,Madison,Snow,Silver,,USA,,155,2,Silver,,,,,,,,,,,,,,,,,,,,,,,,,,,
37,12,5,1:23.989,+9.904,+0.015,168.2,40,Vasser Sullivan,GTD,,,Lexus RC F GT3,M,931,336,4,46,7644,3,,15706,,,Frankie,Montecalvo,Silver,,USA,,1279,1,Silver,,,Aaron,Telitz,Gold,,USA,,1780,2,Gold,,,,,,,,,,,,,,,,,,,,,,,,,,,
38,70,17,1:24.083,+9.998,+0.094,168.1,49,Inception Racing,GTD,B,,McLaren 720S GT3 EVO,M,1520,388,4,81,7651,3,,15709,,,Brendan,Iribe,Bronze,,USA,,2622,1,Bronze,,,Frederik,Schandorff,Gold,,DNK,,2995,2,Gold,,,,,,,,,,,,,,,,,,,,,,,,,,,
39,77,7,1:24.097,+10.012,+0.014,168.0,43,Wright Motorsports,GTD,B,,Porsche 911 GT3 R (992),M,2185,111,4,192,112,3,,15708,,,Alan,Brynjolfsson,Bronze,,USA,,1271,1,Bronze,,,Trent,Hindman,Gold,,USA,,244,2,Gold,,,,,,,,,,,,,,,,,,,,,,,,,,,
40,27,8,1:24.103,+10.018,+0.006,168.0,44,Heart of Racing Team,GTD,,,Aston Martin Vantage GT3,M,1510,294,4,18,73,3,,15704,,,Roman,De Angelis,Silver,,CAN,,1379,1,Silver,,,Marco,Sorensen,Platinum,,MCO,,2721,2,Platinum,,,,,,,,,,,,,,,,,,,,,,,,,,,
41,92,23,1:24.134,+10.049,+0.031,168.0,42,Kellymoss with Riley,GTD,B,,Porsche 911 GT3 R (992),M,2201,465,4,192,112,3,,15712,,,David,Brule,Bronze,,USA,,2924,1,Bronze,,,Alec,Udell,Silver,,USA,,866,2,Silver,,,,,,,,,,,,,,,,,,,,,,,,,,,
42,3,41,1:24.192,+10.107,+0.058,167.8,42,Corvette Racing,GTDPRO,,,Chevrolet Corvette C8.R GTD,M,2253,23,41,110,105,3,,15697,,,Antonio,Garcia,Platinum,,ESP,,12,1,Platinum,,,Jordan,Taylor,Platinum,,USA,,13,2,Platinum,,,,,,,,,,,,,,,,,,,,,,,,,,,
43,15,17,1:24.267,+10.182,+0.075,167.7,21,"Lone Star Racing, LLC",GTD,B,,Mercedes-AMG GT3,M,2504,224,4,224,7643,3,,15714,,,Anton,Dias Perera,Bronze,,USA,,1987,1,Bronze,,,Scott,Andrews,Gold,,AUS,,1657,2,Gold,,,,,,,,,,,,,,,,,,,,,,,,,,,
44,96,34,1:24.306,+10.221,+0.039,167.6,35,Turner Motorsport,GTD,,,BMW M4 GT3,M,1553,38,4,111,74,3,,15699,,,Patrick,Gallagher,Silver,,USA,,1593,1,Silver,,,Robby,Foley,Gold,,USA,,1302,2,Gold,,,,,,,,,,,,,,,,,,,,,,,,,,,
45,93,26,1:24.319,+10.234,+0.013,167.6,44,Racers Edge Motorsports with WTR,GTD,,,Acura NSX GT3,M,2159,414,4,43,7641,3,,15702,,,Ashton,Harrison,Silver,,USA,,1862,1,Silver,,,Kyle,Marcelli,Gold,,CAN,,88,3,Gold,,,,,,,,,,,,,,,,,,,,,,,,,,,
46,66,17,1:24.351,+10.266,+0.032,167.5,48,Gradient Racing,GTD,B,,Acura NSX GT3,M,1416,328,4,43,7641,3,,15705,,,Sheena,Monk,Bronze,,USA,,1532,3,Bronze,,,Katherine,Legge,Gold,,GBR,,2305,1,Gold,,,,,,,,,,,,,,,,,,,,,,,,,,,
47,94,17,1:24.460,+10.375,+0.109,167.3,36,Andretti Autosport,GTD,,,Aston Martin Vantage GT3,M,2396,357,4,18,73,3,,15701,,,Jarett,Andretti,Silver,,USA,,2292,1,Silver,,,Gabby,Chaves,Gold,,COL,,600,2,Gold,,,,,,,,,,,,,,,,,,,,,,,,,,,
48,38,3,1:26.472,+12.387,+2.012,163.4,6,Performance Tech Motorsports,LMP3,,,Ligier JS P320,M,1666,289,36,96,7650,3,,15684,,,Alexander,Koreiba,Silver,,USA,,2711,1,Silver,,,Connor,Bloum,Silver,,USA,,471,4,Silver,,,,,,,,,,,,,,,,,,,,,,,,,,,
