﻿POS,NUMBER,LAP,TIME,GAP_FIRST,GAP_PREVIOUS,KPH, LAPS,TEAM,CLASS,GROUP,DIVISION,VEHICLE,TIRES,IMSA_CarId,IMSA_TeamId,IMSA_ClassId,IMSA_CarTypeId,IMSA_ManufacturerId,IMSA_TireId,IMSA_SponsorId,IMSA_EventEntryId,*Extra 9,*Extra 10,DRIVER1_FIRSTNAME,DRIVER1_SECONDNAME,DRIVER1_LICENSE,DRIVER1_HOMETOWN,DRIVER1_COUNTRY,DRIVER1_SHORTNAME,DRIVER1_IMSA_DriverId,DRIVER1_IMSA_DriverPlugId,DRIVER1_IMSA_DriverRatingLong,DRIVER1_*Extra 4,DRIVER1_*Extra 5,DRIVER2_FIRSTNAME,DRIVER2_SECONDNAME,DRIVER2_LICENSE,DRIVER2_HOMETOWN,DRIVER2_COUNTRY,DRIVER2_SHORTNAME,DRIVER2_IMSA_DriverId,DRIVER2_IMSA_DriverPlugId,DRIVER2_IMSA_DriverRatingLong,DRIVER2_*Extra 4,DRIVER2_*Extra 5,DRIVER3_FIRSTNAME,DRIVER3_SECONDNAME,DRIVER3_LICENSE,DRIVER3_HOMETOWN,DRIVER3_COUNTRY,DRIVER3_SHORTNAME,DRIVER3_IMSA_DriverId,DRIVER3_IMSA_DriverPlugId,DRIVER3_IMSA_DriverRatingLong,DRIVER3_*Extra 4,DRIVER3_*Extra 5,DRIVER4_FIRSTNAME,DRIVER4_SECONDNAME,DRIVER4_LICENSE,DRIVER4_HOMETOWN,DRIVER4_COUNTRY,DRIVER4_SHORTNAME,DRIVER4_IMSA_DriverId,DRIVER4_IMSA_DriverPlugId,DRIVER4_IMSA_DriverRatingLong,DRIVER4_*Extra 4,DRIVER4_*Extra 5,DRIVER5_FIRSTNAME,DRIVER5_SECONDNAME,DRIVER5_LICENSE,DRIVER5_HOMETOWN,DRIVER5_COUNTRY,DRIVER5_SHORTNAME,DRIVER5_IMSA_DriverId,DRIVER5_IMSA_DriverPlugId,DRIVER5_IMSA_DriverRatingLong,DRIVER5_*Extra 4,DRIVER5_*Extra 5,DRIVER6_FIRSTNAME,DRIVER6_SECONDNAME,DRIVER6_LICENSE,DRIVER6_HOMETOWN,DRIVER6_COUNTRY,DRIVER6_SHORTNAME,DRIVER6_IMSA_DriverId,DRIVER6_IMSA_DriverPlugId,DRIVER6_IMSA_DriverRatingLong,DRIVER6_*Extra 4,DRIVER6_*Extra 5,
1,5,16,1:05.899,-,-,144.6,16,Proton Competition Mustang Sampling,GTP,,,Porsche 963,M,2632,536,44,193,112,3,,17088,,,Gianmaria,Bruni,Platinum,,ITA,,22,1,Platinum,,,Bent,Viscaal,Gold,,NLD,,3368,2,Gold,,,,,,,,,,,,,,,,,,,,,,,,,,,
2,10,14,1:06.278,+0.379,+0.379,143.8,16,Wayne Taylor Racing with Andretti,GTP,,,Acura ARX-06,M,2528,277,44,195,7641,3,,17084,,,Ricky,Taylor,Platinum,,USA,,608,1,Platinum,,,Filipe,Albuquerque,Platinum,,PRT,,1194,2,Platinum,,,,,,,,,,,,,,,,,,,,,,,,,,,
3,6,11,1:06.602,+0.703,+0.324,143.1,17,Porsche Penske Motorsport,GTP,,,Porsche 963,M,2189,200,44,193,112,3,,17079,,,Nick,Tandy,Platinum,,GBR,,124,1,Platinum,,,Mathieu,Jaminet,Platinum,,LUX,,2707,2,Platinum,,,,,,,,,,,,,,,,,,,,,,,,,,,
4,01,7,1:06.637,+0.738,+0.035,143.0,16,Cadillac Racing,GTP,,,Cadillac V-Series.R,M,2709,339,44,200,7646,3,,17083,,,Renger,van der Zande,Platinum,,NLD,,3170,1,Platinum,,,Sebastien,Bourdais,Platinum,,FRA,,602,2,Platinum,,,,,,,,,,,,,,,,,,,,,,,,,,,
5,25,16,1:06.816,+0.917,+0.179,142.6,16,BMW M Team RLL,GTP,,,BMW M Hybrid V8,M,2155,395,44,190,74,3,,17081,,,Connor,De Phillippi,Gold,,USA,,698,2,Gold,,,Nick,Yelloly,Platinum,,GBR,,2205,1,Platinum,,,,,,,,,,,,,,,,,,,,,,,,,,,
6,7,17,1:06.837,+0.938,+0.021,142.6,17,Porsche Penske Motorsport,GTP,,,Porsche 963,M,2190,200,44,193,112,3,,17080,,,Dane,Cameron,Platinum,,USA,,54,1,Platinum,,,Felipe,Nasr,Platinum,,BRA,,1598,2,Platinum,,,,,,,,,,,,,,,,,,,,,,,,,,,
7,24,17,1:06.845,+0.946,+0.008,142.6,17,BMW M Team RLL,GTP,,,BMW M Hybrid V8,M,2154,395,44,190,74,3,,17082,,,Jesse,Krohn,Gold,,FIN,,2414,2,Gold,,,Philipp,Eng,Platinum,,AUT,,883,1,Platinum,,,,,,,,,,,,,,,,,,,,,,,,,,,
8,31,16,1:06.917,+1.018,+0.072,142.4,17,Whelen Cadillac Racing,GTP,,,Cadillac V-Series.R,M,2711,344,44,200,7646,3,,17086,,,Pipo,Derani,Platinum,,BRA,,1083,3,Platinum,,,Jack,Aitken,Platinum,,GBR,,2986,4,Platinum,,,,,,,,,,,,,,,,,,,,,,,,,,,
9,40,15,1:07.235,+1.336,+0.318,141.7,16,Wayne Taylor Racing with Andretti,GTP,,,Acura ARX-06,M,2529,277,44,195,7641,3,,17085,,,Jordan,Taylor,Platinum,,USA,,13,1,Platinum,,,Louis,Deletraz,Gold,,CHE,,3171,2,Gold,,,,,,,,,,,,,,,,,,,,,,,,,,,
10,85,16,1:07.599,+1.700,+0.364,141.0,16,JDC-Miller MotorSports,GTP,,,Porsche 963,M,2538,15,44,193,112,3,,17087,,,Tijmen,van der Helm,Gold,,NLD,,2687,1,Gold,,,Richard,Westbrook,Platinum,,GBR,,3198,2,Platinum,,,,,,,,,,,,,,,,,,,,,,,,,,,
11,3,10,1:09.634,+3.735,+2.035,136.9,14,Corvette Racing by Pratt Miller Motorsports,GTDPRO,,,Chevrolet Corvette Z06 GT3.R,M,2525,23,41,232,105,3,,17072,,,Antonio,Garcia,Platinum,,ESP,,12,1,Platinum,,,Alexander,Sims,Platinum,,GBR,,1261,2,Platinum,,,,,,,,,,,,,,,,,,,,,,,,,,,
12,35,14,1:10.268,+4.369,+0.634,135.6,14,Conquest Racing,GTDPRO,,,Ferrari 296 GT3,M,2731,284,41,191,106,3,,17078,,,Daniel,Serra,Platinum,,BRA,,687,3,Platinum,,,Albert,Costa Balboa,Platinum,,ESP,,3213,2,Platinum,,,,,,,,,,,,,,,,,,,,,,,,,,,
13,77,13,1:10.308,+4.409,+0.040,135.6,14,AO Racing,GTDPRO,,,Porsche 911 GT3 R (992),M,2524,466,41,192,112,3,,17071,,,Laurin,Heinrich,Gold,,DEU,,3190,1,Gold,,,Seb,Priaulx,Gold,,GBR,,3176,2,Gold,,,,,,,,,,,,,,,,,,,,,,,,,,,
14,4,7,1:10.716,+4.817,+0.408,134.8,14,Corvette Racing by Pratt Miller Motorsports,GTDPRO,,,Chevrolet Corvette Z06 GT3.R,M,2526,23,41,232,105,3,,17073,,,Tommy,Milner,Platinum,,USA,,15,1,Platinum,,,Nicky,Catsburg,Platinum,,NLD,,3183,2,Platinum,,,,,,,,,,,,,,,,,,,,,,,,,,,
15,64,9,1:11.286,+5.387,+0.570,133.7,11,Ford Multimatic Motorsports,GTDPRO,,,Ford Mustang GT3,M,2527,498,41,231,107,3,,17074,,,Harry,Tincknell,Platinum,,GBR,,1288,1,Platinum,,,Mike,Rockenfeller,Platinum,,CHE,,625,2,Platinum,,,,,,,,,,,,,,,,,,,,,,,,,,,
16,65,15,1:11.302,+5.403,+0.016,133.7,15,Ford Multimatic Motorsports,GTDPRO,,,Ford Mustang GT3,M,2535,498,41,231,107,3,,17075,,,Joey,Hand,Gold,,USA,,37,1,Gold,,,Dirk,Mueller,Platinum,,CHE,,36,2,Platinum,,,,,,,,,,,,,,,,,,,,,,,,,,,
17,15,8,1:11.621,+5.722,+0.319,133.1,9,VasserSullivan,GTDPRO,,,Lexus RC F GT3,M,2730,336,41,46,7644,3,,17077,,,Parker,Thompson,Silver,,CAN,,1877,2,Silver,,,Frankie,Montecalvo,Silver,,USA,,1279,1,Silver,,,,,,,,,,,,,,,,,,,,,,,,,,,
18,14,6,1:12.554,+6.655,+0.933,131.4,12,VasserSullivan,GTDPRO,,,Lexus RC F GT3,M,2537,336,41,46,7644,3,,17076,,,Jack,Hawksworth,Gold,,GBR,,838,2,Gold,,,Ben,Barnicoat,Platinum,,GBR,,2620,1,Platinum,,,,,,,,,,,,,,,,,,,,,,,,,,,
19,1,13,1:12.901,+7.002,+0.347,130.7,13,Paul Miller Racing,GTDPRO,,,BMW M4 GT3,M,2522,34,41,111,74,3,,17070,,,Bryan,Sellers,Gold,,USA,,18,1,Gold,,,Madison,Snow,Gold,,USA,,155,2,Gold,,,,,,,,,,,,,,,,,,,,,,,,,,,
20,23,4,1:17.063,+11.164,+4.162,123.7,7,Heart of Racing Team,GTDPRO,,,Aston Martin Vantage GT3 Evo,M,2519,294,41,18,73,3,,17068,,,Ross,Gunn,Platinum,,GBR,,1905,1,Platinum,,,Alex,Riberas,Gold,,ESP,,659,2,Gold,,,,,,,,,,,,,,,,,,,,,,,,,,,
21,9,0,,,,,7,Pfaff Motorsports,GTDPRO,,,McLaren 720S GT3 EVO,M,2520,390,41,81,7651,3,,17069,,,Marvin,Kirchhöfer,Platinum,,CHE,,3010,2,Platinum,,,Oliver,Jarvis,Platinum,,GBR,,350,3,Platinum,,,,,,,,,,,,,,,,,,,,,,,,,,,
