﻿POS,NUMBER,LAP,TIME,GAP_FIRST,GAP_PREVIOUS,KPH, LAPS,TEAM,CLASS,GROUP,DIVISION,VEHICLE,TIRES,IMSA_CarId,IMSA_TeamId,IMSA_ClassId,IMSA_CarTypeId,IMSA_ManufacturerId,IMSA_TireId,IMSA_SponsorId,IMSA_EventEntryId,*Extra 9,*Extra 10,DRIVER1_FIRSTNAME,DRIVER1_SECONDNAME,DRIVER1_LICENSE,DRIVER1_HOMETOWN,DRIVER1_COUNTRY,DRIVER1_SHORTNAME,DRIVER1_IMSA_DriverId,DRIVER1_IMSA_DriverPlugId,DRIVER1_IMSA_DriverRatingLong,DRIVER1_*Extra 4,DRIVER1_*Extra 5,DRIVER2_FIRSTNAME,DRIVER2_SECONDNAME,DRIVER2_LICENSE,DRIVER2_HOMETOWN,DRIVER2_COUNTRY,DRIVER2_SHORTNAME,DRIVER2_IMSA_DriverId,DRIVER2_IMSA_DriverPlugId,DRIVER2_IMSA_DriverRatingLong,DRIVER2_*Extra 4,DRIVER2_*Extra 5,DRIVER3_FIRSTNAME,DRIVER3_SECONDNAME,DRIVER3_LICENSE,DRIVER3_HOMETOWN,DRIVER3_COUNTRY,DRIVER3_SHORTNAME,DRIVER3_IMSA_DriverId,DRIVER3_IMSA_DriverPlugId,DRIVER3_IMSA_DriverRatingLong,DRIVER3_*Extra 4,DRIVER3_*Extra 5,DRIVER4_FIRSTNAME,DRIVER4_SECONDNAME,DRIVER4_LICENSE,DRIVER4_HOMETOWN,DRIVER4_COUNTRY,DRIVER4_SHORTNAME,DRIVER4_IMSA_DriverId,DRIVER4_IMSA_DriverPlugId,DRIVER4_IMSA_DriverRatingLong,DRIVER4_*Extra 4,DRIVER4_*Extra 5,DRIVER5_FIRSTNAME,DRIVER5_SECONDNAME,DRIVER5_LICENSE,DRIVER5_HOMETOWN,DRIVER5_COUNTRY,DRIVER5_SHORTNAME,DRIVER5_IMSA_DriverId,DRIVER5_IMSA_DriverPlugId,DRIVER5_IMSA_DriverRatingLong,DRIVER5_*Extra 4,DRIVER5_*Extra 5,DRIVER6_FIRSTNAME,DRIVER6_SECONDNAME,DRIVER6_LICENSE,DRIVER6_HOMETOWN,DRIVER6_COUNTRY,DRIVER6_SHORTNAME,DRIVER6_IMSA_DriverId,DRIVER6_IMSA_DriverPlugId,DRIVER6_IMSA_DriverRatingLong,DRIVER6_*Extra 4,DRIVER6_*Extra 5,
1,24,84,1:06.348,-,-,143.6,86,BMW M Team RLL,GTP,,,BMW M Hybrid V8,M,2154,395,44,190,74,3,,17082,,,Jesse,Krohn,Gold,,FIN,,2414,2,Gold,,,Philipp,Eng,Platinum,,AUT,,883,1,Platinum,,,,,,,,,,,,,,,,,,,,,,,,,,,
2,6,64,1:06.448,+0.100,+0.100,143.4,65,Porsche Penske Motorsport,GTP,,,Porsche 963,M,2189,200,44,193,112,3,,17079,,,Nick,Tandy,Platinum,,GBR,,124,1,Platinum,,,Mathieu,Jaminet,Platinum,,LUX,,2707,2,Platinum,,,,,,,,,,,,,,,,,,,,,,,,,,,
3,01,72,1:06.470,+0.122,+0.022,143.4,73,Cadillac Racing,GTP,,,Cadillac V-Series.R,M,2709,339,44,200,7646,3,,17083,,,Renger,van der Zande,Platinum,,NLD,,3170,1,Platinum,,,Sebastien,Bourdais,Platinum,,FRA,,602,2,Platinum,,,,,,,,,,,,,,,,,,,,,,,,,,,
4,25,59,1:06.482,+0.134,+0.012,143.4,67,BMW M Team RLL,GTP,,,BMW M Hybrid V8,M,2155,395,44,190,74,3,,17081,,,Connor,De Phillippi,Gold,,USA,,698,2,Gold,,,Nick,Yelloly,Platinum,,GBR,,2205,1,Platinum,,,,,,,,,,,,,,,,,,,,,,,,,,,
5,7,68,1:06.598,+0.250,+0.116,143.1,70,Porsche Penske Motorsport,GTP,,,Porsche 963,M,2190,200,44,193,112,3,,17080,,,Dane,Cameron,Platinum,,USA,,54,1,Platinum,,,Felipe,Nasr,Platinum,,BRA,,1598,2,Platinum,,,,,,,,,,,,,,,,,,,,,,,,,,,
6,10,66,1:06.663,+0.315,+0.065,143.0,67,Wayne Taylor Racing with Andretti,GTP,,,Acura ARX-06,M,2528,277,44,195,7641,3,,17084,,,Ricky,Taylor,Platinum,,USA,,608,1,Platinum,,,Filipe,Albuquerque,Platinum,,PRT,,1194,2,Platinum,,,,,,,,,,,,,,,,,,,,,,,,,,,
7,31,50,1:06.976,+0.628,+0.313,142.3,75,Whelen Cadillac Racing,GTP,,,Cadillac V-Series.R,M,2711,344,44,200,7646,3,,17086,,,Pipo,Derani,Platinum,,BRA,,1083,3,Platinum,,,Jack,Aitken,Platinum,,GBR,,2986,4,Platinum,,,,,,,,,,,,,,,,,,,,,,,,,,,
8,40,52,1:07.062,+0.714,+0.086,142.1,62,Wayne Taylor Racing with Andretti,GTP,,,Acura ARX-06,M,2529,277,44,195,7641,3,,17085,,,Jordan,Taylor,Platinum,,USA,,13,1,Platinum,,,Louis,Deletraz,Gold,,CHE,,3171,2,Gold,,,,,,,,,,,,,,,,,,,,,,,,,,,
9,5,23,1:07.462,+1.114,+0.400,141.3,86,Proton Competition Mustang Sampling,GTP,,,Porsche 963,M,2632,536,44,193,112,3,,17088,,,Gianmaria,Bruni,Platinum,,ITA,,22,1,Platinum,,,Bent,Viscaal,Gold,,NLD,,3368,2,Gold,,,,,,,,,,,,,,,,,,,,,,,,,,,
10,85,49,1:08.183,+1.835,+0.721,139.8,49,JDC-Miller MotorSports,GTP,,,Porsche 963,M,2538,15,44,193,112,3,,17087,,,Tijmen,van der Helm,Gold,,NLD,,2687,1,Gold,,,Richard,Westbrook,Platinum,,GBR,,3198,2,Platinum,,,,,,,,,,,,,,,,,,,,,,,,,,,
11,4,46,1:09.654,+3.306,+1.471,136.8,61,Corvette Racing by Pratt Miller Motorsports,GTDPRO,,,Corvette Z06 GT3.R,M,2526,23,41,232,105,3,,17073,,,Tommy,Milner,Platinum,,USA,,15,1,Platinum,,,Nicky,Catsburg,Platinum,,NLD,,3183,2,Platinum,,,,,,,,,,,,,,,,,,,,,,,,,,,
12,3,40,1:09.821,+3.473,+0.167,136.5,59,Corvette Racing by Pratt Miller Motorsports,GTDPRO,,,Corvette Z06 GT3.R,M,2525,23,41,232,105,3,,17072,,,Antonio,Garcia,Platinum,,ESP,,12,1,Platinum,,,Alexander,Sims,Platinum,,GBR,,1261,2,Platinum,,,,,,,,,,,,,,,,,,,,,,,,,,,
13,77,67,1:09.883,+3.535,+0.062,136.4,69,AO Racing,GTDPRO,,,Porsche 911 GT3 R (992),M,2524,466,41,192,112,3,,17071,,,Laurin,Heinrich,Gold,,DEU,,3190,1,Gold,,,Seb,Priaulx,Gold,,GBR,,3176,2,Gold,,,,,,,,,,,,,,,,,,,,,,,,,,,
14,35,75,1:10.257,+3.909,+0.374,135.7,77,Conquest Racing,GTDPRO,,,Ferrari 296 GT3,M,2731,284,41,191,106,3,,17078,,,Daniel,Serra,Platinum,,BRA,,687,3,Platinum,,,Albert,Costa Balboa,Platinum,,ESP,,3213,2,Platinum,,,,,,,,,,,,,,,,,,,,,,,,,,,
15,14,63,1:10.345,+3.997,+0.088,135.5,64,VasserSullivan,GTDPRO,,,Lexus RC F GT3,M,2537,336,41,46,7644,3,,17076,,,Jack,Hawksworth,Gold,,GBR,,838,2,Gold,,,Ben,Barnicoat,Platinum,,GBR,,2620,1,Platinum,,,,,,,,,,,,,,,,,,,,,,,,,,,
16,23,51,1:10.485,+4.137,+0.140,135.2,70,Heart of Racing Team,GTDPRO,,,Aston Martin Vantage GT3 Evo,M,2519,294,41,18,73,3,,17068,,,Ross,Gunn,Platinum,,GBR,,1905,1,Platinum,,,Alex,Riberas,Gold,,ESP,,659,2,Gold,,,,,,,,,,,,,,,,,,,,,,,,,,,
17,65,35,1:10.730,+4.382,+0.245,134.7,36,Ford Multimatic Motorsports,GTDPRO,,,Ford Mustang GT3,M,2535,498,41,231,107,3,,17075,,,Joey,Hand,Gold,,USA,,37,1,Gold,,,Dirk,Mueller,Platinum,,CHE,,36,2,Platinum,,,,,,,,,,,,,,,,,,,,,,,,,,,
18,9,43,1:10.783,+4.435,+0.053,134.6,52,Pfaff Motorsports,GTDPRO,,,McLaren 720S GT3 EVO,M,2520,390,41,81,7651,3,,17069,,,Marvin,Kirchhöfer,Platinum,,CHE,,3010,2,Platinum,,,Oliver,Jarvis,Platinum,,GBR,,350,3,Platinum,,,,,,,,,,,,,,,,,,,,,,,,,,,
19,64,57,1:11.035,+4.687,+0.252,134.2,62,Ford Multimatic Motorsports,GTDPRO,,,Ford Mustang GT3,M,2527,498,41,231,107,3,,17074,,,Harry,Tincknell,Platinum,,GBR,,1288,1,Platinum,,,Mike,Rockenfeller,Platinum,,CHE,,625,2,Platinum,,,,,,,,,,,,,,,,,,,,,,,,,,,
20,15,12,1:11.339,+4.991,+0.304,133.6,65,VasserSullivan,GTDPRO,,,Lexus RC F GT3,M,2730,336,41,46,7644,3,,17077,,,Parker,Thompson,Silver,,CAN,,1877,2,Silver,,,Frankie,Montecalvo,Silver,,USA,,1279,1,Silver,,,,,,,,,,,,,,,,,,,,,,,,,,,
21,1,48,1:11.721,+5.373,+0.382,132.9,60,Paul Miller Racing,GTDPRO,,,BMW M4 GT3,M,2522,34,41,111,74,3,,17070,,,Bryan,Sellers,Gold,,USA,,18,1,Gold,,,Madison,Snow,Gold,,USA,,155,2,Gold,,,,,,,,,,,,,,,,,,,,,,,,,,,
