﻿POSITION,NUMBER,STATUS,LAPS,TOTAL_TIME,GAP_FIRST,GAP_PREVIOUS,FL_LAPNUM,FL_TIME,FL_KPH,TEAM,CLASS,GROUP,DIVISION,VEHICLE,TIRES,IMSA_CarId,IMSA_TeamId,IMSA_ClassId,IMSA_CarTypeId,IMSA_ManufacturerId,IMSA_TireId,IMSA_SponsorId,IMSA_EventEntryId,*Extra 9,*Extra 10,DRIVER1_FIRSTNAME,DRIVER1_SECONDNAME,DRIVER1_LICENSE,DRIVER1_HOMETOWN,DRIVER1_COUNTRY,DRIVER1_SHORTNAME,DRIVER1_IMSA_DriverId,DRIVER1_IMSA_DriverPlugId,DRIVER1_IMSA_DriverRatingLong,DRIVER1_*Extra 4,DRIVER1_*Extra 5,DRIVER2_FIRSTNAME,DRIVER2_SECONDNAME,DRIVER2_LICENSE,DRIVER2_HOMETOWN,DRIVER2_COUNTRY,DRIVER2_SHORTNAME,DRIVER2_IMSA_DriverId,DRIVER2_IMSA_DriverPlugId,DRIVER2_IMSA_DriverRatingLong,DRIVER2_*Extra 4,DRIVER2_*Extra 5,DRIVER3_FIRSTNAME,DRIVER3_SECONDNAME,DRIVER3_LICENSE,DRIVER3_HOMETOWN,DRIVER3_COUNTRY,DRIVER3_SHORTNAME,DRIVER3_IMSA_DriverId,DRIVER3_IMSA_DriverPlugId,DRIVER3_IMSA_DriverRatingLong,DRIVER3_*Extra 4,DRIVER3_*Extra 5,DRIVER4_FIRSTNAME,DRIVER4_SECONDNAME,DRIVER4_LICENSE,DRIVER4_HOMETOWN,DRIVER4_COUNTRY,DRIVER4_SHORTNAME,DRIVER4_IMSA_DriverId,DRIVER4_IMSA_DriverPlugId,DRIVER4_IMSA_DriverRatingLong,DRIVER4_*Extra 4,DRIVER4_*Extra 5,DRIVER5_FIRSTNAME,DRIVER5_SECONDNAME,DRIVER5_LICENSE,DRIVER5_HOMETOWN,DRIVER5_COUNTRY,DRIVER5_SHORTNAME,DRIVER5_IMSA_DriverId,DRIVER5_IMSA_DriverPlugId,DRIVER5_IMSA_DriverRatingLong,DRIVER5_*Extra 4,DRIVER5_*Extra 5,DRIVER6_FIRSTNAME,DRIVER6_SECONDNAME,DRIVER6_LICENSE,DRIVER6_HOMETOWN,DRIVER6_COUNTRY,DRIVER6_SHORTNAME,DRIVER6_IMSA_DriverId,DRIVER6_IMSA_DriverPlugId,DRIVER6_IMSA_DriverRatingLong,DRIVER6_*Extra 4,DRIVER6_*Extra 5,
1,93,Classified,84,1:40:46.658,-,-,21,1:06.951,142.4,Acura Meyer Shank Racing w/Curb Agajanian,GTP,,,Acura ARX-06,M,,,,,,,,,,,Nick,Yelloly,Platinum,"Solihull, United Kingdom",GBR,,,,,,,Renger,van der Zande,Platinum,"Amsterdam, Netherlands",NLD,,,,,,,,,,,,,,,,,,,,,,,,,,,,,,,
2,10,Classified,84,1:40:47.605,+0.947,+0.947,25,1:06.832,142.6,Wayne Taylor Racing,GTP,,,Cadillac V-Series.R,M,,,,,,,,,,,Filipe,Albuquerque,Platinum,"Coimbra, Portugal",PRT,,,,,,,Ricky,Taylor,Platinum,"Lake Mary, FL",USA,,,,,,,,,,,,,,,,,,,,,,,,,,,,,,,
3,6,Classified,84,1:40:50.094,+3.436,+2.489,26,1:06.719,142.8,Porsche Penske Motorsport,GTP,,,Porsche 963,M,,,,,,,,,,,Matt,Campbell,Platinum,"Warwick, Australia",AUS,,,,,,,Mathieu,Jaminet,Platinum,Andorra-La-Vella,FRA,,,,,,,,,,,,,,,,,,,,,,,,,,,,,,,
4,7,Classified,84,1:40:50.775,+4.117,+0.681,26,1:06.641,143.0,Porsche Penske Motorsport,GTP,,,Porsche 963,M,,,,,,,,,,,Nick,Tandy,Platinum,"Bedford, United Kingdom",GBR,,,,,,,Felipe,Nasr,Platinum,"Brasilia, Brazil",BRA,,,,,,,,,,,,,,,,,,,,,,,,,,,,,,,
5,24,Classified,84,1:40:53.733,+7.075,+2.958,26,1:06.804,142.7,BMW M Team RLL,GTP,,,BMW M Hybrid V8,M,,,,,,,,,,,Dries,Vanthoor,Platinum,"Zolder, Belgium",BEL,,,,,,,Philipp,Eng,Platinum,"Sankt Lorenz, Austria",AUT,,,,,,,,,,,,,,,,,,,,,,,,,,,,,,,
6,60,Classified,84,1:40:56.690,+10.032,+2.957,48,1:07.368,141.5,Acura Meyer Shank Racing w/Curb Agajanian,GTP,,,Acura ARX-06,M,,,,,,,,,,,Colin,Braun,Gold,"Ovalo, TX",USA,,,,,,,Tom,Blomqvist,Platinum,"Cambridge, UK",GBR,,,,,,,,,,,,,,,,,,,,,,,,,,,,,,,
7,25,Classified,84,1:41:12.943,+26.285,+16.253,25,1:07.014,142.2,BMW M Team RLL,GTP,,,BMW M Hybrid V8,M,,,,,,,,,,,Sheldon,van der Linde,Platinum,"Johannesburg, South Africa",ZAF,,,,,,,Marco,Wittmann,Platinum,"Fuerth, Germany",DEU,,,,,,,,,,,,,,,,,,,,,,,,,,,,,,,
8,23,Classified,84,1:41:16.319,+29.661,+3.376,47,1:07.945,140.3,ASTON MARTIN THOR Team,GTP,,,Aston Martin Valkyrie,M,,,,,,,,,,,Roman,De Angelis,Gold,"Windsor , ON",CAN,,,,,,,Ross,Gunn,Platinum,"Great Missenden, United Kingdom",GBR,,,,,,,,,,,,,,,,,,,,,,,,,,,,,,,
9,40,Classified,84,1:41:36.268,+49.610,+19.949,79,1:07.418,141.4,Wayne Taylor Racing,GTP,,,Cadillac V-Series.R,M,,,,,,,,,,,Louis,Deletraz,Gold,"Geneva, Switzerland",SWZ,,,,,,,Jordan,Taylor,Platinum,"Orlando, FL",USA,,,,,,,,,,,,,,,,,,,,,,,,,,,,,,,
10,31,Classified,83,1:40:59.634,1 Lap,1 Lap,76,1:06.715,142.9,Cadillac Whelen,GTP,,,Cadillac V-Series.R,M,,,,,,,,,,,Earl,Bamber,Platinum,"Wanganui, New Zealand",NZL,,,,,,,Jack,Aitken,Platinum,"London, United Kingdom",GBR,,,,,,,,,,,,,,,,,,,,,,,,,,,,,,,
11,85,Classified,83,1:41:12.269,1 Lap,+12.635,79,1:08.015,140.1,JDC Miller MotorSports,GTP,,,Porsche 963,M,,,,,,,,,,,Gianmaria,Bruni,Platinum,"Rome, Italy",ITA,,,,,,,Tijmen,van der Helm,Gold,Den Hoorn,NLD,,,,,,,,,,,,,,,,,,,,,,,,,,,,,,,
12,64,Classified,81,1:40:59.272,3 Laps,2 Laps,30,1:10.353,135.5,Ford Multimatic Motorsports,GTDPRO,,,Ford Mustang GT3,M,,,,,,,,,,,Sebastian,Priaulx,Gold,"Guernsey, United Kingdom",GBR,,,,,,,Mike,Rockenfeller,Platinum,"Altnau, Switzerland",DEU,,,,,,,,,,,,,,,,,,,,,,,,,,,,,,,
13,3,Classified,81,1:41:00.895,3 Laps,+1.623,28,1:10.267,135.6,Corvette Racing by Pratt Miller Motorsports,GTDPRO,,,Chevrolet Corvette Z06 GT3.R,M,,,,,,,,,,,Alexander,Sims,Platinum,"Kidderminster, United Kingdom",GBR,,,,,,,Antonio,Garcia,Platinum,"Madrid, Spain",ESP,,,,,,,,,,,,,,,,,,,,,,,,,,,,,,,
14,9,Classified,81,1:41:01.210,3 Laps,+0.315,35,1:10.510,135.2,Pfaff Motorsports,GTDPRO,,,Lamborghini Huracan GT3 EVO2,M,,,,,,,,,,,Marco,Mapelli,Platinum,"Lugano, Italy",ITA,,,,,,,Andrea,Caldarelli,Platinum,"Pescara, Italy",ITA,,,,,,,,,,,,,,,,,,,,,,,,,,,,,,,
15,14,Classified,81,1:41:06.551,3 Laps,+5.341,72,1:10.384,135.4,Vasser Sullivan Racing,GTDPRO,,,Lexus RC F GT3,M,,,,,,,,,,,Jack,Hawksworth,Gold,"Bradford, United Kingdom",GBR,,,,,,,Aaron,Telitz,Gold,"Birchwood, WI",USA,,,,,,,,,,,,,,,,,,,,,,,,,,,,,,,
16,77,Classified,81,1:41:23.217,3 Laps,+16.666,75,1:10.378,135.4,AO Racing,GTDPRO,,,Porsche 911 GT3 R (992),M,,,,,,,,,,,Klaus,Bachler,Platinum,"Unzmarkt, Austria",AUT,,,,,,,Laurin,Heinrich,Gold,"Wurzburg, Germany",DEU,,,,,,,,,,,,,,,,,,,,,,,,,,,,,,,
17,4,Classified,81,1:41:34.574,3 Laps,+11.357,75,1:10.294,135.6,Corvette Racing by Pratt Miller Motorsports,GTDPRO,,,Chevrolet Corvette Z06 GT3.R,M,,,,,,,,,,,Nicky,Catsburg,Platinum,"Amersfoort, Netherlands",NLD,,,,,,,Tommy,Milner,Platinum,"Middleburg, VA",USA,,,,,,,,,,,,,,,,,,,,,,,,,,,,,,,
18,48,Classified,80,1:41:00.526,4 Laps,1 Lap,16,1:10.728,134.7,Paul Miller Racing,GTDPRO,,,BMW M4 GT3 EVO,M,,,,,,,,,,,Dan,Harper,Platinum,Belfast,GBR,,,,,,,Max,Hesse,Gold,"Wernau, Germany",DEU,,,,,,,,,,,,,,,,,,,,,,,,,,,,,,,
19,81,Classified,80,1:41:18.200,4 Laps,+17.674,76,1:10.843,134.5,DragonSpeed,GTDPRO,,,Ferrari 296 GT3,M,,,,,,,,,,,Rasmus,Lindh,Silver,"Gothenburg, Sweden",SWE,,,,,,,Albert,Costa,Platinum,Andorra,ESP,,,,,,,,,,,,,,,,,,,,,,,,,,,,,,,
20,15,Classified,80,1:41:39.020,4 Laps,+20.820,10,1:11.042,134.2,Vasser Sullivan Racing,GTDPRO,,,Lexus RC F GT3,M,,,,,,,,,,,Frankie,Montecalvo,Silver,"Highlands, NJ",USA,,,,,,,Parker,Thompson,Silver,"Red Deer, AB",CAN,,,,,,,,,,,,,,,,,,,,,,,,,,,,,,,
21,65,Classified,78,1:37:29.366,6 Laps,2 Laps,74,1:10.775,134.7,Ford Multimatic Motorsports,GTDPRO,,,Ford Mustang GT3,M,,,,,,,,,,,Frederic,Vervisch,Gold,"Middelkerke, Belgium",BEL,,,,,,,Christopher,Mies,Platinum,"Erkrath, Germany",DEU,,,,,,,,,,,,,,,,,,,,,,,,,,,,,,,
22,1,Classified,75,1:41:29.853,9 Laps,3 Laps,10,1:11.072,134.1,Paul Miller Racing,GTDPRO,,,BMW M4 GT3 EVO,M,,,,,,,,,,,Neil,Verhagen,Gold,"Mooresville, NC",USA,,,,,,,Madison,Snow,Gold,"Salt Lake City, UT",USA,,,,,,,,,,,,,,,,,,,,,,,,,,,,,,,
