﻿POS,NUMBER,LAP,TIME,GAP_FIRST,GAP_PREVIOUS,KPH, LAPS,TEAM,CLASS,GROUP,DIVISION,VEHICLE,TIRES,IMSA_CarId,IMSA_TeamId,IMSA_ClassId,IMSA_CarTypeId,IMSA_ManufacturerId,IMSA_TireId,IMSA_SponsorId,IMSA_EventEntryId,*Extra 9,*Extra 10,DRIVER1_FIRSTNAME,DRIVER1_SECONDNAME,DRIVER1_LICENSE,DRIVER1_HOMETOWN,DRIVER1_COUNTRY,DRIVER1_SHORTNAME,DRIVER1_IMSA_DriverId,DRIVER1_IMSA_DriverPlugId,DRIVER1_IMSA_DriverRatingLong,DRIVER1_*Extra 4,DRIVER1_*Extra 5,DRIVER2_FIRSTNAME,DRIVER2_SECONDNAME,DRIVER2_LICENSE,DRIVER2_HOMETOWN,DRIVER2_COUNTRY,DRIVER2_SHORTNAME,DRIVER2_IMSA_DriverId,DRIVER2_IMSA_DriverPlugId,DRIVER2_IMSA_DriverRatingLong,DRIVER2_*Extra 4,DRIVER2_*Extra 5,DRIVER3_FIRSTNAME,DRIVER3_SECONDNAME,DRIVER3_LICENSE,DRIVER3_HOMETOWN,DRIVER3_COUNTRY,DRIVER3_SHORTNAME,DRIVER3_IMSA_DriverId,DRIVER3_IMSA_DriverPlugId,DRIVER3_IMSA_DriverRatingLong,DRIVER3_*Extra 4,DRIVER3_*Extra 5,DRIVER4_FIRSTNAME,DRIVER4_SECONDNAME,DRIVER4_LICENSE,DRIVER4_HOMETOWN,DRIVER4_COUNTRY,DRIVER4_SHORTNAME,DRIVER4_IMSA_DriverId,DRIVER4_IMSA_DriverPlugId,DRIVER4_IMSA_DriverRatingLong,DRIVER4_*Extra 4,DRIVER4_*Extra 5,DRIVER5_FIRSTNAME,DRIVER5_SECONDNAME,DRIVER5_LICENSE,DRIVER5_HOMETOWN,DRIVER5_COUNTRY,DRIVER5_SHORTNAME,DRIVER5_IMSA_DriverId,DRIVER5_IMSA_DriverPlugId,DRIVER5_IMSA_DriverRatingLong,DRIVER5_*Extra 4,DRIVER5_*Extra 5,DRIVER6_FIRSTNAME,DRIVER6_SECONDNAME,DRIVER6_LICENSE,DRIVER6_HOMETOWN,DRIVER6_COUNTRY,DRIVER6_SHORTNAME,DRIVER6_IMSA_DriverId,DRIVER6_IMSA_DriverPlugId,DRIVER6_IMSA_DriverRatingLong,DRIVER6_*Extra 4,DRIVER6_*Extra 5,
1,48,7,1:35.312,-,-,216.4,25,Ally Cadillac Racing,DPi,,,Cadillac DPi,M,963,344,27,49,7646,3,,9502,,,Jimmie,Johnson,Platinum,,USA,,2244,1,,,,Kamui,Kobayashi,Platinum,,JPN,,1778,3,Platinum,,,Simon,Pagenaud,Platinum,,FRA,,3,2,Platinum,,,Mike,Rockenfeller,Platinum,,DEU,,625,4,Platinum,,,,,,,,,,,,,,,
2,10,4,1:35.697,+0.385,+0.385,215.5,21,Konica Minolta Acura ARX-05,DPi,,,Acura DPi,M,948,81,27,65,7641,3,,9483,,,Ricky,Taylor,Platinum,,USA,,608,1,Platinum,,,Filipe,Albuquerque,Platinum,,PRT,,1194,2,Platinum,,,Alexander,Rossi,Platinum,,USA,,599,3,Platinum,,,Helio,Castroneves,Platinum,,USA,,1525,4,Platinum,,,,,,,,,,,,,,,
3,31,8,1:35.842,+0.530,+0.145,215.2,26,Whelen Engineering Racing,DPi,,,Cadillac DPi,M,741,159,27,49,7646,3,,9503,,,Felipe,Nasr,Platinum,,BRA,,1598,1,Platinum,,,Mike,Conway,Platinum,,GBR,,1254,2,Platinum,,,Pipo,Derani,Platinum,,BRA,,1083,3,Platinum,,,Chase,Elliott,Platinum,,USA,,2309,4,Platinum,,,,,,,,,,,,,,,
4,01,10,1:35.963,+0.651,+0.121,214.9,11,Cadillac Chip Ganassi Racing,DPi,,,Cadillac DPi,M,943,339,27,49,7646,3,,9478,,,Renger,van der Zande,Gold,,NLD,,1998,1,Gold,,,Kevin,Magnussen,Platinum,,DNK,,2411,2,Platinum,,,Scott,Dixon,Platinum,,NZL,,631,3,Platinum,,,Marcus,Ericsson,Platinum,,SWE,,2442,4,Platinum,,,,,,,,,,,,,,,
5,55,10,1:36.178,+0.866,+0.215,214.5,22,Mazda Motorsports,DPi,,,Mazda DPi,M,858,4,27,48,110,3,,9452,,,Oliver,Jarvis,Platinum,,GBR,,1999,2,Platinum,,,Harry,Tincknell,Platinum,,GBR,,1288,1,Platinum,,,Jonathan,Bomarito,Gold,,USA,,309,3,Gold,,,,,,,,,,,,,,,,,,,,,
6,5,14,1:36.524,+1.212,+0.346,213.7,25,JDC-Miller MotorSports,DPi,,,Cadillac DPi,M,758,270,27,49,7646,3,,9459,,,Tristan,Vautier,Gold,,FRA,,635,1,Gold,,,Loic,Duval,Platinum,,FRA,,1274,2,Platinum,,,Sebastien,Bourdais,Platinum,,FRA,,602,3,Platinum,,,,,,,,,,,,,,,,,,,,,
7,60,21,1:37.185,+1.873,+0.661,212.2,26,Meyer Shank Racing w/Curb-Agajanian,DPi,,,Acura DPi,M,947,3,27,65,7641,3,,9482,,,Dane,Cameron,Gold,,USA,,54,1,Gold,,,Olivier,Pla,Platinum,,FRA,,2409,2,Platinum,,,Juan Pablo,Montoya,Platinum,,COL,,1329,3,Platinum,,,AJ,Allmendinger,Gold,,USA,,619,4,Gold,,,,,,,,,,,,,,,
8,52,9,1:37.741,+2.429,+0.556,211.0,27,PR1 Mathiasen Motorsports,LMP2,,,ORECA LMP2 07,M,776,16,28,85,7637,3,,9500,,,Ben,Keating,Bronze,,USA,,378,1,Bronze,,,Mikkel,Jensen,Silver,,DNK,,2088,2,Silver,,,Scott,Huffaker,Silver,,USA,,1852,3,Silver,,,Nicolas,Lapierre,Platinum,,FRA,,1143,4,Platinum,,,,,,,,,,,,,,,
9,20,7,1:38.296,+2.984,+0.555,209.8,32,High Class Racing,LMP2,,,ORECA LMP2 07,M,968,348,28,85,7637,3,,9511,,,Dennis,Andersen,Bronze,,DNK,,2406,1,Bronze,,,Ferdinand,Habsburg-Lothringen,Gold,,AUT,,1610,2,Gold,,,Anders,Fjorback,Silver,,DNK,,1865,3,Silver,,,Robert,Kubica,Platinum,,POL,,2445,4,Platinum,,,,,,,,,,,,,,,
10,8,7,1:38.379,+3.067,+0.083,209.7,21,Tower Motorsport,LMP2,,,ORECA LMP2 07,M,973,352,28,85,7637,3,,9518,,,John,Farano,Bronze,,CAN,,441,1,Bronze,,,Gabriel,Aubry,Gold,,FRA,,1769,2,Gold,,,Tim,Buret,Silver,,FRA,,2291,3,Silver,,,Matthieu,Vaxiviere,Gold,,FRA,,1850,4,Gold,,,,,,,,,,,,,,,
11,47,24,1:39.023,+3.711,+0.644,208.3,24,Cetilar Racing,LMP2,,,Dallara LMP2,M,935,337,28,103,7664,3,,9466,,,Roberto,Lacorte,Bronze,,ITA,,2452,6,Bronze,,,Antonio,Fuoco,Gold,,ITA,,2306,,Gold,,,Andrea,Belicchi,Gold,,ITA,,2297,3,Gold,,,Giorgio,Sernagiotto,Silver,,ITA,,2288,4,Silver,,,,,,,,,,,,,,,
12,81,3,1:39.358,+4.046,+0.335,207.6,13,DragonSpeed USA LLC,LMP2,,,ORECA LMP2 07,M,797,305,28,85,7637,3,,9542,,,Ben,Hanley,Gold,,GBR,,1275,,Gold,,,Rob,Hodes,Bronze,,USA,,1181,,Bronze,,,Garett,Grist,Silver,,CAN,,1388,,Silver,,,Rinus,Veekay,Gold,,NLD,,2420,,Gold,,,,,,,,,,,,,,,
13,18,5,1:39.456,+4.144,+0.098,207.4,26,Era Motorsport,LMP2,,,ORECA LMP2 07,M,761,291,28,85,7637,3,,9508,,,Dwight,Merriman,Bronze,,USA,,1930,1,Bronze,,,Kyle,Tilley,Silver,,GBR,,1079,2,Silver,,,Ryan,Dalziel,Gold,,GBR,,192,3,Gold,,,Paul-Loup,Chatin,Gold,,FRA,,2401,4,Gold,,,,,,,,,,,,,,,
14,11,6,1:39.631,+4.319,+0.175,207.0,22,WIN Autosport,LMP2,,,ORECA LMP2 07,M,942,183,28,85,7637,3,,9475,,,Steven,Thomas,Bronze,,USA,,1919,1,Bronze,,,Tristan,Nunez,Gold,,USA,,169,2,Gold,,,Thomas,Merrill,Bronze,,USA,,1458,3,Bronze,,,Matthew,Bell,Silver,,GBR,,424,4,Silver,,,,,,,,,,,,,,,
15,51,10,1:41.396,+6.084,+1.765,203.4,21,RWR-Eurasia,LMP2,,,Ligier  LMP2,M,936,338,28,52,7650,3,,9467,,,Cody,Ware,Silver,,USA,,808,1,Silver,,,Salih,Yoluc,Bronze,,TUR,,2450,2,Bronze,,,Austin,Dillon,Gold,,USA,,2313,3,Gold,,,Mathieu,Jaminet,Gold,,FRA,,1449,4,Gold,,,,,,,,,,,,,,,
16,6,10,1:43.655,+8.343,+2.259,199.0,24,Muehlner Motorsports America,LMP3,,,Duqueine M30-D08,M,1036,51,,102,7665,3,,9463,,,Moritz,Kranz,Bronze,,DEU,,1505,2,Bronze,,,Laurents,Hoerr,Silver,,DEU,,2415,3,Silver,,,,,,,,,,,,,,,,,,,,,,,,,,,
17,62,6,1:43.680,+8.368,+0.025,198.9,24,Risi Competizione,GTLM,,,Ferrari 488 GTE,M,26,26,3,8,106,3,,9496,,,James,Calado,Platinum,,GBR,,1096,1,Platinum,,,Alessandro,Pier Guidi,Platinum,,ITA,,2238,2,Platinum,,,Jules,Gounon,Gold,,FRA,,1224,3,Gold,,,Davide,Rigon,Platinum,,ITA,,679,4,Platinum,,,,,,,,,,,,,,,
18,74,7,1:43.742,+8.430,+0.062,198.8,25,Riley Motorsports,LMP3,,,Ligier JS P320,M,1032,35,,96,7650,3,,9440,,,Gar,Robinson,Silver,,USA,,861,1,Silver,,,Spencer,Pigot,Gold,,USA,,243,2,Gold,,,Scott,Andrews,Silver,,AUS,,1657,3,Silver,,,Oliver,Askew,Silver,,USA,,2413,4,Silver,,,,,,,,,,,,,,,
19,33,6,1:43.838,+8.526,+0.096,198.6,27,Sean Creech Motorsport,LMP3,,,Ligier JS P320,M,1034,286,,96,7650,3,,9442,,,Lance,Willsey,Bronze,,USA,,664,2,Bronze,,,Joao,Barbosa,Gold,,PRT,,182,1,Gold,,,Wayne,Boyd,Silver,,GBR,,1912,3,Silver,,,Yann,Clairay,Silver,,FRA,,1693,4,Silver,,,,,,,,,,,,,,,
20,3,4,1:44.067,+8.755,+0.229,198.2,13,Corvette Racing,GTLM,,,Chevrolet Corvette C8.R,M,748,23,3,83,105,3,,9453,,,Antonio,Garcia,Platinum,,ESP,,12,1,Platinum,,,Jordan,Taylor,Platinum,,USA,,13,2,Platinum,,,Nicky,Catsburg,Platinum,,NLD,,1113,3,Platinum,,,,,,,,,,,,,,,,,,,,,
21,25,13,1:44.183,+8.871,+0.116,198.0,28,BMW Team RLL,GTLM,,,BMW M8 GTE,M,412,17,3,66,74,3,,9504,,,Philipp,Eng,Platinum,,AUT,,883,4,Platinum,,,Timo,Glock,Platinum,,DEU,,2407,5,Platinum,,,Connor,De Phillippi,Gold,,USA,,698,2,Gold,,,Bruno,Spengler,Platinum,,CAN,,903,1,Platinum,,,,,,,,,,,,,,,
22,54,3,1:44.303,+8.991,+0.120,197.7,19,Core Motorsport,LMP3,,,Ligier JS P320,M,1035,174,,96,7650,3,,9443,,,Jonathan,Bennett,Bronze,,USA,,60,1,Bronze,,,George,Kurtz,Bronze,,USA,,1612,3,Bronze,,,Colin,Braun,Gold,,USA,,61,2,Gold,,,Matt,McMurry,Silver,,USA,,393,4,Silver,,,,,,,,,,,,,,,
23,24,10,1:44.342,+9.030,+0.039,197.7,25,BMW Team RLL,GTLM,,,BMW M8 GTE,M,434,17,3,66,74,3,,9505,,,Augusto,Farfus,Platinum,,BRA,,701,4,Platinum,,,Marco,Wittmann,Platinum,,DEU,,2416,5,Platinum,,,John,Edwards,Platinum,,USA,,942,2,Platinum,,,Jesse,Kurki-Suonio,Gold,,FIN,,2414,1,Gold,,,,,,,,,,,,,,,
24,91,6,1:44.730,+9.418,+0.388,196.9,18,Riley Motorsports,LMP3,,,Ligier JS P320,M,1033,35,,96,7650,3,,9441,,,Jim,Cox,Bronze,,USA,,1248,1,Bronze,,,Dylan,Murry,Silver,,USA,,2233,2,Silver,,,Austin,McCusker,Silver,,USA,,1586,3,Silver,,,Jeroen,Bleekemolen,Gold,,NLD,,186,4,Gold,,,,,,,,,,,,,,,
25,7,16,1:45.154,+9.842,+0.424,196.1,24,Forty7 Motorsports,LMP3,,,Duqueine M30-D08,M,1038,193,,102,7665,3,,9530,,,Mark,Kvamme,Bronze,,USA,,2422,3,Bronze,,,Ryan,Norman,Silver,,USA,,2231,2,Silver,,,Gabby,Chaves,Gold,,COL,,600,4,Gold,,,Charles,Finelli,Bronze,,USA,,2429,1,Bronze,,,,,,,,,,,,,,,
26,79,7,1:45.315,+10.003,+0.161,195.8,25,WeatherTech Racing,GTLM,,,Porsche 911 RSR - 19,M,983,360,3,87,112,3,,9538,,,Cooper,MacNeil,Silver,,USA,,113,,Silver,,,Kevin,Estre,Platinum,,FRA,,183,6,Platinum,,,Richard,Lietz,Platinum,,AUT,,216,,Platinum,,,Gianmaria,Bruni,Platinum,,ITA,,22,,Platinum,,,,,,,,,,,,,,,
27,88,5,1:46.194,+10.882,+0.879,194.2,28,Team Hardpoint EBM,GTD,,,Porsche 911 GT3R,M,966,346,4,93,112,3,,9510,,,Rob,Ferriol,Bronze,,USA,,1589,1,Bronze,,,Earl,Bamber,Platinum,,NZL,,651,2,Platinum,,,Katherine,Legge,Gold,,GBR,,2305,3,Gold,,,Christina,Nielsen,Silver,,DNK,,1981,4,Silver,,,,,,,,,,,,,,,
28,21,8,1:46.505,+11.193,+0.311,193.7,25,Af Corse,GTD,,,Ferrari 488 GT3,M,922,333,4,16,106,3,,9447,,,Simon,Mann,Silver,,GBR,,2435,,Silver,,,Nicklas,Nielsen,Gold,,DNK,,2065,,Gold,,,Daniel,Serra,Gold,,BRA,,687,,Gold,,,Matteo,Cressoni,Silver,,ITA,,1004,,Silver,,,,,,,,,,,,,,,
29,57,5,1:46.525,+11.213,+0.020,193.6,24,Winward Racing,GTD,,,Mercedes-AMG GT3,M,934,304,4,45,7643,3,,9465,,,Russell,Ward,Silver,,USA,,1252,1,Silver,,,Philip,Ellis,Silver,,CHE,,1936,2,Silver,,,Indy,Dontje,Silver,,NLD,,1634,5,Silver,,,Maro,Engel,Platinum,,DEU,,1092,3,Platinum,,,,,,,,,,,,,,,
30,75,6,1:46.575,+11.263,+0.050,193.5,22,SunEnergy1,GTD,,,Mercedes-AMG GT3,M,242,143,4,45,7643,3,,9520,,,Kenny,Habul,Bronze,,AUS,,1115,1,Bronze,,,Raffaele,Marciello,Platinum,,SWI,,2259,2,Platinum,,,Mikael,Grenier,Silver,,CAN,,1624,4,Silver,,,Luca,Stolz,Gold,,DEU,,1124,3,Gold,,,,,,,,,,,,,,,
31,16,9,1:46.581,+11.269,+0.006,193.5,26,Wright Motorsports,GTD,,,Porsche 911 GT3R,M,857,111,4,93,112,3,,9501,,,Ryan,Hardwick,Bronze,,USA,,1256,1,Bronze,,,Patrick,Long,Platinum,,USA,,27,,Platinum,,,Jan,Heylen,Silver,,BEL,,184,,Silver,,,Klaus,Bachler,Gold,,AUT,,663,,Gold,,,,,,,,,,,,,,,
32,28,10,1:46.833,+11.521,+0.252,193.1,24,Alegra Motorsports,GTD,,,Mercedes-AMG GT3,M,941,122,4,45,7643,3,,9474,,,Daniel,Morad,Silver,,CAN,,1144,2,Silver,,,Michael,de Quesada,Silver,,USA,,1136,6,Silver,,,Billy,Johnson,Gold,,USA,,365,3,Gold,,,Maximilian,Buhk,Platinum,,DEU,,1751,1,Platinum,,,,,,,,,,,,,,,
33,63,8,1:47.024,+11.712,+0.191,192.7,25,Scuderia Corsa,GTD,,,Ferrari 488 GT3,M,37,25,4,16,106,3,,9509,,,Ed,Jones,Gold,,GBR,,2418,2,Gold,,,Bret,Curtis,Bronze,,USA,,126,4,Bronze,,,Ryan,Briscoe,Platinum,,AUS,,358,1,Platinum,,,Marcos,Gomes,Silver,,BRA,,689,3,Silver,,,,,,,,,,,,,,,
34,9,12,1:47.224,+11.912,+0.200,192.4,25,Pfaff Motorsports,GTD,,,Porsche 911 GT3R,M,925,334,4,93,112,3,,9450,,,Zacharie,Robichon,Silver,,CAN,,1176,2,Silver,,,Laurens,Vanthoor,Platinum,,BEL,,1241,5,Platinum,,,Lars,Kern,Silver,,DEU,,1785,3,Silver,,,Matt,Campbell,Gold,,AUS,,1791,4,Gold,,,,,,,,,,,,,,,
35,38,15,1:47.269,+11.957,+0.045,192.3,20,Performance Tech Motorsports,LMP3,,,Ligier JS P320,M,1037,289,,96,7650,3,,9473,,,Rasmus,Lindh,Silver,,SWE,,2101,2,Silver,,,Cameron,Cassels,Bronze,,CAN,,1001,1,Bronze,,,Mateo,LLarena,Silver,,GTM,,2091,3,Silver,,,Ayrton,Ori,Silver,,USA,,2261,5,Silver,,,,,,,,,,,,,,,
36,96,10,1:47.300,+11.988,+0.031,192.2,24,Turner Motorsport,GTD,,,BMW M6 GT3,M,38,38,4,17,74,3,,9485,,,Bill,Auberlen,Gold,,USA,,39,1,Gold,,,Robby,Foley,Silver,,USA,,1302,2,Silver,,,Aidan,Read,Silver,,AUS,,2417,3,Silver,,,Colton,Herta,Gold,,USA,,1602,4,Gold,,,,,,,,,,,,,,,
37,14,11,1:47.426,+12.114,+0.126,192.0,18,VasserSullivan,GTD,,,Lexus RC F GT3,M,930,336,4,46,7644,3,,9460,,,Jack,Hawksworth,Gold,,GBR,,838,2,Gold,,,Aaron,Telitz,Silver,,USA,,2230,1,Silver,,,Kyle,Kirkwood,Silver,,USA,,1755,3,Silver,,,Oliver,Gavin,Platinum,,GBR,,14,4,Platinum,,,,,,,,,,,,,,,
38,19,7,1:47.456,+12.144,+0.030,191.9,20,GRT Grasser Racing Team,GTD,,,Lamborghini Huracan GT3,M,969,325,4,13,1609,3,,9512,,,Misha,Goikhberg,Silver,,RUS,,168,,Silver,,,Franck,Perera,Platinum,,FRA,,1617,,Platinum,,,Albert,Costa,Gold,,ESP,,2014,,Gold,,,Tim,Zimmermann,Silver,,DEU,,2310,,Silver,,,,,,,,,,,,,,,
39,1,7,1:47.642,+12.330,+0.186,191.6,23,Paul Miller Racing,GTD,,,Lamborghini Huracan GT3,M,938,34,4,13,1609,3,,9469,,,Bryan,Sellers,Gold,,USA,,18,1,Gold,,,Madison,Snow,Silver,,USA,,155,6,Silver,,,Corey,Lewis,Silver,,USA,,763,3,Silver,,,Andrea,Caldarelli,Platinum,,ITA,,1228,,Platinum,,,,,,,,,,,,,,,
40,64,4,1:47.830,+12.518,+0.188,191.3,22,TeamTGM,GTD,,,Porsche 911 GT3R,M,946,79,4,93,112,3,,9481,,,Ted,Giovanis,Bronze,,USA,,489,1,,,,Owen,Trinkler,Silver,,USA,,519,5,Silver,,,Hugh,Plumb,Bronze,,USA,,421,3,Bronze,,,Matt,Plumb,Silver,,USA,,429,2,Silver,,,,,,,,,,,,,,,
41,12,16,1:48.208,+12.896,+0.378,190.6,18,VasserSullivan,GTD,,,Lexus RC F GT3,M,931,336,4,46,7644,3,,9461,,,Townsend,Bell,Gold,,USA,,117,4,Gold,,,Frankie,Montecalvo,Silver,,USA,,1279,1,Silver,,,Zach,Veach,Gold,,USA,,961,2,Gold,,,Robert,Megennis,Silver,,USA,,2412,3,Silver,,,,,,,,,,,,,,,
42,42,11,1:48.280,+12.968,+0.072,190.5,20,NTE Sport,GTD,,,Audi R8 LMS GT3,M,974,353,4,12,909,3,,9519,,,Alan,Metni,Bronze,,USA,,1344,1,Bronze,,,Andrew,Davis,Silver,,USA,,329,3,Silver,,,JR,Hildebrand,Gold,,UAE,,2307,2,Gold,,,Don,Yount,Bronze,,USA,,399,4,Bronze,,,,,,,,,,,,,,,
43,97,5,1:48.503,+13.191,+0.223,190.1,24,TF Sport,GTD,,,Aston Martin Vantage GT3,M,949,340,4,18,73,3,,9484,,,Maxwell,Root,Silver,,USA,,1654,1,Silver,,,Charlie,Eastwood,Gold,,IRL,,2424,2,Gold,,,Ben,Keating,Bronze,,USA,,378,3,Bronze,,,Richard,Westbrook,Platinum,,GBR,,16,4,Platinum,,,,,,,,,,,,,,,
44,23,9,1:49.049,+13.737,+0.546,189.1,23,Heart Of Racing Team,GTD,,,Aston Martin Vantage GT3,M,767,294,4,18,73,3,,9456,,,Ian,James,Silver,,USA,,453,1,Silver,,,Roman,De Angelis,Silver,,CAN,,1379,2,Silver,,,Darren,Turner,Platinum,,GBR,,189,3,Platinum,,,Ross,Gunn,Gold,,GBR,,1905,4,Gold,,,,,,,,,,,,,,,
45,44,5,1:49.440,+14.128,+0.391,188.5,20,Magnus with Archangel,GTD,,,Acura NSX GT3,M,961,343,4,43,7641,3,,9499,,,John,Potter,Bronze,,USA,,670,1,Bronze,,,Andy,Lally,Gold,,USA,,25,2,Gold,,,Spencer,Pumpelly,Silver,,USA,,64,3,Silver,,,Mario,Farnbacher,Gold,,DEU,,318,6,Gold,,,,,,,,,,,,,,,
46,82,3,2:01.365,+26.053,+11.925,169.9,3,DragonSpeed USA LLC,LMP2,,,ORECA LMP2 07,M,986,305,28,85,7637,3,,9541,,,Christopher,Mies,Platinum,,DEU,,768,,Platinum,,,Eric,Lux,Bronze,,USA,,96,,Bronze,,,Devlin,Defrancesco,Silver,,CAN,,1625,,Silver,,,Fabian,Schiller,Silver,,DEU,,1790,,Silver,,,,,,,,,,,,,,,
47,4,0,,,,,0,Corvette Racing,GTLM,,,Chevrolet Corvette C8.R,M,749,23,3,83,105,3,,9454,,,Tommy,Milner,Platinum,,USA,,15,1,Platinum,,,Nick,Tandy,Platinum,,GBR,,124,2,Platinum,,,Alexander,Sims,Platinum,,GBR,,1261,3,Platinum,,,,,,,,,,,,,,,,,,,,,
48,29,0,,,,,0,Racing Team Nederland,LMP2,,,ORECA LMP2 07,M,927,335,28,85,7637,3,,9451,,,Frits,Van Eerd,Bronze,,NLD,,2268,1,Bronze,,,Giedo,van der Garde,Platinum,,NLD,,2423,2,Platinum,,,Job,van Uitert,Gold,,NLD,,2174,3,Gold,,,Charles,Milesi,Silver,,FRA,,2274,4,Silver,,,,,,,,,,,,,,,
49,111,0,,,,,1,GRT Grasser Racing Team,GTD,,,Lamborghini Huracan GT3,M,970,325,4,13,1609,3,,9513,,,Marco,Mapelli,Gold,,ITA,,1283,,Gold,,,Steijn,Schothorst,Silver,,NLD,,2008,,Silver,,,Rolf,Ineichen,Silver,,CHE,,662,,Silver,,,Mirko,Bortolotti,Platinum,,ITA,,1102,,Platinum,,,,,,,,,,,,,,,
50,540,0,,,,,0,BLACK SWAN RACING,GTD,,,Porsche 911 GT3R,M,945,30,4,93,112,3,,9480,,,Patrick,Lindsey,Silver,,USA,,697,6,Silver,,,Patrick,Pilet,Platinum,,FRA,,287,,Platinum,,,Tim,Pappas,Bronze,,USA,,1158,,Bronze,,,,,,,,,,,,,,,,,,,,,
