﻿POS,NUMBER,LAP,TIME,GAP_FIRST,GAP_PREVIOUS,KPH, LAPS,TEAM,CLASS,GROUP,DIVISION,VEHICLE,TIRES,IMSA_CarId,IMSA_TeamId,IMSA_ClassId,IMSA_CarTypeId,IMSA_ManufacturerId,IMSA_TireId,IMSA_SponsorId,IMSA_EventEntryId,*Extra 9,*Extra 10,DRIVER1_FIRSTNAME,DRIVER1_SECONDNAME,DRIVER1_LICENSE,DRIVER1_HOMETOWN,DRIVER1_COUNTRY,DRIVER1_SHORTNAME,DRIVER1_IMSA_DriverId,DRIVER1_IMSA_DriverPlugId,DRIVER1_IMSA_DriverRatingLong,DRIVER1_*Extra 4,DRIVER1_*Extra 5,DRIVER2_FIRSTNAME,DRIVER2_SECONDNAME,DRIVER2_LICENSE,DRIVER2_HOMETOWN,DRIVER2_COUNTRY,DRIVER2_SHORTNAME,DRIVER2_IMSA_DriverId,DRIVER2_IMSA_DriverPlugId,DRIVER2_IMSA_DriverRatingLong,DRIVER2_*Extra 4,DRIVER2_*Extra 5,DRIVER3_FIRSTNAME,DRIVER3_SECONDNAME,DRIVER3_LICENSE,DRIVER3_HOMETOWN,DRIVER3_COUNTRY,DRIVER3_SHORTNAME,DRIVER3_IMSA_DriverId,DRIVER3_IMSA_DriverPlugId,DRIVER3_IMSA_DriverRatingLong,DRIVER3_*Extra 4,DRIVER3_*Extra 5,DRIVER4_FIRSTNAME,DRIVER4_SECONDNAME,DRIVER4_LICENSE,DRIVER4_HOMETOWN,DRIVER4_COUNTRY,DRIVER4_SHORTNAME,DRIVER4_IMSA_DriverId,DRIVER4_IMSA_DriverPlugId,DRIVER4_IMSA_DriverRatingLong,DRIVER4_*Extra 4,DRIVER4_*Extra 5,DRIVER5_FIRSTNAME,DRIVER5_SECONDNAME,DRIVER5_LICENSE,DRIVER5_HOMETOWN,DRIVER5_COUNTRY,DRIVER5_SHORTNAME,DRIVER5_IMSA_DriverId,DRIVER5_IMSA_DriverPlugId,DRIVER5_IMSA_DriverRatingLong,DRIVER5_*Extra 4,DRIVER5_*Extra 5,DRIVER6_FIRSTNAME,DRIVER6_SECONDNAME,DRIVER6_LICENSE,DRIVER6_HOMETOWN,DRIVER6_COUNTRY,DRIVER6_SHORTNAME,DRIVER6_IMSA_DriverId,DRIVER6_IMSA_DriverPlugId,DRIVER6_IMSA_DriverRatingLong,DRIVER6_*Extra 4,DRIVER6_*Extra 5,
1,31,5,1:34.311,-,-,218.7,7,Whelen Engineering Racing,DPi,,,Cadillac DPi,M,741,159,27,49,7646,3,,9503,,,Felipe,Nasr,Platinum,,BRA,,1598,1,Platinum,,,Mike,Conway,Platinum,,GBR,,1254,2,Platinum,,,,,,,,,,,,,,,,,,,,,,,,,,,
2,55,6,1:34.442,+0.131,+0.131,218.4,7,Mazda Motorsports,DPi,,,Mazda DPi,M,858,4,27,48,110,3,,9452,,,Oliver,Jarvis,Platinum,,GBR,,1999,1,Platinum,,,Harry,Tincknell,Platinum,,GBR,,1288,2,Platinum,,,,,,,,,,,,,,,,,,,,,,,,,,,
3,5,5,1:34.485,+0.174,+0.043,218.3,8,Mustang Sampling / JDC-Miller MotorSports,DPi,,,Cadillac DPi,M,758,270,27,49,7646,3,,9459,,,Tristan,Vautier,Gold,,FRA,,635,1,Gold,,,Loic,Duval,Platinum,,FRA,,1274,2,Platinum,,,,,,,,,,,,,,,,,,,,,,,,,,,
4,01,7,1:34.514,+0.203,+0.029,218.2,9,Cadillac Chip Ganassi Racing,DPi,,,Cadillac DPi,M,943,339,27,49,7646,3,,9478,,,Renger,van der Zande,Gold,,NLD,,1998,1,Gold,,,Kevin,Magnussen,Platinum,,DNK,,2411,2,Platinum,,,,,,,,,,,,,,,,,,,,,,,,,,,
5,10,9,1:34.706,+0.395,+0.192,217.8,9,Konica Minolta Acura ARX-05,DPi,,,Acura DPi,M,948,81,27,65,7641,3,,9483,,,Ricky,Taylor,Platinum,,USA,,608,1,Platinum,,,Filipe,Albuquerque,Platinum,,PRT,,1194,2,Platinum,,,,,,,,,,,,,,,,,,,,,,,,,,,
6,60,7,1:34.897,+0.586,+0.191,217.3,9,Meyer Shank Racing w/Curb-Agajanian,DPi,,,Acura DPi,M,947,3,27,65,7641,3,,9482,,,Dane,Cameron,Gold,,USA,,54,1,Gold,,,Olivier,Pla,Platinum,,FRA,,2409,2,Platinum,,,,,,,,,,,,,,,,,,,,,,,,,,,
7,48,7,1:35.688,+1.377,+0.791,215.5,9,Ally Cadillac Racing,DPi,,,Cadillac DPi,M,963,344,27,49,7646,3,,9502,,,Jimmie,Johnson,Platinum,,USA,,2244,1,,,,Kamui,Kobayashi,Platinum,,JPN,,1778,2,Platinum,,,,,,,,,,,,,,,,,,,,,,,,,,,
8,52,8,1:37.368,+3.057,+1.680,211.8,9,PR1 Mathiasen Motorsports,LMP2,,,ORECA LMP2 07,M,776,16,28,85,7637,3,,9500,,,Ben,Keating,Bronze,,USA,,378,1,Bronze,,,Mikkel,Jensen,Silver,,DNK,,2088,2,Silver,,,,,,,,,,,,,,,,,,,,,,,,,,,
9,20,5,1:38.532,+4.221,+1.164,209.3,9,High Class Racing,LMP2,,,ORECA LMP2 07,M,968,348,28,85,7637,3,,9511,,,Dennis,Andersen,Bronze,,DNK,,2406,1,Bronze,,,Ferdinand,Habsburg-Lothringen,Gold,,AUT,,1610,2,Gold,,,,,,,,,,,,,,,,,,,,,,,,,,,
10,47,8,1:38.573,+4.262,+0.041,209.2,9,Cetilar Racing,LMP2,,,Dallara LMP2,M,935,337,28,103,7664,3,,9466,,,Roberto,Lacorte,Bronze,,ITA,,2452,1,Bronze,,,Antonio,Fuoco,Gold,,ITA,,2306,,Gold,,,,,,,,,,,,,,,,,,,,,,,,,,,
11,8,5,1:39.117,+4.806,+0.544,208.1,7,Tower Motorsport,LMP2,,,ORECA LMP2 07,M,973,352,28,85,7637,3,,9518,,,John,Farano,Bronze,,CAN,,441,1,Bronze,,,Gabriel,Aubry,Gold,,FRA,,1769,2,Gold,,,,,,,,,,,,,,,,,,,,,,,,,,,
12,51,8,1:39.181,+4.870,+0.064,208.0,9,RWR-Eurasia,LMP2,,,Ligier  LMP2,M,936,338,28,52,7650,3,,9467,,,Cody,Ware,Silver,,USA,,808,1,Silver,,,Salih,Yoluc,Bronze,,TUR,,2450,2,Bronze,,,,,,,,,,,,,,,,,,,,,,,,,,,
13,11,8,1:39.332,+5.021,+0.151,207.6,9,WIN Autosport,LMP2,,,ORECA LMP2 07,M,942,183,28,85,7637,3,,9475,,,Steven,Thomas,Bronze,,USA,,1919,1,Bronze,,,Tristan,Nunez,Gold,,USA,,169,2,Gold,,,,,,,,,,,,,,,,,,,,,,,,,,,
14,29,9,1:39.424,+5.113,+0.092,207.4,9,Racing Team Nederland,LMP2,,,ORECA LMP2 07,M,927,335,28,85,7637,3,,9451,,,Frits,Van Eerd,Bronze,,NLD,,2268,1,Bronze,,,Giedo,van der Garde,Platinum,,NLD,,2423,2,Platinum,,,,,,,,,,,,,,,,,,,,,,,,,,,
15,82,5,1:39.786,+5.475,+0.362,206.7,8,DragonSpeed USA LLC,LMP2,,,ORECA LMP2 07,M,986,305,28,85,7637,3,,9541,,,Eric,Lux,Bronze,,USA,,96,,Bronze,,,Devlin,Defrancesco,Silver,,CAN,,1625,,Silver,,,,,,,,,,,,,,,,,,,,,,,,,,,
16,81,5,1:39.825,+5.514,+0.039,206.6,9,DragonSpeed USA LLC,LMP2,,,ORECA LMP2 07,M,797,305,28,85,7637,3,,9542,,,Rob,Hodes,Bronze,,USA,,1181,,Bronze,,,Garett,Grist,Silver,,CAN,,1388,,Silver,,,,,,,,,,,,,,,,,,,,,,,,,,,
17,18,5,1:40.515,+6.204,+0.690,205.2,8,Era Motorsport,LMP2,,,ORECA LMP2 07,M,761,291,28,85,7637,3,,9508,,,Dwight,Merriman,Bronze,,USA,,1930,1,Bronze,,,Kyle,Tilley,Silver,,GBR,,1079,2,Silver,,,,,,,,,,,,,,,,,,,,,,,,,,,
18,6,7,1:42.384,+8.073,+1.869,201.5,8,Muehlner Motorsports America,LMP3,,,Duqueine D08,M,1036,51,,102,7665,3,,9463,,,Moritz,Kranz,Bronze,,DEU,,1505,2,Bronze,,,Laurents,Hoerr,Silver,,DEU,,2415,3,Silver,,,,,,,,,,,,,,,,,,,,,,,,,,,
19,24,5,1:42.980,+8.669,+0.596,200.3,7,BMW Team RLL,GTLM,,,BMW M8 GTE,M,434,17,3,66,74,3,,9505,,,Augusto,Farfus,Platinum,,BRA,,701,4,Platinum,,,Marco,Wittmann,Platinum,,DEU,,2416,5,Platinum,,,,,,,,,,,,,,,,,,,,,,,,,,,
20,25,5,1:43.343,+9.032,+0.363,199.6,7,BMW Team RLL,GTLM,,,BMW M8 GTE,M,412,17,3,66,74,3,,9504,,,Philipp,Eng,Platinum,,AUT,,883,4,Platinum,,,Timo,Glock,Platinum,,DEU,,2407,5,Platinum,,,,,,,,,,,,,,,,,,,,,,,,,,,
21,7,8,1:43.623,+9.312,+0.280,199.0,8,Forty7 Motorsports,LMP3,,,Duqueine D08,M,1038,193,,102,7665,3,,9530,,,Mark,Kvamme,Bronze,,USA,,2422,2,Bronze,,,Ryan,Norman,Silver,,USA,,2231,3,Silver,,,,,,,,,,,,,,,,,,,,,,,,,,,
22,4,7,1:43.631,+9.320,+0.008,199.0,7,Corvette Racing,GTLM,,,Chevrolet Corvette C8.R,M,749,23,3,83,105,3,,9454,,,Nick,Tandy,Platinum,,GBR,,124,2,Platinum,,,Alexander,Sims,Platinum,,GBR,,1261,3,Platinum,,,,,,,,,,,,,,,,,,,,,,,,,,,
23,38,7,1:43.676,+9.365,+0.045,198.9,7,Performance Tech Motorsports,LMP3,,,Ligier JS P320,M,1037,289,,96,7650,3,,9473,,,Rasmus,Lindh,Silver,,SWE,,2101,2,Silver,,,Cameron,Cassels,Bronze,,CAN,,1001,1,Bronze,,,,,,,,,,,,,,,,,,,,,,,,,,,
24,3,6,1:43.729,+9.418,+0.053,198.8,6,Corvette Racing,GTLM,,,Chevrolet Corvette C8.R,M,748,23,3,83,105,3,,9453,,,Jordan,Taylor,Platinum,,USA,,13,2,Platinum,,,Nicky,Catsburg,Platinum,,NLD,,1113,3,Platinum,,,,,,,,,,,,,,,,,,,,,,,,,,,
25,62,6,1:44.277,+9.966,+0.548,197.8,7,Risi Competizione,GTLM,,,Ferrari 488 GTE,M,26,26,3,8,106,3,,9496,,,James,Calado,Platinum,,GBR,,1096,1,Platinum,,,Alessandro,Pier Guidi,Platinum,,ITA,,2238,2,Platinum,,,,,,,,,,,,,,,,,,,,,,,,,,,
26,54,8,1:44.964,+10.653,+0.687,196.5,8,Core Motorsport,LMP3,,,Ligier JS P320,M,1035,174,,96,7650,3,,9443,,,Jonathan,Bennett,Bronze,,USA,,60,1,Bronze,,,George,Kurtz,Bronze,,USA,,1612,3,Bronze,,,,,,,,,,,,,,,,,,,,,,,,,,,
27,79,7,1:45.336,+11.025,+0.372,195.8,7,WeatherTech Racing,GTLM,,,Porsche 911 RSR - 19,M,983,360,3,87,112,3,,9538,,,Cooper,MacNeil,Silver,,USA,,113,1,Silver,,,Kevin,Estre,Platinum,,FRA,,183,2,Platinum,,,,,,,,,,,,,,,,,,,,,,,,,,,
28,33,8,1:46.721,+12.410,+1.385,193.3,8,Sean Creech Motorsport,LMP3,,,Ligier JS P320,M,1034,286,,96,7650,3,,9442,,,Lance,Willsey,Bronze,,USA,,664,2,Bronze,,,Joao,Barbosa,Gold,,PRT,,182,1,Gold,,,,,,,,,,,,,,,,,,,,,,,,,,,
29,16,7,1:46.831,+12.520,+0.110,193.1,7,Wright Motorsports,GTD,,,Porsche 911 GT3R,M,857,111,4,93,112,3,,9501,,,Ryan,Hardwick,Bronze,,USA,,1256,1,Bronze,,,Patrick,Long,Platinum,,USA,,27,,Platinum,,,,,,,,,,,,,,,,,,,,,,,,,,,
30,21,7,1:47.095,+12.784,+0.264,192.6,9,Af Corse,GTD,,,Ferrari 488 GT3,M,922,333,4,16,106,3,,9447,,,Simon,Mann,Silver,,GBR,,2435,,Silver,,,Nicklas,Nielsen,Gold,,DNK,,2065,,Gold,,,,,,,,,,,,,,,,,,,,,,,,,,,
31,1,5,1:47.182,+12.871,+0.087,192.4,8,Paul Miller Racing,GTD,,,Lamborghini Huracan GT3,M,938,34,4,13,1609,3,,9469,,,Bryan,Sellers,Gold,,USA,,18,1,Gold,,,Madison,Snow,Silver,,USA,,155,2,Silver,,,,,,,,,,,,,,,,,,,,,,,,,,,
32,57,5,1:47.198,+12.887,+0.016,192.4,8,Winward Racing,GTD,,,Mercedes-AMG GT3,M,934,304,4,45,7643,3,,9465,,,Russell,Ward,Silver,,USA,,1252,1,Silver,,,Philip,Ellis,Silver,,CHE,,1936,2,Silver,,,,,,,,,,,,,,,,,,,,,,,,,,,
33,23,5,1:47.224,+12.913,+0.026,192.4,8,Heart Of Racing Team,GTD,,,Aston Martin Vantage GT3,M,767,294,4,18,73,3,,9456,,,Ian,James,Silver,,USA,,453,1,Silver,,,Roman,De Angelis,Silver,,CAN,,1379,2,Silver,,,,,,,,,,,,,,,,,,,,,,,,,,,
34,9,7,1:47.323,+13.012,+0.099,192.2,9,Pfaff Motorsports,GTD,,,Porsche 911 GT3R,M,925,334,4,93,112,3,,9450,,,Zacharie,Robichon,Silver,,CAN,,1176,2,Silver,,,Laurens,Vanthoor,Platinum,,BEL,,1241,5,Platinum,,,,,,,,,,,,,,,,,,,,,,,,,,,
35,111,4,1:47.546,+13.235,+0.223,191.8,7,GRT Grasser Racing Team,GTD,,,Lamborghini Huracan GT3,M,970,325,4,13,1609,3,,9513,,,Rolf,Ineichen,Silver,,CHE,,662,1,Silver,,,Mirko,Bortolotti,Platinum,,ITA,,1102,2,Platinum,,,,,,,,,,,,,,,,,,,,,,,,,,,
36,96,4,1:47.653,+13.342,+0.107,191.6,7,Turner Motorsport,GTD,,,BMW M6 GT3,M,38,38,4,17,74,3,,9485,,,Bill,Auberlen,Gold,,USA,,39,1,Gold,,,Robby,Foley,Silver,,USA,,1302,2,Silver,,,,,,,,,,,,,,,,,,,,,,,,,,,
37,97,5,1:47.710,+13.399,+0.057,191.5,8,TF Sport,GTD,,,Aston Martin Vantage GT3,M,949,340,4,18,73,3,,9484,,,Maxwell,Root,Silver,,USA,,1654,1,Silver,,,Charlie,Eastwood,Gold,,IRL,,2424,2,Gold,,,,,,,,,,,,,,,,,,,,,,,,,,,
38,75,5,1:47.896,+13.585,+0.186,191.2,7,SunEnergy1,GTD,,,Mercedes-AMG GT3,M,242,143,4,45,7643,3,,9520,,,Kenny,Habul,Bronze,,AUS,,1115,1,Bronze,,,Raffaele,Marciello,Platinum,,SWI,,2259,2,Platinum,,,,,,,,,,,,,,,,,,,,,,,,,,,
39,63,7,1:48.019,+13.708,+0.123,190.9,9,Scuderia Corsa,GTD,,,Ferrari 488 GT3,M,37,25,4,16,106,3,,9509,,,Ed,Jones,Gold,,GBR,,2418,2,Gold,,,Bret,Curtis,Bronze,,USA,,126,4,Bronze,,,,,,,,,,,,,,,,,,,,,,,,,,,
40,12,5,1:48.095,+13.784,+0.076,190.8,5,VasserSullivan,GTD,,,Lexus RC F GT3,M,931,336,4,46,7644,3,,9461,,,Zach,Veach,Gold,,USA,,961,2,Gold,,,Robert,Megennis,Silver,,USA,,2412,3,Silver,,,,,,,,,,,,,,,,,,,,,,,,,,,
41,14,5,1:48.208,+13.897,+0.113,190.6,5,VasserSullivan,GTD,,,Lexus RC F GT3,M,930,336,4,46,7644,3,,9460,,,Aaron,Telitz,Silver,,USA,,2230,1,Silver,,,Oliver,Gavin,Platinum,,GBR,,14,4,Platinum,,,,,,,,,,,,,,,,,,,,,,,,,,,
42,42,5,1:48.336,+14.025,+0.128,190.4,6,NTE Sport,GTD,,,Audi R8 LMS GT3,M,974,353,4,12,909,3,,9519,,,Alan,Metni,Bronze,,USA,,1344,1,Bronze,,,Andrew,Davis,Silver,,USA,,329,2,Silver,,,,,,,,,,,,,,,,,,,,,,,,,,,
43,19,7,1:48.575,+14.264,+0.239,190.0,9,GRT Grasser Racing Team,GTD,,,Lamborghini Huracan GT3,M,969,325,4,13,1609,3,,9512,,,Misha,Goikhberg,Silver,,RUS,,168,,Silver,,,Franck,Perera,Platinum,,FRA,,1617,,Platinum,,,,,,,,,,,,,,,,,,,,,,,,,,,
44,44,7,1:48.614,+14.303,+0.039,189.9,7,Magnus with Archangel,GTD,,,Acura NSX GT3,M,961,343,4,43,7641,3,,9499,,,John,Potter,Bronze,,USA,,670,1,Bronze,,,Andy,Lally,Gold,,USA,,25,2,Gold,,,,,,,,,,,,,,,,,,,,,,,,,,,
45,64,4,1:57.513,+23.202,+8.899,175.5,8,TeamTGM,GTD,,,Porsche 911 GT3R,M,946,79,4,93,112,3,,9481,,,Ted,Giovanis,Bronze,,USA,,489,1,,,,Owen,Trinkler,Silver,,USA,,519,5,Silver,,,,,,,,,,,,,,,,,,,,,,,,,,,
46,28,0,,,,,0,Alegra Motorsports,GTD,,,Mercedes-AMG GT3,M,941,122,4,45,7643,3,,9474,,,Daniel,Morad,Silver,,CAN,,1144,2,Silver,,,Michael,de Quesada,Silver,,USA,,1136,4,Silver,,,,,,,,,,,,,,,,,,,,,,,,,,,
47,74,0,,,,,0,Riley Motorsports,LMP3,,,Ligier JS P320,M,1032,35,,96,7650,3,,9440,,,Gar,Robinson,Silver,,USA,,861,1,Silver,,,Spencer,Pigot,Gold,,USA,,243,2,Gold,,,,,,,,,,,,,,,,,,,,,,,,,,,
48,88,0,,+4.983,+0.214,,0,Team Hardpoint EBM,GTD,,,Porsche 911 GT3R,M,966,346,4,93,112,3,,9510,,,Rob,Ferriol,Bronze,,USA,,1589,1,Bronze,,,Earl,Bamber,Platinum,,NZL,,651,2,Platinum,,,,,,,,,,,,,,,,,,,,,,,,,,,
49,91,0,,,,,0,Riley Motorsports,LMP3,,,Ligier JS P320,M,1033,35,,96,7650,3,,9441,,,Jim,Cox,Bronze,,USA,,1248,1,Bronze,,,Dylan,Murry,Silver,,USA,,2233,2,Silver,,,,,,,,,,,,,,,,,,,,,,,,,,,
