﻿POS,NUMBER,LAP,TIME,GAP_FIRST,GAP_PREVIOUS,KPH, LAPS,TEAM,CLASS,GROUP,DIVISION,VEHICLE,TIRES,IMSA_CarId,IMSA_TeamId,IMSA_ClassId,IMSA_CarTypeId,IMSA_ManufacturerId,IMSA_TireId,IMSA_SponsorId,IMSA_EventEntryId,*Extra 9,*Extra 10,DRIVER1_FIRSTNAME,DRIVER1_SECONDNAME,DRIVER1_LICENSE,DRIVER1_HOMETOWN,DRIVER1_COUNTRY,DRIVER1_SHORTNAME,DRIVER1_IMSA_DriverId,DRIVER1_IMSA_DriverPlugId,DRIVER1_IMSA_DriverRatingLong,DRIVER1_*Extra 4,DRIVER1_*Extra 5,DRIVER2_FIRSTNAME,DRIVER2_SECONDNAME,DRIVER2_LICENSE,DRIVER2_HOMETOWN,DRIVER2_COUNTRY,DRIVER2_SHORTNAME,DRIVER2_IMSA_DriverId,DRIVER2_IMSA_DriverPlugId,DRIVER2_IMSA_DriverRatingLong,DRIVER2_*Extra 4,DRIVER2_*Extra 5,DRIVER3_FIRSTNAME,DRIVER3_SECONDNAME,DRIVER3_LICENSE,DRIVER3_HOMETOWN,DRIVER3_COUNTRY,DRIVER3_SHORTNAME,DRIVER3_IMSA_DriverId,DRIVER3_IMSA_DriverPlugId,DRIVER3_IMSA_DriverRatingLong,DRIVER3_*Extra 4,DRIVER3_*Extra 5,DRIVER4_FIRSTNAME,DRIVER4_SECONDNAME,DRIVER4_LICENSE,DRIVER4_HOMETOWN,DRIVER4_COUNTRY,DRIVER4_SHORTNAME,DRIVER4_IMSA_DriverId,DRIVER4_IMSA_DriverPlugId,DRIVER4_IMSA_DriverRatingLong,DRIVER4_*Extra 4,DRIVER4_*Extra 5,DRIVER5_FIRSTNAME,DRIVER5_SECONDNAME,DRIVER5_LICENSE,DRIVER5_HOMETOWN,DRIVER5_COUNTRY,DRIVER5_SHORTNAME,DRIVER5_IMSA_DriverId,DRIVER5_IMSA_DriverPlugId,DRIVER5_IMSA_DriverRatingLong,DRIVER5_*Extra 4,DRIVER5_*Extra 5,DRIVER6_FIRSTNAME,DRIVER6_SECONDNAME,DRIVER6_LICENSE,DRIVER6_HOMETOWN,DRIVER6_COUNTRY,DRIVER6_SHORTNAME,DRIVER6_IMSA_DriverId,DRIVER6_IMSA_DriverPlugId,DRIVER6_IMSA_DriverRatingLong,DRIVER6_*Extra 4,DRIVER6_*Extra 5,
1,31,4,2:07.919,-,-,183.3,7,Whelen Engineering Racing,DPi,,,Cadillac DPi,M,741,159,27,49,7646,3,,11288,,,Felipe,Nasr,Platinum,,BRA,,1598,1,Platinum,,,Pipo,Derani,Platinum,,BRA,,1083,3,Platinum,,,,,,,,,,,,,,,,,,,,,,,,,,,
2,10,3,2:08.677,+0.758,+0.758,182.3,7,Konica Minolta Acura ARX-05,DPi,,,Acura DPi,M,948,81,27,65,7641,3,,11273,,,Ricky,Taylor,Platinum,,USA,,608,1,Platinum,,,Filipe,Albuquerque,Platinum,,PRT,,1194,2,Platinum,,,,,,,,,,,,,,,,,,,,,,,,,,,
3,55,5,2:08.716,+0.797,+0.039,182.2,7,Mazda Motorsports,DPi,,,Mazda DPi,M,858,4,27,48,110,3,,11255,,,Oliver,Jarvis,Platinum,,GBR,,1999,1,Platinum,,,Harry,Tincknell,Platinum,,GBR,,1288,2,Platinum,,,,,,,,,,,,,,,,,,,,,,,,,,,
4,01,3,2:09.194,+1.275,+0.478,181.5,7,Cadillac Chip Ganassi Racing,DPi,,,Cadillac DPi,M,943,339,27,49,7646,3,,11271,,,Renger,van der Zande,Gold,,NLD,,1998,1,Gold,,,Kevin,Magnussen,Platinum,,DNK,,2411,2,Platinum,,,,,,,,,,,,,,,,,,,,,,,,,,,
5,5,3,2:10.497,+2.578,+1.303,179.7,7,Mustang Sampling / JDC-Miller MotorSports,DPi,,,Cadillac DPi,M,1043,367,27,49,7646,3,,11260,,,Tristan,Vautier,Gold,,FRA,,635,1,Gold,,,Loic,Duval,Platinum,,FRA,,1274,2,Platinum,,,,,,,,,,,,,,,,,,,,,,,,,,,
6,60,3,2:10.500,+2.581,+0.003,179.7,5,Meyer Shank Racing w/Curb-Agajanian,DPi,,,Acura DPi,M,947,3,27,65,7641,3,,11272,,,Dane,Cameron,Gold,,USA,,54,1,Gold,,,Olivier,Pla,Platinum,,FRA,,2409,2,Platinum,,,,,,,,,,,,,,,,,,,,,,,,,,,
7,52,5,2:18.511,+10.592,+8.011,169.3,6,PR1 Mathiasen Motorsports,LMP2,,,ORECA LMP2 07,M,776,16,28,85,7637,3,,11285,,,Ben,Keating,Bronze,,USA,,378,1,Bronze,,,Mikkel,Jensen,Silver,,DNK,,2088,2,Silver,,,,,,,,,,,,,,,,,,,,,,,,,,,
8,11,2,2:19.941,+12.022,+1.430,167.6,6,WIN Autosport,LMP2,,,ORECA LMP2 07,M,942,183,28,85,7637,3,,11268,,,Steven,Thomas,Bronze,,USA,,1919,1,Bronze,,,Tristan,Nunez,Gold,,USA,,169,2,Gold,,,,,,,,,,,,,,,,,,,,,,,,,,,
9,8,4,2:24.176,+16.257,+4.235,162.7,6,Tower Motorsport,LMP2,,,ORECA LMP2 07,M,973,352,28,85,7637,3,,11300,,,John,Farano,Bronze,,CAN,,441,1,Bronze,,,Gabriel,Aubry,Gold,,FRA,,1769,2,Gold,,,,,,,,,,,,,,,,,,,,,,,,,,,
10,18,4,2:27.462,+19.543,+3.286,159.0,5,Era Motorsport,LMP2,,,ORECA LMP2 07,M,761,291,28,85,7637,3,,11290,,,Dwight,Merriman,Bronze,,USA,,1930,1,Bronze,,,Ryan,Dalziel,Gold,,GBR,,192,3,Gold,,,,,,,,,,,,,,,,,,,,,,,,,,,
