﻿POS,NUMBER,LAP,TIME,GAP_FIRST,GAP_PREVIOUS,KPH, LAPS,TEAM,CLASS,GROUP,DIVISION,VEHICLE,TIRES,IMSA_CarId,IMSA_TeamId,IMSA_ClassId,IMSA_CarTypeId,IMSA_ManufacturerId,IMSA_TireId,IMSA_SponsorId,IMSA_EventEntryId,*Extra 9,*Extra 10,DRIVER1_FIRSTNAME,DRIVER1_SECONDNAME,DRIVER1_LICENSE,DRIVER1_HOMETOWN,DRIVER1_COUNTRY,DRIVER1_SHORTNAME,DRIVER1_IMSA_DriverId,DRIVER1_IMSA_DriverPlugId,DRIVER1_IMSA_DriverRatingLong,DRIVER1_*Extra 4,DRIVER1_*Extra 5,DRIVER2_FIRSTNAME,DRIVER2_SECONDNAME,DRIVER2_LICENSE,DRIVER2_HOMETOWN,DRIVER2_COUNTRY,DRIVER2_SHORTNAME,DRIVER2_IMSA_DriverId,DRIVER2_IMSA_DriverPlugId,DRIVER2_IMSA_DriverRatingLong,DRIVER2_*Extra 4,DRIVER2_*Extra 5,DRIVER3_FIRSTNAME,DRIVER3_SECONDNAME,DRIVER3_LICENSE,DRIVER3_HOMETOWN,DRIVER3_COUNTRY,DRIVER3_SHORTNAME,DRIVER3_IMSA_DriverId,DRIVER3_IMSA_DriverPlugId,DRIVER3_IMSA_DriverRatingLong,DRIVER3_*Extra 4,DRIVER3_*Extra 5,DRIVER4_FIRSTNAME,DRIVER4_SECONDNAME,DRIVER4_LICENSE,DRIVER4_HOMETOWN,DRIVER4_COUNTRY,DRIVER4_SHORTNAME,DRIVER4_IMSA_DriverId,DRIVER4_IMSA_DriverPlugId,DRIVER4_IMSA_DriverRatingLong,DRIVER4_*Extra 4,DRIVER4_*Extra 5,DRIVER5_FIRSTNAME,DRIVER5_SECONDNAME,DRIVER5_LICENSE,DRIVER5_HOMETOWN,DRIVER5_COUNTRY,DRIVER5_SHORTNAME,DRIVER5_IMSA_DriverId,DRIVER5_IMSA_DriverPlugId,DRIVER5_IMSA_DriverRatingLong,DRIVER5_*Extra 4,DRIVER5_*Extra 5,DRIVER6_FIRSTNAME,DRIVER6_SECONDNAME,DRIVER6_LICENSE,DRIVER6_HOMETOWN,DRIVER6_COUNTRY,DRIVER6_SHORTNAME,DRIVER6_IMSA_DriverId,DRIVER6_IMSA_DriverPlugId,DRIVER6_IMSA_DriverRatingLong,DRIVER6_*Extra 4,DRIVER6_*Extra 5,
1,24,14,1:13.349,-,-,176.8,46,BMW M Team RLL,GTP,,,BMW M Hybrid V8,M,2154,395,44,190,74,3,,16959,,,Jesse,Krohn,Gold,,FIN,,1108,2,Gold,,,Philipp,Eng,Platinum,,AUT,,883,1,Platinum,,,,,,,,,,,,,,,,,,,,,,,,,,,
2,01,37,1:13.573,+0.224,+0.224,176.2,51,Cadillac Racing,GTP,,,Cadillac V-Series.R,M,2709,339,44,200,7646,3,,16960,,,Renger,van der Zande,Platinum,,NLD,,3170,1,Platinum,,,Sebastien,Bourdais,Platinum,,FRA,,602,2,Platinum,,,,,,,,,,,,,,,,,,,,,,,,,,,
3,25,22,1:13.722,+0.373,+0.149,175.9,47,BMW M Team RLL,GTP,,,BMW M Hybrid V8,M,2155,395,44,190,74,3,,16958,,,Connor,De Phillippi,Gold,,USA,,698,2,Gold,,,Nick,Yelloly,Platinum,,GBR,,2205,1,Platinum,,,,,,,,,,,,,,,,,,,,,,,,,,,
4,7,41,1:13.769,+0.420,+0.047,175.8,43,Porsche Penske Motorsport,GTP,,,Porsche 963,M,2190,200,44,193,112,3,,16957,,,Dane,Cameron,Platinum,,USA,,54,1,Platinum,,,Felipe,Nasr,Platinum,,BRA,,1598,2,Platinum,,,,,,,,,,,,,,,,,,,,,,,,,,,
5,6,39,1:13.771,+0.422,+0.002,175.8,52,Porsche Penske Motorsport,GTP,,,Porsche 963,M,2189,200,44,193,112,3,,16956,,,Nick,Tandy,Platinum,,GBR,,124,1,Platinum,,,Mathieu,Jaminet,Platinum,,LUX,,2707,2,Platinum,,,,,,,,,,,,,,,,,,,,,,,,,,,
6,31,44,1:14.019,+0.670,+0.248,175.2,54,Whelen Cadillac Racing,GTP,,,Cadillac V-Series.R,M,2711,344,44,200,7646,3,,16963,,,Pipo,Derani,Platinum,,BRA,,1083,3,Platinum,,,Jack,Aitken,Platinum,,GBR,,2986,4,Platinum,,,,,,,,,,,,,,,,,,,,,,,,,,,
7,10,38,1:14.163,+0.814,+0.144,174.8,48,Wayne Taylor Racing with Andretti,GTP,,,Acura ARX-06,M,2528,277,44,195,7641,3,,16961,,,Ricky,Taylor,Platinum,,USA,,608,1,Platinum,,,Filipe,Albuquerque,Platinum,,PRT,,1194,2,Platinum,,,,,,,,,,,,,,,,,,,,,,,,,,,
8,40,46,1:14.477,+1.128,+0.314,174.1,47,Wayne Taylor Racing with Andretti,GTP,,,Acura ARX-06,M,2529,277,44,195,7641,3,,16962,,,Jordan,Taylor,Platinum,,USA,,13,1,Platinum,,,Louis,Deletraz,Gold,,CHE,,3171,2,Gold,,,,,,,,,,,,,,,,,,,,,,,,,,,
9,85,13,1:14.788,+1.439,+0.311,173.4,48,JDC-Miller MotorSports,GTP,,,Porsche 963,M,2538,15,44,193,112,3,,16964,,,Tijmen,van der Helm,Gold,,NLD,,2687,1,Gold,,,Richard,Westbrook,Platinum,,GBR,,3198,2,Platinum,,,,,,,,,,,,,,,,,,,,,,,,,,,
10,5,62,1:14.824,+1.475,+0.036,173.3,62,Proton Competition Mustang Sampling,GTP,,,Porsche 963,M,2632,536,44,193,112,3,,16965,,,Gianmaria,Bruni,Platinum,,ITA,,22,1,Platinum,,,Bent,Viscaal,Gold,,NLD,,3368,2,Gold,,,,,,,,,,,,,,,,,,,,,,,,,,,
11,14,6,1:20.376,+7.027,+5.552,161.3,41,VasserSullivan,GTDPRO,,,Lexus RC F GT3,M,2537,336,41,46,7644,3,,16955,,,Jack,Hawksworth,Gold,,GBR,,838,2,Gold,,,Ben,Barnicoat,Platinum,,GBR,,2620,1,Platinum,,,,,,,,,,,,,,,,,,,,,,,,,,,
12,4,8,1:20.464,+7.115,+0.088,161.1,38,Corvette Racing by Pratt Miller Motorsports,GTDPRO,,,Chevrolet Corvette Z06 GT3.R,M,2526,23,41,232,105,3,,16952,,,Tommy,Milner,Platinum,,USA,,15,1,Platinum,,,Nicky,Catsburg,Platinum,,NLD,,3183,2,Platinum,,,,,,,,,,,,,,,,,,,,,,,,,,,
13,9,48,1:20.614,+7.265,+0.150,160.8,49,Pfaff Motorsports,GTDPRO,,,McLaren 720S GT3 EVO,M,2520,390,41,81,7651,3,,16948,,,Marvin,Kirchhöfer,Platinum,,CHE,,3010,2,Platinum,,,Oliver,Jarvis,Platinum,,GBR,,350,3,Platinum,,,,,,,,,,,,,,,,,,,,,,,,,,,
14,45,21,1:20.637,+7.288,+0.023,160.8,49,Wayne Taylor Racing with Andretti,GTD,,,Lamborghini Huracan GT3 EVO2,M,2530,277,4,194,1609,3,,16937,,,Kyle,Marcelli,Gold,,CAN,,88,1,Gold,,,Danny,Formal,Silver,,CRI,,2130,2,Silver,,,,,,,,,,,,,,,,,,,,,,,,,,,
15,77,9,1:20.639,+7.290,+0.002,160.8,53,AO Racing,GTDPRO,,,Porsche 911 GT3 R (992),M,2524,466,41,192,112,3,,16950,,,Laurin,Heinrich,Gold,,DEU,,3190,1,Gold,,,Seb,Priaulx,Gold,,GBR,,3176,2,Gold,,,,,,,,,,,,,,,,,,,,,,,,,,,
16,3,42,1:20.797,+7.448,+0.158,160.5,45,Corvette Racing by Pratt Miller Motorsports,GTDPRO,,,Chevrolet Corvette Z06 GT3.R,M,2525,23,41,232,105,3,,16951,,,Antonio,Garcia,Platinum,,ESP,,12,1,Platinum,,,Alexander,Sims,Platinum,,GBR,,1261,2,Platinum,,,,,,,,,,,,,,,,,,,,,,,,,,,
17,1,20,1:20.942,+7.593,+0.145,160.2,44,Paul Miller Racing,GTDPRO,,,BMW M4 GT3,M,2522,34,41,111,74,3,,16949,,,Bryan,Sellers,Gold,,USA,,18,1,Gold,,,Madison,Snow,Gold,,USA,,155,2,Gold,,,,,,,,,,,,,,,,,,,,,,,,,,,
18,86,55,1:21.017,+7.668,+0.075,160.0,55,MDK Motorsports,GTD,,,Porsche 911 GT3 R (992),M,2543,428,4,192,112,3,,16944,,,Kerong,Li,Silver,,CHN,,2627,1,Silver,,,Anders,Fjordbach,Silver,,DNK,,3177,2,Silver,,,,,,,,,,,,,,,,,,,,,,,,,,,
19,78,20,1:21.049,+7.700,+0.032,160.0,45,Forte Racing,GTD,,,Lamborghini Huracan GT3 EVO2,M,2531,499,4,194,1609,3,,16939,,,Misha,Goikhberg,Silver,,CAN,,168,1,Silver,,,Loris,Spinelli,Gold,,ITA,,2901,2,Gold,,,,,,,,,,,,,,,,,,,,,,,,,,,
20,34,24,1:21.068,+7.719,+0.019,159.9,38,Conquest Racing,GTD,,,Ferrari 296 GT3,M,2536,284,4,191,106,3,,16941,,,Manny,Franco,Silver,,USA,,2584,1,Silver,,,Albert,Costa Balboa,Platinum,,ESP,,3213,2,Platinum,,,,,,,,,,,,,,,,,,,,,,,,,,,
21,70,10,1:21.148,+7.799,+0.080,159.8,51,Inception Racing,GTD,B,,McLaren 720S GT3 EVO,M,1520,388,4,81,7651,3,,16942,,,Brendan,Iribe,Bronze,,USA,,2622,1,Bronze,,,Frederik,Schandorff,Gold,,DNK,,3179,2,Gold,,,,,,,,,,,,,,,,,,,,,,,,,,,
22,12,6,1:21.177,+7.828,+0.029,159.7,40,VasserSullivan,GTD,,,Lexus RC F GT3,M,931,336,4,46,7644,3,,16943,,,Frankie,Montecalvo,Silver,,USA,,1279,1,Silver,,,Parker,Thompson,Silver,,CAN,,1877,2,Silver,,,,,,,,,,,,,,,,,,,,,,,,,,,
23,13,6,1:21.249,+7.900,+0.072,159.6,50,AWA,GTD,B,,Chevrolet Corvette Z06 GT3.R,M,2514,217,4,232,105,3,,16933,,,Orey,Fidani,Bronze,,CAN,,973,1,Bronze,,,Matthew,Bell,Gold,,GBR,,424,2,Gold,,,,,,,,,,,,,,,,,,,,,,,,,,,
24,23,7,1:21.361,+8.012,+0.112,159.4,45,Heart of Racing Team,GTDPRO,,,Aston Martin Vantage GT3 Evo,M,2519,294,41,18,73,3,,16947,,,Ross,Gunn,Platinum,,GBR,,1905,1,Platinum,,,Mario,Farnbacher,Gold,,DEU,,3184,3,Gold,,,,,,,,,,,,,,,,,,,,,,,,,,,
25,32,8,1:21.373,+8.024,+0.012,159.3,34,Korthoff/Preston Motorsports,GTD,,,Mercedes-AMG GT3,M,2517,497,4,224,7643,3,,16934,,,Mike,Skeen,Silver,,USA,,830,4,Silver,,,Mikael,Grenier,Gold,,CAN,,1624,3,Gold,,,,,,,,,,,,,,,,,,,,,,,,,,,
26,66,12,1:21.409,+8.060,+0.036,159.3,50,Gradient Racing,GTD,B,,Acura NSX GT3,M,1416,328,4,43,7641,3,,16936,,,Sheena,Monk,Bronze,,USA,,1532,3,Bronze,,,Stevan,McAleer,Gold,,GBR,,460,2,Gold,,,,,,,,,,,,,,,,,,,,,,,,,,,
27,557,33,1:21.450,+8.101,+0.041,159.2,47,Turner Motorsport,GTD,,,BMW M4 GT3,M,2710,38,4,111,74,3,,16938,,,Robby,Foley,Gold,,USA,,1302,2,Gold,,,Patrick,Gallagher,Silver,,USA,,1593,1,Silver,,,,,,,,,,,,,,,,,,,,,,,,,,,
28,64,5,1:21.592,+8.243,+0.142,158.9,42,Ford Multimatic Motorsports,GTDPRO,,,Ford Mustang GT3,M,2527,498,41,231,107,3,,16953,,,Harry,Tincknell,Platinum,,GBR,,1288,1,Platinum,,,Mike,Rockenfeller,Platinum,,CHE,,625,2,Platinum,,,,,,,,,,,,,,,,,,,,,,,,,,,
29,57,37,1:21.670,+8.321,+0.078,158.8,48,WINWARD RACING,GTD,,,Mercedes-AMG GT3,M,2330,304,4,224,7643,3,,16932,,,Russell,Ward,Silver,,USA,,1252,1,Silver,,,Philip,Ellis,Gold,,GBR,,1936,2,Gold,,,,,,,,,,,,,,,,,,,,,,,,,,,
30,43,28,1:21.703,+8.354,+0.033,158.7,50,Andretti Motorsports,GTD,,,Porsche 911 GT3 R (992),M,2533,500,4,192,112,3,,16940,,,Jarett,Andretti,Silver,,USA,,2292,1,Silver,,,Gabby,Chaves,Gold,,USA,,600,2,Gold,,,,,,,,,,,,,,,,,,,,,,,,,,,
31,27,10,1:21.772,+8.423,+0.069,158.6,38,Heart of Racing Team,GTD,,,Aston Martin Vantage GT3 Evo,M,1510,294,4,18,73,3,,16935,,,Roman,De Angelis,Gold,,CAN,,1379,1,Gold,,,Spencer,Pumpelly,Silver,,USA,,64,3,Silver,,,,,,,,,,,,,,,,,,,,,,,,,,,
32,65,16,1:21.788,+8.439,+0.016,158.5,43,Ford Multimatic Motorsports,GTDPRO,,,Ford Mustang GT3,M,2535,498,41,231,107,3,,16954,,,Joey,Hand,Gold,,USA,,37,1,Gold,,,Dirk,Mueller,Platinum,,CHE,,36,2,Platinum,,,,,,,,,,,,,,,,,,,,,,,,,,,
33,120,4,1:21.932,+8.583,+0.144,158.3,53,Wright Motorsports,GTD,,,Porsche 911 GT3 R (992),M,2546,111,4,192,112,3,,16945,,,Adam,Adelson,Silver,,USA,,2868,1,Silver,,,Elliott,Skeer,Silver,,USA,,788,2,Silver,,,,,,,,,,,,,,,,,,,,,,,,,,,
34,55,11,1:21.984,+8.635,+0.052,158.2,50,Proton Competition,GTD,,,Ford Mustang GT3,M,2549,461,4,231,107,3,,16946,,,Giammarco,Levorato,,,ITA,,3257,3,,,,Corey,Lewis,Silver,,USA,,763,4,Silver,,,,,,,,,,,,,,,,,,,,,,,,,,,
