﻿POS,NUMBER,LAP,TIME,GAP_FIRST,GAP_PREVIOUS,KPH, LAPS,TEAM,CLASS,GROUP,DIVISION,VEHICLE,TIRES,IMSA_CarId,IMSA_TeamId,IMSA_ClassId,IMSA_CarTypeId,IMSA_ManufacturerId,IMSA_TireId,IMSA_SponsorId,IMSA_EventEntryId,*Extra 9,*Extra 10,DRIVER1_FIRSTNAME,DRIVER1_SECONDNAME,DRIVER1_LICENSE,DRIVER1_HOMETOWN,DRIVER1_COUNTRY,DRIVER1_SHORTNAME,DRIVER1_IMSA_DriverId,DRIVER1_IMSA_DriverPlugId,DRIVER1_IMSA_DriverRatingLong,DRIVER1_*Extra 4,DRIVER1_*Extra 5,DRIVER2_FIRSTNAME,DRIVER2_SECONDNAME,DRIVER2_LICENSE,DRIVER2_HOMETOWN,DRIVER2_COUNTRY,DRIVER2_SHORTNAME,DRIVER2_IMSA_DriverId,DRIVER2_IMSA_DriverPlugId,DRIVER2_IMSA_DriverRatingLong,DRIVER2_*Extra 4,DRIVER2_*Extra 5,DRIVER3_FIRSTNAME,DRIVER3_SECONDNAME,DRIVER3_LICENSE,DRIVER3_HOMETOWN,DRIVER3_COUNTRY,DRIVER3_SHORTNAME,DRIVER3_IMSA_DriverId,DRIVER3_IMSA_DriverPlugId,DRIVER3_IMSA_DriverRatingLong,DRIVER3_*Extra 4,DRIVER3_*Extra 5,DRIVER4_FIRSTNAME,DRIVER4_SECONDNAME,DRIVER4_LICENSE,DRIVER4_HOMETOWN,DRIVER4_COUNTRY,DRIVER4_SHORTNAME,DRIVER4_IMSA_DriverId,DRIVER4_IMSA_DriverPlugId,DRIVER4_IMSA_DriverRatingLong,DRIVER4_*Extra 4,DRIVER4_*Extra 5,DRIVER5_FIRSTNAME,DRIVER5_SECONDNAME,DRIVER5_LICENSE,DRIVER5_HOMETOWN,DRIVER5_COUNTRY,DRIVER5_SHORTNAME,DRIVER5_IMSA_DriverId,DRIVER5_IMSA_DriverPlugId,DRIVER5_IMSA_DriverRatingLong,DRIVER5_*Extra 4,DRIVER5_*Extra 5,DRIVER6_FIRSTNAME,DRIVER6_SECONDNAME,DRIVER6_LICENSE,DRIVER6_HOMETOWN,DRIVER6_COUNTRY,DRIVER6_SHORTNAME,DRIVER6_IMSA_DriverId,DRIVER6_IMSA_DriverPlugId,DRIVER6_IMSA_DriverRatingLong,DRIVER6_*Extra 4,DRIVER6_*Extra 5,
1,01,47,1:09.040,-,-,213.1,48,Cadillac Racing,DPi,,,Cadillac DPi,M,943,339,27,49,7646,3,41,13846,,,Renger,van der Zande,Gold,,NLD,,1998,1,Gold,,,Sebastien,Bourdais,Platinum,,FRA,,602,2,Platinum,,,Scott,Dixon,Platinum,,NZL,,2699,4,Platinum,,,,,,,,,,,,,,,,,,,,,
2,60,43,1:09.342,+0.302,+0.302,212.2,47,Meyer Shank Racing W/Curb-Agajanian,DPi,,,Acura DPi,M,947,3,27,65,7641,3,34,13845,,,Oliver,Jarvis,Platinum,,GBR,,1999,1,Platinum,,,Tom,Blomqvist,Platinum,,MCO,,1718,2,Platinum,,,Helio,Castroneves,Platinum,,BRA,,1525,3,Platinum,,,,,,,,,,,,,,,,,,,,,
3,48,50,1:09.425,+0.385,+0.083,212.0,53,Ally Cadillac,DPi,,,Cadillac DPi,M,1539,159,27,49,7646,3,6,13841,,,Mike,Rockenfeller,Platinum,,DEU,,625,4,Platinum,,,Kamui,Kobayashi,Platinum,,JPN,,1778,2,Platinum,,,Jimmie,Johnson,Platinum,,USA,,2860,1,Platinum,,,,,,,,,,,,,,,,,,,,,
4,5,51,1:09.438,+0.398,+0.013,211.9,55,JDC Miller MotorSports,DPi,,,Cadillac DPi,M,758,270,27,49,7646,3,20,13843,,,Tristan,Vautier,Gold,,FRA,,635,1,Gold,,,Richard,Westbrook,Platinum,,GBR,,2688,2,Platinum,,,Loic,Duval,Platinum,,FRA,,1274,3,Platinum,,,,,,,,,,,,,,,,,,,,,
5,31,52,1:09.772,+0.732,+0.334,210.9,53,Whelen Engineering Racing,DPi,,,Cadillac DPi,M,741,159,27,49,7646,3,13,13842,,,Olivier,Pla,Platinum,,FRA,,2931,1,Platinum,,,Pipo,Derani,Platinum,,BRA,,1083,3,Platinum,,,Mike,Conway,Platinum,,GBR,,2710,2,Platinum,,,,,,,,,,,,,,,,,,,,,
6,10,42,1:09.858,+0.818,+0.086,210.7,53,Konica Minolta Acura ARX-05,DPi,,,Acura DPi,M,948,81,27,65,7641,3,27,13844,,,Ricky,Taylor,Platinum,,USA,,608,1,Platinum,,,Filipe,Albuquerque,Platinum,,PRT,,1194,2,Platinum,,,Brendon,Hartley,Platinum,,NZL,,304,3,Platinum,,,,,,,,,,,,,,,,,,,,,
7,02,36,1:10.307,+1.267,+0.449,209.3,38,Cadillac Racing,DPi,,,Cadillac DPi,M,1549,339,27,49,7646,3,48,13847,,,Earl,Bamber,Platinum,,NZL,,651,1,Platinum,,,Alex,Lynn,Platinum,,GBR,,1313,2,Platinum,,,Ryan,Hunter-Reay,Platinum,,USA,,81,3,Platinum,,,,,,,,,,,,,,,,,,,,,
8,18,15,1:11.656,+2.616,+1.349,205.4,52,Era Motorsport,LMP2,,,ORECA LMP2 07,M,761,291,28,85,7637,3,61,13849,,,Dwight,Merriman,Bronze,,USA,,1930,1,Bronze,,,Ryan,Dalziel,Gold,,GBR,,192,3,Gold,,,Christian,Rasmussen,Silver,,DNK,,2966,2,Silver,,,,,,,,,,,,,,,,,,,,,
9,81,15,1:11.987,+2.947,+0.331,204.4,22,DragonSpeed USA,LMP2,,,ORECA LMP2 07,M,797,305,28,85,7637,3,89,13853,,,Henrik,Hedman,Bronze,,USA,,1142,1,Bronze,,,Juan Pablo,Montoya,Platinum,,COL,,2889,2,Platinum,,,Sebastian,Montoya,Silver,,COL,,2888,3,Silver,,,,,,,,,,,,,,,,,,,,,
10,20,54,1:11.991,+2.951,+0.004,204.4,62,High Class Racing,LMP2,,,ORECA LMP2 07,M,968,348,28,85,7637,3,55,13848,,,Dennis,Andersen,Bronze,,DNK,,2737,1,Bronze,,,Anders,Fjordbach,Silver,,DNK,,2718,2,Silver,,,Fabio,Scherer,Gold,,CHE,,2738,3,Gold,,,,,,,,,,,,,,,,,,,,,
11,8,29,1:12.132,+3.092,+0.141,204.0,48,Tower Motorsport,LMP2,,,ORECA LMP2 07,M,973,352,28,85,7637,3,82,13852,,,John,Farano,Bronze,,CAN,,441,1,Bronze,,,Louis,Deletraz,Gold,,CHE,,2701,2,Gold,,,Rui,Pinto de Andrade,Silver,,PRT,,2764,3,Silver,,,,,,,,,,,,,,,,,,,,,
12,11,47,1:12.254,+3.214,+0.122,203.7,54,PR1 Mathiasen Motorsports,LMP2,,,ORECA LMP2 07,M,1556,16,28,85,7637,3,68,13850,,,Steven,Thomas,Bronze,,USA,,1919,1,Bronze,,,Josh,Pierson,Silver,,USA,,2761,3,Silver,,,Tristan,Nunez,Gold,,USA,,169,2,Gold,,,,,,,,,,,,,,,,,,,,,
13,52,3,1:14.894,+5.854,+2.640,196.5,4,PR1 Mathiasen Motorsports,LMP2,,,ORECA LMP2 07,M,776,16,28,85,7637,3,75,13851,,,Ben,Keating,Bronze,,USA,,378,1,Bronze,,,Mikkel,Jensen,Gold,,DNK,,2714,2,Gold,,,Scott,Huffaker,Silver,,USA,,1852,3,Silver,,,,,,,,,,,,,,,,,,,,,
14,74,7,1:15.569,+6.529,+0.675,194.7,50,Riley Motorsports,LMP3,,,Ligier JS P320,M,1606,35,36,96,7650,3,124,13858,,,Gar,Robinson,Silver,,USA,,861,1,Silver,,,Felipe,Fraga,Gold,,BRA,,1750,2,Gold,,,Kay,van Berlo,Silver,,NLD,,1759,3,Silver,,,,,,,,,,,,,,,,,,,,,
15,36,6,1:15.798,+6.758,+0.229,194.1,47,Andretti Autosport,LMP3,,,Ligier JS P320,M,1681,357,36,96,7650,3,138,13860,,,Jarett,Andretti,Silver,,USA,,2292,3,Silver,,,Gabby,Chaves,Gold,,COL,,600,4,Gold,,,Josh,Burdon,Silver,,AUS,,2748,2,Silver,,,,,,,,,,,,,,,,,,,,,
16,30,5,1:16.260,+7.220,+0.462,193.0,38,Jr III Racing,LMP3,,,Ligier JS P320,M,1498,283,34,96,7650,3,117,13857,,,Ari,Balogh,Bronze,,USA,,1081,1,Bronze,,,Garett,Grist,Gold,,CAN,,1388,2,Gold,,,Nolan,Siegel,Silver,,USA,,2794,4,Silver,,,,,,,,,,,,,,,,,,,,,
17,13,14,1:16.321,+7.281,+0.061,192.8,50,AWA,LMP3,,,Duqueine D08,M,1675,217,36,105,7665,3,110,13856,,,Orey,Fidani,Bronze,,CAN,,973,3,Bronze,,,Matthew,Bell,Silver,,GBR,,424,4,Silver,,,Lars,Kern,Silver,,DEU,,1785,1,Silver,,,,,,,,,,,,,,,,,,,,,
18,33,5,1:16.560,+7.520,+0.239,192.2,47,Sean Creech Motorsport,LMP3,,,Ligier JS P320,M,1603,286,36,96,7650,3,96,13854,,,Joao,Barbosa,Gold,,PRT,,182,1,Gold,,,Malthe,Jakobsen,Silver,,DNK,,2782,4,Silver,,,Nico,Pino,Silver,,CHL,,2770,2,Silver,,,,,,,,,,,,,,,,,,,,,
19,38,16,1:17.445,+8.405,+0.885,190.0,41,Performance Tech Motorsports,LMP3,,,Ligier JS P320,M,1678,289,36,96,7650,3,131,13859,,,Dan,Goldburg,Bronze,,USA,,1915,1,Bronze,,,Cameron,Shields,Silver,,AUS,,2696,3,Silver,,,Tyler,Maxson,Silver,,USA,,2151,2,Silver,,,,,,,,,,,,,,,,,,,,,
20,76,20,1:17.793,+8.753,+0.348,189.2,42,AWA,LMP3,,,Duqueine D08,M,2132,217,36,105,7665,3,145,13861,,,Anthony,Mantella,Bronze,,CAN,,2682,2,Bronze,,,Kyle,Marcelli,Gold,,CAN,,88,1,Gold,,,Josh,Sarchet,Bronze,,USA,,2777,3,Bronze,,,,,,,,,,,,,,,,,,,,,
21,54,8,1:18.107,+9.067,+0.314,188.4,42,CORE Autosport,LMP3,,,Ligier JS P320,M,1674,174,36,96,7650,3,103,13855,,,Jon,Bennett,Bronze,,USA,,60,1,Bronze,,,Colin,Braun,Gold,,USA,,61,2,Gold,,,George,Kurtz,Bronze,,USA,,1612,3,Bronze,,,,,,,,,,,,,,,,,,,,,
22,14,37,1:18.912,+9.872,+0.805,186.5,38,VasserSullivan,GTDPRO,,,Lexus RC F GT3,M,1550,336,41,46,7644,3,166,13864,,,Jack,Hawksworth,Gold,,GBR,,838,2,Gold,,,Ben,Barnicoat,Platinum,,GBR,,2620,1,Platinum,,,Kyle,Kirkwood,Silver,,USA,,1755,3,Silver,,,,,,,,,,,,,,,,,,,,,
23,25,30,1:19.557,+10.517,+0.645,185.0,46,BMW M Team RLL,GTDPRO,,,BMW M4 GT3,M,1565,395,41,111,74,3,180,13866,,,Connor,De Phillippi,Gold,,USA,,698,2,Gold,,,John,Edwards,Platinum,,USA,,942,3,Platinum,,,Jesse,Krohn,Gold,,FIN,,2695,1,Gold,,,,,,,,,,,,,,,,,,,,,
24,3,51,1:19.718,+10.678,+0.161,184.6,51,Corvette Racing,GTDPRO,,,Chevrolet Corvette C8.R GTD,M,1537,23,41,110,105,3,159,13863,,,Antonio,Garcia,Platinum,,ESP,,2726,1,Platinum,,,Jordan,Taylor,Platinum,,USA,,13,2,Platinum,,,Nicky,Catsburg,Platinum,,NLD,,1113,3,Platinum,,,,,,,,,,,,,,,,,,,,,
25,12,15,1:19.853,+10.813,+0.135,184.3,46,VasserSullivan,GTD,,,Lexus RC F GT3,M,931,336,4,46,7644,3,215,13871,,,Frankie,Montecalvo,Silver,,USA,,1279,1,Silver,,,Aaron,Telitz,Gold,,USA,,2230,2,Gold,,,Richard,Heistand,Bronze,,USA,,1817,3,Bronze,,,,,,,,,,,,,,,,,,,,,
26,1,14,1:19.859,+10.819,+0.006,184.3,46,Paul Miller Racing,GTD,,,BMW M4 GT3,M,1558,34,4,111,74,3,243,13875,,,Bryan,Sellers,Gold,,USA,,18,1,Gold,,,Madison,Snow,Silver,,USA,,155,2,Silver,,,Erik,Johansson,Silver,,SWE,,2503,3,Silver,,,,,,,,,,,,,,,,,,,,,
27,62,49,1:20.038,+10.998,+0.179,183.9,49,Risi Competizione,GTDPRO,,,Ferrari 488 GT3,M,1579,26,41,16,106,3,194,13868,,,Daniel,Serra,Platinum,,BRA,,687,1,Platinum,,,Davide,Rigon,Platinum,,ITA,,679,2,Platinum,,,James,Calado,Platinum,,GBR,,1096,3,Platinum,,,,,,,,,,,,,,,,,,,,,
28,23,44,1:20.078,+11.038,+0.040,183.8,47,Heart of Racing Team,GTDPRO,,,Aston Martin Vantage GT3,M,1559,294,41,18,73,3,173,13865,,,Ross,Gunn,Gold,,GBR,,1905,1,Gold,,,Alex,Riberas,Gold,,ESP,,2006,2,Gold,,,Tom,Gamble,Gold,,GBR,,2619,5,Gold,,,,,,,,,,,,,,,,,,,,,
29,9,47,1:20.175,+11.135,+0.097,183.5,47,Pfaff Motorsports,GTDPRO,,,Porsche 911 GT3R,M,1536,390,41,93,112,3,152,13862,,,Matt,Campbell,Gold,,AUS,,1791,2,Gold,,,Mathieu,Jaminet,Gold,,FRA,,2707,3,Gold,,,Felipe,Nasr,Platinum,,BRA,,1598,4,Platinum,,,,,,,,,,,,,,,,,,,,,
30,57,6,1:20.189,+11.149,+0.014,183.5,50,Winward Racing,GTD,,,Mercedes-AMG GT3,M,2104,304,4,185,7643,3,201,13869,,,Russell,Ward,Silver,,USA,,1252,1,Silver,,,Philip,Ellis,Gold,,CHE,,1936,2,Gold,,,Marvin,Dienst,Silver,,DEU,,2887,3,Silver,,,,,,,,,,,,,,,,,,,,,
31,32,39,1:20.204,+11.164,+0.015,183.5,40,Team Korthoff Motorsports,GTD,,,Mercedes-AMG GT3,M,2110,222,4,185,7643,3,263,13878,,,Mike,Skeen,Silver,,USA,,830,4,Silver,,,Stevan,McAleer,Silver,,GBR,,460,2,Silver,,,Dirk,Mueller,Platinum,,DEU,,36,1,Platinum,,,,,,,,,,,,,,,,,,,,,
32,47,53,1:20.269,+11.229,+0.065,183.3,54,Cetilar Racing,GTD,,,Ferrari 488 GT3,M,1560,337,4,16,106,3,249,13876,,,Roberto,Lacorte,Bronze,,ITA,,2452,1,Bronze,,,Giorgio,Sernagiotto,Silver,,ITA,,2767,2,Silver,,,Ulysse,De Pauw,Silver,,BEL,,2968,3,Silver,,,,,,,,,,,,,,,,,,,,,
33,21,25,1:20.292,+11.252,+0.023,183.3,57,AF CORSE,GTD,,,Ferrari 488 GT3,M,922,333,4,16,106,3,277,13880,,,Simon,Mann,Silver,,USA,,2435,1,Silver,,,Luis,Perez Companc,Bronze,,ARG,,2719,2,Bronze,,,Toni,Vilander,Platinum,,FIN,,2723,4,Platinum,,,,,,,,,,,,,,,,,,,,,
34,96,46,1:20.299,+11.259,+0.007,183.3,51,Turner Motorsport,GTD,,,BMW M4 GT3,M,1553,38,4,111,74,3,229,13873,,,Robby,Foley,Silver,,USA,,1302,2,Silver,,,Bill,Auberlen,Gold,,USA,,39,1,Gold,,,Michael,Dinan,Silver,,USA,,2775,3,Silver,,,,,,,,,,,,,,,,,,,,,
35,16,40,1:20.311,+11.271,+0.012,183.2,47,Wright Motorsports,GTD,,,Porsche 911 GT3R,M,857,111,4,93,112,3,298,13883,,,Ryan,Hardwick,Bronze,,USA,,1256,1,Bronze,,,Zacharie,Robichon,Silver,,CAN,,1176,2,Silver,,,Jan,Heylen,Gold,,BEL,,184,3,Gold,,,,,,,,,,,,,,,,,,,,,
36,79,49,1:20.439,+11.399,+0.128,182.9,50,WeatherTech Racing,GTDPRO,,,Mercedes-AMG GT3,M,2123,360,41,187,7643,3,187,13867,,,Maximilian,Buhk,Platinum,,DEU,,1751,1,Platinum,,,Mikael,Grenier,Silver,,CAN,,1624,3,Silver,,,Maximilian,Goetz,Platinum,,DEU,,2720,2,Platinum,,,,,,,,,,,,,,,,,,,,,
37,70,54,1:20.659,+11.619,+0.220,182.4,55,inception racing,GTD,,,McLaren 720S GT3,M,1520,388,4,81,7651,3,284,13881,,,Brendan,Iribe,Bronze,,USA,,2622,1,Bronze,,,Jordan,Pepper,Gold,,ZAF,,2716,2,Gold,,,Seb,Priaulx,Silver,,GBR,,2736,3,Silver,,,,,,,,,,,,,,,,,,,,,
38,27,9,1:20.672,+11.632,+0.013,182.4,45,Heart of Racing Team,GTD,,,Aston Martin Vantage GT3,M,1510,294,4,18,73,3,256,13877,,,Roman,De Angelis,Silver,,CAN,,1379,1,Silver,,,Maxime,Martin,Platinum,,BEL,,360,3,Platinum,,,Ian,James,Silver,,USA,,453,2,Silver,,,,,,,,,,,,,,,,,,,,,
39,39,6,1:20.675,+11.635,+0.003,182.4,33,CarBahn with Peregrine Racing,GTD,,,Lamborghini Huracan GT3,M,1540,378,4,13,1609,3,208,13870,,,Robert,Megennis,Silver,,USA,,2412,1,Silver,,,Corey,Lewis,Silver,,USA,,763,2,Silver,,,Jeff,Westphal,Gold,,USA,,682,4,Gold,,,,,,,,,,,,,,,,,,,,,
40,42,5,1:20.723,+11.683,+0.048,182.3,44,NTE/SSR,GTD,,,Lamborghini Huracan GT3,M,1620,413,4,13,1609,3,270,13879,,,Jaden,Conwright,Silver,,USA,,2204,2,Silver,,,Marco,Holzer,Gold,,AUT,,28,4,Gold,,,Don,Yount,Bronze,,USA,,399,1,Bronze,,,,,,,,,,,,,,,,,,,,,
41,66,32,1:20.785,+11.745,+0.062,182.2,53,Gradient Racing,GTD,,,Acura NSX GT3,M,1416,328,4,43,7641,3,222,13872,,,Kyffin,Simpson,Silver,,BRB,,2779,1,Silver,,,Till,Bechtolsheimer,Bronze,,GBR,,1152,3,Bronze,,,Mario,Farnbacher,Gold,,DEU,,2685,2,Gold,,,,,,,,,,,,,,,,,,,,,
42,99,13,1:21.727,+12.687,+0.942,180.1,43,Team Hardpoint,GTD,,,Porsche 911 GT3R,M,1571,399,4,93,112,3,291,13882,,,Rob,Ferriol,Bronze,,USA,,1589,1,Bronze,,,Katherine,Legge,Gold,,GBR,,2305,2,Gold,,,Nick,Boulle,Silver,,USA,,1091,4,Silver,,,,,,,,,,,,,,,,,,,,,
43,44,0,,,,,0,Magnus Racing,GTD,,,Aston Martin Vantage GT3,M,1554,32,4,18,73,3,236,13874,,,John,Potter,Bronze,,USA,,670,1,Bronze,,,Andy,Lally,Gold,,USA,,25,2,Gold,,,Spencer,Pumpelly,Silver,,USA,,64,3,Silver,,,,,,,,,,,,,,,,,,,,,
