﻿POS,NUMBER,LAP,TIME,GAP_FIRST,GAP_PREVIOUS,KPH, LAPS,TEAM,CLASS,GROUP,DIVISION,VEHICLE,TIRES,IMSA_CarId,IMSA_TeamId,IMSA_ClassId,IMSA_CarTypeId,IMSA_ManufacturerId,IMSA_TireId,IMSA_SponsorId,IMSA_EventEntryId,*Extra 9,*Extra 10,DRIVER1_FIRSTNAME,DRIVER1_SECONDNAME,DRIVER1_LICENSE,DRIVER1_HOMETOWN,DRIVER1_COUNTRY,DRIVER1_SHORTNAME,DRIVER1_IMSA_DriverId,DRIVER1_IMSA_DriverPlugId,DRIVER1_IMSA_DriverRatingLong,DRIVER1_*Extra 4,DRIVER1_*Extra 5,DRIVER2_FIRSTNAME,DRIVER2_SECONDNAME,DRIVER2_LICENSE,DRIVER2_HOMETOWN,DRIVER2_COUNTRY,DRIVER2_SHORTNAME,DRIVER2_IMSA_DriverId,DRIVER2_IMSA_DriverPlugId,DRIVER2_IMSA_DriverRatingLong,DRIVER2_*Extra 4,DRIVER2_*Extra 5,DRIVER3_FIRSTNAME,DRIVER3_SECONDNAME,DRIVER3_LICENSE,DRIVER3_HOMETOWN,DRIVER3_COUNTRY,DRIVER3_SHORTNAME,DRIVER3_IMSA_DriverId,DRIVER3_IMSA_DriverPlugId,DRIVER3_IMSA_DriverRatingLong,DRIVER3_*Extra 4,DRIVER3_*Extra 5,DRIVER4_FIRSTNAME,DRIVER4_SECONDNAME,DRIVER4_LICENSE,DRIVER4_HOMETOWN,DRIVER4_COUNTRY,DRIVER4_SHORTNAME,DRIVER4_IMSA_DriverId,DRIVER4_IMSA_DriverPlugId,DRIVER4_IMSA_DriverRatingLong,DRIVER4_*Extra 4,DRIVER4_*Extra 5,DRIVER5_FIRSTNAME,DRIVER5_SECONDNAME,DRIVER5_LICENSE,DRIVER5_HOMETOWN,DRIVER5_COUNTRY,DRIVER5_SHORTNAME,DRIVER5_IMSA_DriverId,DRIVER5_IMSA_DriverPlugId,DRIVER5_IMSA_DriverRatingLong,DRIVER5_*Extra 4,DRIVER5_*Extra 5,DRIVER6_FIRSTNAME,DRIVER6_SECONDNAME,DRIVER6_LICENSE,DRIVER6_HOMETOWN,DRIVER6_COUNTRY,DRIVER6_SHORTNAME,DRIVER6_IMSA_DriverId,DRIVER6_IMSA_DriverPlugId,DRIVER6_IMSA_DriverRatingLong,DRIVER6_*Extra 4,DRIVER6_*Extra 5,
1,01,19,1:34.732,-,-,217.7,26,Cadillac Racing,DPi,,,Cadillac DPi,M,943,339,27,49,7646,3,,12345,,,Renger,van der Zande,Gold,,NLD,,1998,1,Gold,,,Sebastien,Bourdais,Platinum,,FRA,,602,2,Platinum,,,Scott,Dixon,Platinum,,NZL,,2699,4,Platinum,,,Alex,Palou,Gold,,ESP,,2697,3,Gold,,,,,,,,,,,,,,,
2,5,20,1:35.095,+0.363,+0.363,216.9,26,JDC Miller MotorSports,DPi,,,Cadillac DPi,M,758,270,27,49,7646,3,,12342,,,Tristan,Vautier,Gold,,FRA,,635,1,Gold,,,Richard,Westbrook,Platinum,,GBR,,2688,2,Platinum,,,Loic,Duval,Platinum,,FRA,,1274,3,Platinum,,,Ben,Keating,Bronze,,USA,,378,4,Bronze,,,,,,,,,,,,,,,
3,48,18,1:35.235,+0.503,+0.140,216.6,25,Ally Cadillac,DPi,,,Cadillac DPi,M,1539,159,27,49,7646,3,,12340,,,Mike,Rockenfeller,Platinum,,DEU,,625,4,Platinum,,,Kamui,Kobayashi,Platinum,,JPN,,1778,2,Platinum,,,Jimmie,Johnson,Platinum,,USA,,2244,1,Platinum,,,Jose Maria,Lopez,Platinum,,ARG,,2765,3,Platinum,,,,,,,,,,,,,,,
4,02,16,1:35.587,+0.855,+0.352,215.8,25,Cadillac Racing,DPi,,,Cadillac DPi,M,1549,339,27,49,7646,3,,12346,,,Earl,Bamber,Platinum,,NZL,,651,1,Platinum,,,Alex,Lynn,Platinum,,GBR,,1313,2,Platinum,,,Marcus,Ericsson,Platinum,,SWE,,2689,3,Platinum,,,Kevin,Magnussen,Platinum,,DNK,,2411,4,Platinum,,,,,,,,,,,,,,,
5,31,11,1:35.959,+1.227,+0.372,214.9,27,Whelen Engineering Racing,DPi,,,Cadillac DPi,M,741,159,27,49,7646,3,,12341,,,Pipo,Derani,Platinum,,BRA,,1083,3,Platinum,,,Tristan,Nunez,Gold,,USA,,169,1,Gold,,,Mike,Conway,Platinum,,GBR,,2710,2,Platinum,,,,,,,,,,,,,,,,,,,,,
6,10,23,1:36.049,+1.317,+0.090,214.7,24,Konica Minolta Acura ARX-05,DPi,,,Acura DPi,M,948,81,27,65,7641,3,,12343,,,Ricky,Taylor,Platinum,,USA,,608,1,Platinum,,,Filipe,Albuquerque,Platinum,,PRT,,1194,2,Platinum,,,Alexander,Rossi,Platinum,,USA,,599,3,Platinum,,,Will,Stevens,Platinum,,GBR,,2698,4,Platinum,,,,,,,,,,,,,,,
7,60,13,1:36.347,+1.615,+0.298,214.1,14,Meyer Shank Racing W/Curb-Agajanian,DPi,,,Acura DPi,M,947,3,27,65,7641,3,,12344,,,Oliver,Jarvis,Platinum,,GBR,,1999,1,Platinum,,,Tom,Blomqvist,Platinum,,MCO,,1718,2,Platinum,,,Helio,Castroneves,Platinum,,BRA,,1525,3,Platinum,,,Simon,Pagenaud,Platinum,,FRA,,3,4,Platinum,,,,,,,,,,,,,,,
8,22,11,1:37.639,+2.907,+1.292,211.2,17,United Autosports,LMP2,,,ORECA LMP2 07,M,1355,370,28,85,7637,3,,12212,,,James,McGuire,Bronze,,USA,,921,1,Bronze,,,Guy,Smith,Gold,,GBR,,2683,2,Gold,,,Phil,Hanson,Gold,,GBR,,2754,3,Gold,,,Will,Owen,Silver,,USA,,1411,4,Silver,,,,,,,,,,,,,,,
9,8,17,1:37.689,+2.957,+0.050,211.1,22,Tower Motorsport,LMP2,,,ORECA LMP2 07,M,973,352,28,85,7637,3,,12213,,,John,Farano,Bronze,,CAN,,441,1,Bronze,,,Louis,Deletraz,Gold,,CHE,,2701,2,Gold,,,Rui,Pinto de Andrade,Silver,,PRT,,2764,3,Silver,,,Ferdinand,Habsburg-Lothringen,Gold,,AUT,,2781,4,Gold,,,,,,,,,,,,,,,
10,11,21,1:37.864,+3.132,+0.175,210.8,21,PR1 Mathiasen Motorsports,LMP2,,,ORECA LMP2 07,M,1556,16,28,85,7637,3,,12208,,,Steven,Thomas,Bronze,,USA,,1919,1,Bronze,,,Josh,Pierson,Silver,,USA,,2761,4,Silver,,,Jonathan,Bomarito,Gold,,USA,,309,2,Gold,,,Harry,Tincknell,Platinum,,GBR,,1288,3,Platinum,,,,,,,,,,,,,,,
11,52,17,1:37.938,+3.206,+0.074,210.6,22,PR1 Mathiasen Motorsports,LMP2,,,ORECA LMP2 07,M,776,16,28,85,7637,3,,12209,,,Ben,Keating,Bronze,,USA,,378,1,Bronze,,,Mikkel,Jensen,Gold,,DNK,,2714,2,Gold,,,Scott,Huffaker,Silver,,USA,,1852,3,Silver,,,Nicolas,Lapierre,Platinum,,CHE,,1143,4,Platinum,,,,,,,,,,,,,,,
12,29,16,1:38.186,+3.454,+0.248,210.1,22,Racing Team Nederland,LMP2,,,ORECA LMP2 07,M,927,335,28,85,7637,3,,12215,,,Frits,Van Eerd,Bronze,,NLD,,2268,1,Bronze,,,Giedo,van der Garde,Platinum,,NLD,,2715,2,Platinum,,,Dylan,Murry,Silver,,USA,,1571,3,Silver,,,Rinus,Veekay,Gold,,NLD,,2420,4,Gold,,,,,,,,,,,,,,,
13,69,21,1:38.214,+3.482,+0.028,210.0,26,G-Drive Racing By APR,LMP2,,,ORECA LMP2 07,M,1570,398,28,85,7637,3,,12210,,,John,Falb,Bronze,,USA,,725,1,Bronze,,,James,Allen,Gold,,AUS,,2734,2,Gold,,,Luca,Ghiotto,Platinum,,ITA,,2757,3,Platinum,,,Tijmen,van der Helm,Silver,,NLD,,2687,4,Silver,,,,,,,,,,,,,,,
14,81,10,1:38.286,+3.554,+0.072,209.9,26,DragonSpeed USA,LMP2,,,ORECA LMP2 07,M,797,305,28,85,7637,3,,12214,,,Eric,Lux,Bronze,,USA,,96,1,Bronze,,,Devlin,Defrancesco,Silver,,USA,,1625,2,Silver,,,Patricio,O'Ward,Gold,,MEX,,1132,3,Gold,,,Colton,Herta,Gold,,USA,,1602,4,Gold,,,,,,,,,,,,,,,
15,18,7,1:38.362,+3.630,+0.076,209.7,7,Era Motorsport,LMP2,,,ORECA LMP2 07,M,761,291,28,85,7637,3,,12207,,,Dwight,Merriman,Bronze,,USA,,1930,1,Bronze,,,Kyle,Tilley,Silver,,GBR,,1079,2,Silver,,,Ryan,Dalziel,Gold,,GBR,,192,3,Gold,,,Paul-Loup,Chatin,Gold,,FRA,,2401,4,Gold,,,,,,,,,,,,,,,
16,20,14,1:39.046,+4.314,+0.684,208.2,14,High Class Racing,LMP2,,,ORECA LMP2 07,M,968,348,28,85,7637,3,,12206,,,Dennis,Andersen,Bronze,,DNK,,2737,1,Bronze,,,Anders,Fjordbach,Silver,,DNK,,2718,2,Silver,,,Fabio,Scherer,Gold,,CHE,,2738,3,Gold,,,Nico,Mueller,Platinum,,CHE,,2706,4,Platinum,,,,,,,,,,,,,,,
17,68,19,1:39.359,+4.627,+0.313,207.6,23,G-Drive Racing By APR,LMP2,,,ORECA LMP2 07,M,1573,398,28,85,7637,3,,12211,,,Francois,Heriau,Bronze,,FRA,,2749,1,Bronze,,,Oliver,Rasmussen,Silver,,FRA,,2751,2,Silver,,,Ed,Jones,Gold,,ARE,,2418,3,Gold,,,Rene,Rast,Platinum,,AUT,,674,4,Platinum,,,,,,,,,,,,,,,
18,36,16,1:43.594,+8.862,+4.235,199.1,21,Andretti Autosport,LMP3,,,Ligier JS P320,M,1611,357,36,96,7650,3,,12224,,,Jarett,Andretti,Silver,,USA,,2292,1,Silver,,,Josh,Burdon,Silver,,AUS,,2748,2,Silver,,,Rasmus,Lindh,Silver,,SWE,,2101,3,Silver,,,Gabby,Chaves,Gold,,COL,,600,4,Gold,,,,,,,,,,,,,,,
19,6,5,1:44.384,+9.652,+0.790,197.6,17,Muehlner Motorsports America,LMP3,,,Duqueine D08,M,1610,51,36,105,7665,3,,12223,,,Efrin,Castro,Bronze,,DOM,,1857,1,Bronze,,,Moritz,Kranz,Silver,,DEU,,1505,2,Silver,,,Ayrton,Ori,Silver,,USA,,2261,5,Silver,,,Joel,Miller,Gold,,USA,,634,4,Gold,,,,,,,,,,,,,,,
20,26,16,1:44.465,+9.733,+0.081,197.4,24,Muehlner Motorsports America,LMP3,,,Duqueine D08,M,1609,51,36,105,7665,3,,12222,,,Nolan,Siegel,Silver,,USA,,2794,1,Silver,,,Cameron,Shields,Silver,,AUS,,2696,2,Silver,,,CR,Crews,Bronze,,USA,,1922,3,Bronze,,,Ugo,de Wilde,Gold,,BEL,,2610,4,Gold,,,,,,,,,,,,,,,
21,7,14,1:44.605,+9.873,+0.140,197.2,15,Forty7 Motorsports,LMP3,,,Duqueine D08,M,1667,193,36,105,7665,3,,12221,,,Mark,Kvamme,Bronze,,USA,,2422,1,Bronze,,,Austin,McCusker,Silver,,USA,,1586,2,Silver,,,Trenton,Estep,Silver,,USA,,1353,3,Silver,,,Antoine,Doquin,Silver,,FRA,,2784,4,Silver,,,,,,,,,,,,,,,
22,33,12,1:44.879,+10.147,+0.274,196.7,17,Sean Creech Motorsport,LMP3,,,Ligier JS P320,M,1603,286,36,96,7650,3,,12216,,,Joao,Barbosa,Gold,,PRT,,182,1,Gold,,,Malthe,Jakobsen,Silver,,DNK,,2782,4,Silver,,,Seb,Priaulx,Silver,,GBR,,2736,3,Silver,,,Lance,Willsey,Bronze,,USA,,664,2,Bronze,,,,,,,,,,,,,,,
23,13,7,1:45.229,+10.497,+0.350,196.0,23,AWA,LMP3,,,Duqueine D08,M,1605,217,36,105,7665,3,,12218,,,Orey,Fidani,Bronze,,CAN,,973,3,Bronze,,,Kuno,Wittmer,Gold,,CAN,,237,2,Gold,,,Lars,Kern,Silver,,DEU,,1785,1,Silver,,,Matthew,Bell,Silver,,GBR,,424,4,Silver,,,,,,,,,,,,,,,
24,63,13,1:46.085,+11.353,+0.856,194.4,14,TR3 Racing,GTDPRO,,,Lamborghini Huracan GT3,M,1563,373,41,13,1609,3,,12230,,,Rolf,Ineichen,Silver,,CHE,,2763,1,Silver,,,Marco,Mapelli,Platinum,,ITA,,2700,2,Platinum,,,Andrea,Caldarelli,Platinum,,ITA,,1228,3,Platinum,,,Mirko,Bortolotti,Platinum,,ITA,,1102,4,Platinum,,,,,,,,,,,,,,,
25,79,12,1:46.334,+11.602,+0.249,194.0,24,WeatherTech Racing,GTDPRO,,,Porsche 911 GT3R,M,1590,360,41,93,112,3,,12236,,,Cooper,MacNeil,Silver,,USA,,113,1,Silver,,,Julien,Andlauer,Gold,,FRA,,2753,2,Gold,,,Matteo,Cairoli,Gold,,ITA,,1298,3,Gold,,,Alessio,Picariello,Gold,,BEL,,1639,4,Gold,,,,,,,,,,,,,,,
26,14,16,1:46.372,+11.640,+0.038,193.9,24,VasserSullivan,GTDPRO,,,Lexus RC F GT3,M,1550,336,41,46,7644,3,,12227,,,Jack,Hawksworth,Gold,,GBR,,838,2,Gold,,,Ben,Barnicoat,Platinum,,GBR,,2620,1,Platinum,,,Kyle,Kirkwood,Silver,,USA,,1755,3,Silver,,,,,,,,,,,,,,,,,,,,,
27,16,10,1:46.399,+11.667,+0.027,193.8,23,Wright Motorsports,GTD,,,Porsche 911 GT3R,M,857,111,4,93,112,3,,12259,,,Ryan,Hardwick,Bronze,,USA,,1256,1,Bronze,,,Zacharie,Robichon,Silver,,CAN,,1176,2,Silver,,,Jan,Heylen,Gold,,BEL,,184,3,Gold,,,Richard,Lietz,Platinum,,AUT,,216,4,Platinum,,,,,,,,,,,,,,,
28,97,9,1:46.534,+11.802,+0.135,193.6,20,WeatherTech Racing,GTDPRO,,,Mercedes-AMG GT3,M,1591,360,41,45,7643,3,,12237,,,Cooper,MacNeil,Silver,,USA,,113,1,Silver,,,Daniel,Juncadella,Platinum,,ESP,,1584,2,Platinum,,,Maro,Engel,Platinum,,DEU,,1092,3,Platinum,,,Jules,Gounon,Platinum,,FRA,,1224,4,Platinum,,,,,,,,,,,,,,,
29,15,7,1:46.595,+11.863,+0.061,193.5,15,Proton USA,GTDPRO,,,Mercedes-AMG GT3,M,1576,4,41,45,7643,3,,12233,,,Dirk,Mueller,Platinum,,DEU,,36,2,Platinum,,,Patrick,Assenheimer,Silver,,DEU,,2690,1,Silver,,,Austin,Cindric,Gold,,USA,,878,3,Gold,,,,,,,,,,,,,,,,,,,,,
30,9,20,1:46.622,+11.890,+0.027,193.4,24,Pfaff Motorsports,GTDPRO,,,Porsche 911 GT3R,M,1536,390,41,93,112,3,,12225,,,Matt,Campbell,Gold,,AUS,,1791,2,Gold,,,Mathieu,Jaminet,Gold,,FRA,,2707,3,Gold,,,Felipe,Nasr,Platinum,,BRA,,1598,4,Platinum,,,,,,,,,,,,,,,,,,,,,
31,75,22,1:46.685,+11.953,+0.063,193.3,28,Sun Energy 1,GTD,,,Mercedes-AMG GT3,M,242,143,4,45,7643,3,,12260,,,Fabian,Schiller,Silver,,DEU,,1790,4,Silver,,,Kenny,Habul,Bronze,,AUS,,1115,1,Bronze,,,Luca,Stolz,Gold,,DEU,,1124,3,Gold,,,Raffaele,Marciello,Platinum,,ITA,,2259,2,Platinum,,,,,,,,,,,,,,,
32,2,8,1:46.730,+11.998,+0.045,193.2,21,KCMG,GTDPRO,,,Porsche 911 GT3R,M,1589,407,41,93,112,3,,12235,,,Laurens,Vanthoor,Platinum,,BEL,,2727,1,Platinum,,,Patrick,Pilet,Platinum,,FRA,,287,2,Platinum,,,Dennis,Olsen,Gold,,NOR,,1727,3,Gold,,,Alexandre,Imperatori,Gold,,CHE,,376,4,Gold,,,,,,,,,,,,,,,
33,28,6,1:46.856,+12.124,+0.126,193.0,23,Alegra Motorsports,GTD,,,Mercedes-AMG GT3,M,941,122,4,45,7643,3,,12254,,,Michael,de Quesada,Silver,,USA,,1136,4,Silver,,,Daniel,Morad,Silver,,CAN,,1144,2,Silver,,,Linus,Lundqvist,Gold,,SWE,,1811,3,Gold,,,Maximilian,Goetz,Platinum,,DEU,,2720,1,Platinum,,,,,,,,,,,,,,,
34,32,15,1:46.930,+12.198,+0.074,192.9,17,Gilbert Korthoff Motorsports,GTD,,,Mercedes-AMG GT3,M,1462,222,4,45,7643,3,,12248,,,Mike,Skeen,Silver,,USA,,830,1,Silver,,,James,Davison,Gold,,AUS,,425,2,Gold,,,Stevan,McAleer,Silver,,GBR,,460,3,Silver,,,Scott,Andrews,Gold,,AUS,,1657,4,Gold,,,,,,,,,,,,,,,
35,66,11,1:46.936,+12.204,+0.006,192.9,21,Gradient Racing,GTD,,,Acura NSX GT3,M,1416,328,4,43,7641,3,,12241,,,Kyffin,Simpson,Silver,,IOT,,2779,1,Silver,,,Till,Bechtolsheimer,Bronze,,GBR,,1152,3,Bronze,,,Marc,Miller,Silver,,USA,,455,5,Silver,,,Mario,Farnbacher,Gold,,DEU,,2685,2,Gold,,,,,,,,,,,,,,,
36,71,10,1:46.942,+12.210,+0.006,192.9,24,T3 Motorsport North America,GTD,,,Lamborghini Huracan GT3,M,1580,402,4,13,1609,3,,12257,,,Misha,Goikhberg,Silver,,RUS,,168,3,Silver,,,Franck,Perera,Platinum,,FRA,,2705,4,Platinum,,,Mateo,Llarena,Silver,,GTM,,2091,1,Silver,,,Maximilian,Paul,Silver,,DEU,,2728,2,Silver,,,,,,,,,,,,,,,
37,64,13,1:47.037,+12.305,+0.095,192.7,14,TeamTGM,GTD,,,Porsche 911 GT3R,M,946,79,4,93,112,3,,12258,,,Ted,Giovanis,Bronze,,USA,,489,1,Bronze,,,Hugh,Plumb,Bronze,,USA,,421,3,Bronze,,,Matt,Plumb,Silver,,USA,,429,2,Silver,,,Owen,Trinkler,Silver,,USA,,519,5,Silver,,,,,,,,,,,,,,,
38,62,25,1:47.120,+12.388,+0.083,192.5,25,Risi Competizione,GTDPRO,,,Ferrari 488 GT3,M,1579,26,41,16,106,3,,12234,,,Alessandro,Pier Guidi,Platinum,,ITA,,2238,1,Platinum,,,James,Calado,Platinum,,GBR,,1096,2,Platinum,,,Daniel,Serra,Platinum,,BRA,,687,3,Platinum,,,Davide,Rigon,Platinum,,ITA,,679,4,Platinum,,,,,,,,,,,,,,,
39,38,11,1:47.125,+12.393,+0.005,192.5,16,Performance Tech Motorsports,LMP3,,,Ligier JS P320,M,1666,289,36,96,7650,3,,12220,,,Dan,Goldburg,Bronze,,USA,,1915,1,Bronze,,,Hikaru,Abe,Bronze,,JPN,,2756,3,Bronze,,,Garett,Grist,Gold,,CAN,,1388,2,Gold,,,Nico,Pino,Silver,,CHL,,2770,4,Silver,,,,,,,,,,,,,,,
40,4,13,1:47.167,+12.435,+0.042,192.5,26,Corvette Racing,GTDPRO,,,Chevrolet Corvette C8.R GTD,M,1561,23,41,110,105,3,,12229,,,Tommy,Milner,Platinum,,USA,,15,1,Platinum,,,Nick,Tandy,Platinum,,GBR,,124,2,Platinum,,,Marco,Sorensen,Platinum,,DNK,,2721,3,Platinum,,,,,,,,,,,,,,,,,,,,,
41,99,11,1:47.199,+12.467,+0.032,192.4,23,Team Hardpoint,GTD,,,Porsche 911 GT3R,M,1571,399,4,93,112,3,,12253,,,Rob,Ferriol,Bronze,,USA,,1589,1,Bronze,,,Katherine,Legge,Gold,,GBR,,2305,2,Gold,,,Stefan,Wilson,Silver,,GBR,,1185,3,Silver,,,Nick,Boulle,Silver,,USA,,1091,4,Silver,,,,,,,,,,,,,,,
42,34,11,1:47.204,+12.472,+0.005,192.4,22,GMG Racing,GTD,,,Porsche 911 GT3R,M,1513,387,4,93,112,3,,12255,,,Kyle,Washington,Bronze,,USA,,2608,1,Bronze,,,James,Sofronas,Bronze,,USA,,106,2,Bronze,,,Jeroen,Bleekemolen,Gold,,NLD,,186,3,Gold,,,Klaus,Bachler,Gold,,AUT,,663,4,Gold,,,,,,,,,,,,,,,
43,12,17,1:47.269,+12.537,+0.065,192.3,23,VasserSullivan,GTD,,,Lexus RC F GT3,M,931,336,4,46,7644,3,,12240,,,Frankie,Montecalvo,Silver,,USA,,1279,1,Silver,,,Aaron,Telitz,Gold,,USA,,2230,2,Gold,,,Richard,Heistand,Bronze,,USA,,1817,3,Bronze,,,Townsend,Bell,Gold,,USA,,117,4,Gold,,,,,,,,,,,,,,,
44,23,17,1:47.294,+12.562,+0.025,192.2,17,Heart of Racing Team,GTDPRO,,,Aston Martin Vantage GT3,M,1559,294,41,18,73,3,,12228,,,Ross,Gunn,Gold,,GBR,,1905,1,Gold,,,Alex,Riberas,Gold,,ESP,,2006,2,Gold,,,Maxime,Martin,Platinum,,BEL,,360,3,Platinum,,,,,,,,,,,,,,,,,,,,,
45,96,22,1:47.360,+12.628,+0.066,192.1,22,Turner Motorsport,GTD,,,BMW M4 GT3,M,1553,38,4,111,74,3,,12243,,,Robby,Foley,Silver,,USA,,1302,2,Silver,,,Bill,Auberlen,Gold,,USA,,39,1,Gold,,,Michael,Dinan,Silver,,USA,,2775,3,Silver,,,Jens,Klingmann,Gold,,DEU,,902,4,Gold,,,,,,,,,,,,,,,
46,25,11,1:47.363,+12.631,+0.003,192.1,23,BMW M Team RLL,GTDPRO,,,BMW M4 GT3,M,1565,395,41,111,74,3,,12231,,,Connor,De Phillippi,Gold,,USA,,698,2,Gold,,,John,Edwards,Platinum,,USA,,942,3,Platinum,,,Augusto,Farfus,Platinum,,BRA,,701,4,Platinum,,,Jesse,Krohn,Gold,,FIN,,2695,1,Gold,,,,,,,,,,,,,,,
47,27,6,1:47.371,+12.639,+0.008,192.1,22,Heart of Racing Team,GTD,,,Aston Martin Vantage GT3,M,1510,294,4,18,73,3,,12246,,,Roman,De Angelis,Silver,,CAN,,1379,1,Silver,,,Ian,James,Silver,,USA,,453,2,Silver,,,Darren,Turner,Gold,,GBR,,2762,4,Gold,,,Tom,Gamble,Gold,,GBR,,2619,5,Gold,,,,,,,,,,,,,,,
48,57,22,1:47.416,+12.684,+0.045,192.0,23,Winward Racing,GTD,,,Mercedes-AMG GT3,M,934,304,4,45,7643,3,,12238,,,Russell,Ward,Silver,,USA,,1252,1,Silver,,,Philip,Ellis,Gold,,CHE,,1936,2,Gold,,,Mikael,Grenier,Silver,,CAN,,1624,5,Silver,,,Lucas,Auer,Gold,,AUT,,2750,4,Gold,,,,,,,,,,,,,,,
49,70,14,1:47.443,+12.711,+0.027,192.0,21,inception racing,GTD,,,McLaren 720S GT3,M,1520,388,4,81,7651,3,,12252,,,Brendan,Iribe,Bronze,,USA,,2622,1,Bronze,,,Frederik,Schandorff,Silver,,DNK,,2725,2,Silver,,,Ollie,Millroy,Silver,,GBR,,2755,3,Silver,,,Jordan,Pepper,Gold,,ZAF,,2716,4,Gold,,,,,,,,,,,,,,,
50,47,27,1:47.559,+12.827,+0.116,191.8,27,Cetilar Racing,GTD,,,Ferrari 488 GT3,M,1560,337,4,16,106,3,,12245,,,Roberto,Lacorte,Bronze,,ITA,,2452,1,Bronze,,,Giorgio,Sernagiotto,Silver,,ITA,,2767,2,Silver,,,Antonio,Fuoco,Platinum,,ITA,,2766,3,Platinum,,,Alessio,Rovera,Gold,,ITA,,2741,4,Gold,,,,,,,,,,,,,,,
51,59,14,1:47.569,+12.837,+0.010,191.7,17,Crucial Motorsports,GTD,,,McLaren 720S GT3,M,1577,400,4,81,7651,3,,12256,,,Lance,Bergstein,Bronze,,USA,,2556,2,Bronze,,,Jon,Miller,Silver,,USA,,499,3,Silver,,,Patrick,Gallagher,Silver,,USA,,1593,4,Silver,,,Paul,Holton,Gold,,USA,,847,1,Gold,,,,,,,,,,,,,,,
52,98,11,1:47.780,+13.048,+0.211,191.4,15,Northwest AMR,GTD,,,Aston Martin Vantage GT3,M,768,87,4,18,73,3,,12247,,,Paul,Dalla Lana,Bronze,,CAN,,364,1,Bronze,,,David,Pittard,Silver,,GBR,,2744,2,Silver,,,Charlie,Eastwood,Gold,,IRL,,2743,4,Gold,,,Nicki,Thiim,Platinum,,DNK,,130,3,Platinum,,,,,,,,,,,,,,,
53,44,25,1:47.878,+13.146,+0.098,191.2,26,Magnus Racing,GTD,,,Aston Martin Vantage GT3,M,1554,32,4,18,73,3,,12244,,,John,Potter,Bronze,,USA,,670,1,Bronze,,,Andy,Lally,Gold,,USA,,25,2,Gold,,,Spencer,Pumpelly,Silver,,USA,,64,3,Silver,,,Jonathan,Adam,Platinum,,GBR,,2704,4,Platinum,,,,,,,,,,,,,,,
54,3,17,1:47.924,+13.192,+0.046,191.1,21,Corvette Racing,GTDPRO,,,Chevrolet Corvette C8.R GTD,M,1537,23,41,110,105,3,,12226,,,Antonio,Garcia,Platinum,,ESP,,2726,1,Platinum,,,Jordan,Taylor,Platinum,,USA,,13,2,Platinum,,,Nicky,Catsburg,Platinum,,NLD,,1113,3,Platinum,,,,,,,,,,,,,,,,,,,,,
55,39,14,1:48.580,+13.848,+0.656,190.0,19,CarBahn with Peregrine Racing,GTD,,,Lamborghini Huracan GT3,M,1540,378,4,13,1609,3,,12239,,,Robert,Megennis,Silver,,USA,,2412,1,Silver,,,Corey,Lewis,Silver,,USA,,763,2,Silver,,,Sandy,Mitchell,Gold,,GBR,,1861,3,Gold,,,Jeff,Westphal,Gold,,USA,,682,4,Gold,,,,,,,,,,,,,,,
56,21,18,1:48.766,+14.034,+0.186,189.6,26,AF CORSE,GTD,,,Ferrari 488 GT3,M,922,333,4,16,106,3,,12251,,,Simon,Mann,Silver,,USA,,2435,1,Silver,,,Luis,Perez Companc,Bronze,,ARG,,2719,2,Bronze,,,Nicklas,Nielsen,Gold,,DNK,,2724,3,Gold,,,Toni,Vilander,Platinum,,FIN,,2723,4,Platinum,,,,,,,,,,,,,,,
57,24,7,1:48.873,+14.141,+0.107,189.4,17,BMW M Team RLL,GTDPRO,,,BMW M4 GT3,M,1566,395,41,111,74,3,,12232,,,Philipp,Eng,Platinum,,AUT,,883,4,Platinum,,,Marco,Wittmann,Platinum,,DEU,,2735,2,Platinum,,,Nick,Yelloly,Gold,,GBR,,2205,1,Gold,,,Sheldon,van der Linde,Gold,,ZAF,,1524,3,Gold,,,,,,,,,,,,,,,
58,42,14,1:49.166,+14.434,+0.293,188.9,21,NTE/SSR,GTD,,,Lamborghini Huracan GT3,M,1620,413,4,13,1609,3,,12250,,,Don,Yount,Bronze,,USA,,399,4,Bronze,,,Benja,Hites,Silver,,CHL,,1630,1,Silver,,,Jaden,Conwright,Silver,,USA,,2204,2,Silver,,,Markus,Palttala,Gold,,FIN,,702,3,Gold,,,,,,,,,,,,,,,
59,19,12,1:49.191,+14.459,+0.025,188.9,13,TR3 Racing,GTD,,,Lamborghini Huracan GT3,M,1562,373,4,13,1609,3,,12249,,,Bill,Sweedler,Bronze,,USA,,116,1,Bronze,,,John,Megrue,Bronze,,USA,,2232,2,Bronze,,,Giacomo,Altoe,Gold,,ITA,,1835,3,Gold,,,Jeff,Segal,Gold,,USA,,83,4,Gold,,,,,,,,,,,,,,,
60,54,0,,,,,0,CORE Autosport,LMP3,,,Ligier JS P320,M,1604,174,36,96,7650,3,,12217,,,Jon,Bennett,Bronze,,USA,,60,1,Bronze,,,Colin,Braun,Gold,,USA,,61,2,Gold,,,George,Kurtz,Bronze,,USA,,1612,3,Bronze,,,Nic,Jonsson,Silver,,SWE,,41,4,Silver,,,,,,,,,,,,,,,
61,74,0,,,,,5,Riley Motorsports,LMP3,,,Ligier JS P320,M,1606,35,36,96,7650,3,,12219,,,Gar,Robinson,Silver,,USA,,861,1,Silver,,,Felipe,Fraga,Gold,,BRA,,1750,2,Gold,,,Kay,van Berlo,Silver,,NLD,,1759,3,Silver,,,Michael,Cooper,Silver,,USA,,2550,4,Silver,,,,,,,,,,,,,,,
