﻿POS,NUMBER,LAP,TIME,GAP_FIRST,GAP_PREVIOUS,KPH, LAPS,TEAM,CLASS,GROUP,DIVISION,VEHICLE,TIRES,IMSA_CarId,IMSA_TeamId,IMSA_ClassId,IMSA_CarTypeId,IMSA_ManufacturerId,IMSA_TireId,IMSA_SponsorId,IMSA_EventEntryId,*Extra 9,*Extra 10,DRIVER1_FIRSTNAME,DRIVER1_SECONDNAME,DRIVER1_LICENSE,DRIVER1_HOMETOWN,DRIVER1_COUNTRY,DRIVER1_SHORTNAME,DRIVER1_IMSA_DriverId,DRIVER1_IMSA_DriverPlugId,DRIVER1_IMSA_DriverRatingLong,DRIVER1_*Extra 4,DRIVER1_*Extra 5,DRIVER2_FIRSTNAME,DRIVER2_SECONDNAME,DRIVER2_LICENSE,DRIVER2_HOMETOWN,DRIVER2_COUNTRY,DRIVER2_SHORTNAME,DRIVER2_IMSA_DriverId,DRIVER2_IMSA_DriverPlugId,DRIVER2_IMSA_DriverRatingLong,DRIVER2_*Extra 4,DRIVER2_*Extra 5,DRIVER3_FIRSTNAME,DRIVER3_SECONDNAME,DRIVER3_LICENSE,DRIVER3_HOMETOWN,DRIVER3_COUNTRY,DRIVER3_SHORTNAME,DRIVER3_IMSA_DriverId,DRIVER3_IMSA_DriverPlugId,DRIVER3_IMSA_DriverRatingLong,DRIVER3_*Extra 4,DRIVER3_*Extra 5,DRIVER4_FIRSTNAME,DRIVER4_SECONDNAME,DRIVER4_LICENSE,DRIVER4_HOMETOWN,DRIVER4_COUNTRY,DRIVER4_SHORTNAME,DRIVER4_IMSA_DriverId,DRIVER4_IMSA_DriverPlugId,DRIVER4_IMSA_DriverRatingLong,DRIVER4_*Extra 4,DRIVER4_*Extra 5,DRIVER5_FIRSTNAME,DRIVER5_SECONDNAME,DRIVER5_LICENSE,DRIVER5_HOMETOWN,DRIVER5_COUNTRY,DRIVER5_SHORTNAME,DRIVER5_IMSA_DriverId,DRIVER5_IMSA_DriverPlugId,DRIVER5_IMSA_DriverRatingLong,DRIVER5_*Extra 4,DRIVER5_*Extra 5,DRIVER6_FIRSTNAME,DRIVER6_SECONDNAME,DRIVER6_LICENSE,DRIVER6_HOMETOWN,DRIVER6_COUNTRY,DRIVER6_SHORTNAME,DRIVER6_IMSA_DriverId,DRIVER6_IMSA_DriverPlugId,DRIVER6_IMSA_DriverRatingLong,DRIVER6_*Extra 4,DRIVER6_*Extra 5,
1,10,46,1:04.919,-,-,219.5,50,Konica Minolta Acura ARX-05,DPi,,,Acura DPi,M,948,81,27,65,7641,3,17,13210,,,Ricky,Taylor,Platinum,,USA,,608,1,Platinum,,,Filipe,Albuquerque,Platinum,,PRT,,1194,2,Platinum,,,,,,,,,,,,,,,,,,,,,,,,,,,
2,60,44,1:05.113,+0.194,+0.194,218.8,50,Meyer Shank Racing W/Curb-Agajanian,DPi,,,Acura DPi,M,947,3,27,65,7641,3,23,13211,,,Oliver,Jarvis,Platinum,,GBR,,1999,1,Platinum,,,Tom,Blomqvist,Platinum,,MCO,,1718,2,Platinum,,,,,,,,,,,,,,,,,,,,,,,,,,,
3,01,49,1:05.225,+0.306,+0.112,218.4,50,Cadillac Racing,DPi,,,Cadillac DPi,M,943,339,27,49,7646,3,29,13212,,,Renger,van der Zande,Gold,,NLD,,1998,1,Gold,,,Sebastien,Bourdais,Platinum,,FRA,,602,2,Platinum,,,,,,,,,,,,,,,,,,,,,,,,,,,
4,02,27,1:05.407,+0.488,+0.182,217.8,33,Cadillac Racing,DPi,,,Cadillac DPi,M,1549,339,27,49,7646,3,35,13213,,,Earl,Bamber,Platinum,,NZL,,651,1,Platinum,,,Alex,Lynn,Platinum,,GBR,,1313,2,Platinum,,,,,,,,,,,,,,,,,,,,,,,,,,,
5,5,51,1:05.643,+0.724,+0.236,217.0,54,JDC Miller MotorSports,DPi,,,Cadillac DPi,M,758,270,27,49,7646,3,11,13209,,,Tristan,Vautier,Gold,,FRA,,635,1,Gold,,,Richard,Westbrook,Platinum,,GBR,,2688,2,Platinum,,,,,,,,,,,,,,,,,,,,,,,,,,,
6,31,49,1:05.791,+0.872,+0.148,216.5,53,Whelen Engineering Racing,DPi,,,Cadillac DPi,M,741,159,27,49,7646,3,5,13208,,,Olivier,Pla,Platinum,,FRA,,2931,1,Platinum,,,Pipo,Derani,Platinum,,BRA,,1083,3,Platinum,,,,,,,,,,,,,,,,,,,,,,,,,,,
7,54,13,1:11.309,+6.390,+5.518,199.8,53,CORE Autosport,LMP3,,,Ligier JS P320,M,1674,174,36,96,7650,3,47,13215,,,Jon,Bennett,Bronze,,USA,,60,1,Bronze,,,Colin,Braun,Gold,,USA,,61,2,Gold,,,,,,,,,,,,,,,,,,,,,,,,,,,
8,74,33,1:11.929,+7.010,+0.620,198.1,52,Riley Motorsports,LMP3,,,Ligier JS P320,M,1677,35,36,96,7650,3,65,13218,,,Gar,Robinson,Silver,,USA,,861,1,Silver,,,Scott,Andrews,Gold,,AUS,,1657,2,Gold,,,,,,,,,,,,,,,,,,,,,,,,,,,
9,30,10,1:12.160,+7.241,+0.231,197.4,47,Jr III Racing,LMP3,,,Ligier JS P320,M,1676,283,36,96,7650,3,59,13217,,,Ari,Balogh,Bronze,,USA,,1081,1,Bronze,,,Garett,Grist,Gold,,CAN,,1388,2,Gold,,,,,,,,,,,,,,,,,,,,,,,,,,,
10,36,18,1:12.282,+7.363,+0.122,197.1,41,Andretti Autosport,LMP3,,,Ligier JS P320,M,1681,357,36,96,7650,3,71,13219,,,Jarett,Andretti,Silver,,USA,,2292,1,Silver,,,Gabby,Chaves,Gold,,COL,,600,4,Gold,,,,,,,,,,,,,,,,,,,,,,,,,,,
11,13,23,1:12.356,+7.437,+0.074,196.9,52,AWA,LMP3,,,Duqueine D08,M,1675,217,36,105,7665,3,53,13216,,,Orey,Fidani,Bronze,,CAN,,973,3,Bronze,,,Kyle,Marcelli,Gold,,CAN,,88,2,Gold,,,,,,,,,,,,,,,,,,,,,,,,,,,
12,33,25,1:12.458,+7.539,+0.102,196.6,48,Sean Creech Motorsport,LMP3,,,Ligier JS P320,M,1603,286,36,96,7650,3,41,13214,,,Joao,Barbosa,Gold,,PRT,,182,1,Gold,,,Lance,Willsey,Bronze,,USA,,664,2,Bronze,,,,,,,,,,,,,,,,,,,,,,,,,,,
13,9,39,1:15.763,+10.844,+3.305,188.0,40,Pfaff Motorsports,GTDPRO,,,Porsche 911 GT3R,M,1536,390,41,93,112,3,77,13220,,,Matt,Campbell,Gold,,AUS,,1791,2,Gold,,,Mathieu,Jaminet,Gold,,FRA,,2707,3,Gold,,,,,,,,,,,,,,,,,,,,,,,,,,,
14,12,9,1:15.802,+10.883,+0.039,187.9,44,VasserSullivan,GTD,,,Lexus RC F GT3,M,931,336,4,46,7644,3,119,13227,,,Frankie,Montecalvo,Silver,,USA,,1279,1,Silver,,,Aaron,Telitz,Gold,,USA,,2230,2,Gold,,,,,,,,,,,,,,,,,,,,,,,,,,,
15,23,10,1:15.851,+10.932,+0.049,187.8,44,Heart of Racing Team,GTDPRO,,,Aston Martin Vantage GT3,M,1559,294,41,18,73,3,95,13223,,,Ross,Gunn,Gold,,GBR,,1905,1,Gold,,,Alex,Riberas,Gold,,ESP,,2006,2,Gold,,,,,,,,,,,,,,,,,,,,,,,,,,,
16,3,35,1:15.949,+11.030,+0.098,187.6,42,Corvette Racing,GTDPRO,,,Chevrolet Corvette C8.R GTD,M,1537,23,41,110,105,3,83,13221,,,Antonio,Garcia,Platinum,,ESP,,2726,1,Platinum,,,Jordan,Taylor,Platinum,,USA,,13,2,Platinum,,,,,,,,,,,,,,,,,,,,,,,,,,,
17,57,37,1:16.083,+11.164,+0.134,187.3,50,Winward Racing,GTD,,,Mercedes-AMG GT3,M,934,304,4,45,7643,3,113,13226,,,Russell,Ward,Silver,,USA,,1252,1,Silver,,,Philip,Ellis,Gold,,CHE,,1936,2,Gold,,,,,,,,,,,,,,,,,,,,,,,,,,,
18,79,25,1:16.089,+11.170,+0.006,187.2,50,WeatherTech Racing,GTDPRO,,,Mercedes-AMG GT3,M,1731,360,41,45,7643,3,107,13225,,,Cooper,MacNeil,Silver,,USA,,113,1,Silver,,,Daniel,Juncadella,Platinum,,ESP,,1584,2,Platinum,,,,,,,,,,,,,,,,,,,,,,,,,,,
19,25,10,1:16.173,+11.254,+0.084,187.0,39,BMW M Team RLL,GTDPRO,,,BMW M4 GT3,M,1565,395,41,111,74,3,101,13224,,,Connor,De Phillippi,Gold,,USA,,698,2,Gold,,,John,Edwards,Platinum,,USA,,942,3,Platinum,,,,,,,,,,,,,,,,,,,,,,,,,,,
20,14,10,1:16.246,+11.327,+0.073,186.8,13,VasserSullivan,GTDPRO,,,Lexus RC F GT3,M,1550,336,41,46,7644,3,89,13222,,,Ben,Barnicoat,Platinum,,GBR,,2620,1,Platinum,,,Kamui,Kobayashi,Platinum,,JPN,,1778,4,Platinum,,,,,,,,,,,,,,,,,,,,,,,,,,,
21,96,27,1:16.277,+11.358,+0.031,186.8,41,Turner Motorsport,GTD,,,BMW M4 GT3,M,1553,38,4,111,74,3,125,13228,,,Robby,Foley,Silver,,USA,,1302,2,Silver,,,Bill,Auberlen,Gold,,USA,,39,1,Gold,,,,,,,,,,,,,,,,,,,,,,,,,,,
22,1,22,1:16.304,+11.385,+0.027,186.7,49,Paul Miller Racing,GTD,,,BMW M4 GT3,M,1558,34,4,111,74,3,131,13229,,,Bryan,Sellers,Gold,,USA,,18,1,Gold,,,Madison,Snow,Silver,,USA,,155,2,Silver,,,,,,,,,,,,,,,,,,,,,,,,,,,
23,27,6,1:16.476,+11.557,+0.172,186.3,48,Heart of Racing Team,GTD,,,Aston Martin Vantage GT3,M,1510,294,4,18,73,3,137,13230,,,Roman,De Angelis,Silver,,CAN,,1379,1,Silver,,,Maxime,Martin,Platinum,,BEL,,360,3,Platinum,,,,,,,,,,,,,,,,,,,,,,,,,,,
24,51,35,1:16.585,+11.666,+0.109,186.0,45,Rick Ware Racing,GTD,,,Acura NSX GT3,M,1748,307,4,43,7641,3,143,13231,,,Ryan,Eversley,Gold,,USA,,501,3,Gold,,,Aidan,Read,Silver,,AUS,,2417,2,Silver,,,,,,,,,,,,,,,,,,,,,,,,,,,
