﻿POSITION,NUMBER,STATUS,LAPS,TOTAL_TIME,GAP_FIRST,GAP_PREVIOUS,FL_LAPNUM,FL_TIME,FL_KPH,TEAM,CLASS,GROUP,DIVISION,VEHICLE,TIRES,IMSA_CarId,IMSA_TeamId,IMSA_ClassId,IMSA_CarTypeId,IMSA_ManufacturerId,IMSA_TireId,IMSA_SponsorId,IMSA_EventEntryId,*Extra 9,*Extra 10,DRIVER1_FIRSTNAME,DRIVER1_SECONDNAME,DRIVER1_LICENSE,DRIVER1_HOMETOWN,DRIVER1_COUNTRY,DRIVER1_SHORTNAME,DRIVER1_IMSA_DriverId,DRIVER1_IMSA_DriverPlugId,DRIVER1_IMSA_DriverRatingLong,DRIVER1_*Extra 4,DRIVER1_*Extra 5,DRIVER2_FIRSTNAME,DRIVER2_SECONDNAME,DRIVER2_LICENSE,DRIVER2_HOMETOWN,DRIVER2_COUNTRY,DRIVER2_SHORTNAME,DRIVER2_IMSA_DriverId,DRIVER2_IMSA_DriverPlugId,DRIVER2_IMSA_DriverRatingLong,DRIVER2_*Extra 4,DRIVER2_*Extra 5,DRIVER3_FIRSTNAME,DRIVER3_SECONDNAME,DRIVER3_LICENSE,DRIVER3_HOMETOWN,DRIVER3_COUNTRY,DRIVER3_SHORTNAME,DRIVER3_IMSA_DriverId,DRIVER3_IMSA_DriverPlugId,DRIVER3_IMSA_DriverRatingLong,DRIVER3_*Extra 4,DRIVER3_*Extra 5,DRIVER4_FIRSTNAME,DRIVER4_SECONDNAME,DRIVER4_LICENSE,DRIVER4_HOMETOWN,DRIVER4_COUNTRY,DRIVER4_SHORTNAME,DRIVER4_IMSA_DriverId,DRIVER4_IMSA_DriverPlugId,DRIVER4_IMSA_DriverRatingLong,DRIVER4_*Extra 4,DRIVER4_*Extra 5,DRIVER5_FIRSTNAME,DRIVER5_SECONDNAME,DRIVER5_LICENSE,DRIVER5_HOMETOWN,DRIVER5_COUNTRY,DRIVER5_SHORTNAME,DRIVER5_IMSA_DriverId,DRIVER5_IMSA_DriverPlugId,DRIVER5_IMSA_DriverRatingLong,DRIVER5_*Extra 4,DRIVER5_*Extra 5,DRIVER6_FIRSTNAME,DRIVER6_SECONDNAME,DRIVER6_LICENSE,DRIVER6_HOMETOWN,DRIVER6_COUNTRY,DRIVER6_SHORTNAME,DRIVER6_IMSA_DriverId,DRIVER6_IMSA_DriverPlugId,DRIVER6_IMSA_DriverRatingLong,DRIVER6_*Extra 4,DRIVER6_*Extra 5,
1,01,Classified,123,2:40:31.158,-,-,91,1:05.991,215.9,Cadillac Racing,DPi,,,Cadillac DPi,M,943,339,27,49,7646,3,29,13212,,,Renger,van der Zande,Gold,,NLD,,1998,1,Gold,,,Sebastien,Bourdais,Platinum,,FRA,,602,2,Platinum,,,,,,,,,,,,,,,,,,,,,,,,,,,
2,60,Classified,123,2:40:34.667,+3.509,+3.509,5,1:05.987,215.9,Meyer Shank Racing W/Curb-Agajanian,DPi,,,Acura DPi,M,947,3,27,65,7641,3,23,13211,,,Oliver,Jarvis,Platinum,,GBR,,1999,1,Platinum,,,Tom,Blomqvist,Platinum,,MCO,,1718,2,Platinum,,,,,,,,,,,,,,,,,,,,,,,,,,,
3,31,Classified,123,2:40:35.430,+4.272,+0.763,60,1:06.363,214.7,Whelen Engineering Racing,DPi,,,Cadillac DPi,M,741,159,27,49,7646,3,5,13208,,,Olivier,Pla,Platinum,,FRA,,2931,1,Platinum,,,Pipo,Derani,Platinum,,BRA,,1083,3,Platinum,,,,,,,,,,,,,,,,,,,,,,,,,,,
4,02,Classified,123,2:40:35.862,+4.704,+0.432,91,1:06.067,215.6,Cadillac Racing,DPi,,,Cadillac DPi,M,1549,339,27,49,7646,3,35,13213,,,Earl,Bamber,Platinum,,NZL,,651,1,Platinum,,,Alex,Lynn,Platinum,,GBR,,1313,2,Platinum,,,,,,,,,,,,,,,,,,,,,,,,,,,
5,5,Classified,123,2:40:36.943,+5.785,+1.081,91,1:06.679,213.7,JDC Miller MotorSports,DPi,,,Cadillac DPi,M,758,270,27,49,7646,3,11,13209,,,Tristan,Vautier,Gold,,FRA,,635,1,Gold,,,Richard,Westbrook,Platinum,,GBR,,2688,2,Platinum,,,,,,,,,,,,,,,,,,,,,,,,,,,
6,10,Classified,123,2:40:46.183,+15.025,+9.240,5,1:06.115,215.5,Konica Minolta Acura ARX-05,DPi,,,Acura DPi,M,948,81,27,65,7641,3,17,13210,,,Ricky,Taylor,Platinum,,USA,,608,1,Platinum,,,Filipe,Albuquerque,Platinum,,PRT,,1194,2,Platinum,,,,,,,,,,,,,,,,,,,,,,,,,,,
7,54,Classified,115,2:40:57.801,8 Laps,8 Laps,110,1:12.539,196.4,CORE Autosport,LMP3,,,Ligier JS P320,M,1674,174,36,96,7650,3,47,13215,,,Jon,Bennett,Bronze,,USA,,60,1,Bronze,,,Colin,Braun,Gold,,USA,,61,2,Gold,,,,,,,,,,,,,,,,,,,,,,,,,,,
8,36,Classified,115,2:41:00.554,8 Laps,+2.753,83,1:12.818,195.6,Andretti Autosport,LMP3,,,Ligier JS P320,M,1681,357,36,96,7650,3,71,13219,,,Jarett,Andretti,Silver,,USA,,2292,1,Silver,,,Gabby,Chaves,Gold,,COL,,600,4,Gold,,,,,,,,,,,,,,,,,,,,,,,,,,,
9,30,Classified,115,2:41:00.888,8 Laps,+0.334,85,1:12.523,196.4,Jr III Racing,LMP3,,,Ligier JS P320,M,1676,283,36,96,7650,3,59,13217,,,Ari,Balogh,Bronze,,USA,,1081,1,Bronze,,,Garett,Grist,Gold,,CAN,,1388,2,Gold,,,,,,,,,,,,,,,,,,,,,,,,,,,
10,13,Classified,114,2:41:05.351,9 Laps,1 Lap,102,1:12.985,195.2,AWA,LMP3,,,Duqueine D08,M,1675,217,36,105,7665,3,53,13216,,,Orey,Fidani,Bronze,,CAN,,973,3,Bronze,,,Kyle,Marcelli,Gold,,CAN,,88,2,Gold,,,,,,,,,,,,,,,,,,,,,,,,,,,
11,9,Classified,111,2:40:42.521,12 Laps,3 Laps,101,1:17.018,185.0,Pfaff Motorsports,GTDPRO,,,Porsche 911 GT3R,M,1536,390,41,93,112,3,77,13220,,,Matt,Campbell,Gold,,AUS,,1791,2,Gold,,,Mathieu,Jaminet,Gold,,FRA,,2707,3,Gold,,,,,,,,,,,,,,,,,,,,,,,,,,,
12,3,Classified,111,2:40:43.636,12 Laps,+1.115,69,1:16.872,185.3,Corvette Racing,GTDPRO,,,Chevrolet Corvette C8.R GTD,M,1537,23,41,110,105,3,83,13221,,,Antonio,Garcia,Platinum,,ESP,,2726,1,Platinum,,,Jordan,Taylor,Platinum,,USA,,13,2,Platinum,,,,,,,,,,,,,,,,,,,,,,,,,,,
13,23,Classified,111,2:40:47.424,12 Laps,+3.788,69,1:17.148,184.7,Heart of Racing Team,GTDPRO,,,Aston Martin Vantage GT3,M,1559,294,41,18,73,3,95,13223,,,Ross,Gunn,Gold,,GBR,,1905,1,Gold,,,Alex,Riberas,Gold,,ESP,,2006,2,Gold,,,,,,,,,,,,,,,,,,,,,,,,,,,
14,27,Classified,111,2:40:48.233,12 Laps,+0.809,81,1:16.922,185.2,Heart of Racing Team,GTD,,,Aston Martin Vantage GT3,M,1510,294,4,18,73,3,137,13230,,,Roman,De Angelis,Silver,,CAN,,1379,1,Silver,,,Maxime,Martin,Platinum,,BEL,,360,3,Platinum,,,,,,,,,,,,,,,,,,,,,,,,,,,
15,57,Classified,111,2:40:48.726,12 Laps,+0.493,69,1:16.891,185.3,Winward Racing,GTD,,,Mercedes-AMG GT3,M,934,304,4,45,7643,3,113,13226,,,Russell,Ward,Silver,,USA,,1252,1,Silver,,,Philip,Ellis,Gold,,CHE,,1936,2,Gold,,,,,,,,,,,,,,,,,,,,,,,,,,,
16,79,Classified,111,2:40:49.265,12 Laps,+0.539,70,1:16.565,186.1,WeatherTech Racing,GTDPRO,,,Mercedes-AMG GT3,M,1731,360,41,45,7643,3,107,13225,,,Cooper,MacNeil,Silver,,USA,,113,1,Silver,,,Daniel,Juncadella,Platinum,,ESP,,1584,2,Platinum,,,,,,,,,,,,,,,,,,,,,,,,,,,
17,25,Classified,111,2:40:50.308,12 Laps,+1.043,64,1:16.986,185.1,BMW M Team RLL,GTDPRO,,,BMW M4 GT3,M,1565,395,41,111,74,3,101,13224,,,Connor,De Phillippi,Gold,,USA,,698,2,Gold,,,John,Edwards,Platinum,,USA,,942,3,Platinum,,,,,,,,,,,,,,,,,,,,,,,,,,,
18,51,Classified,111,2:40:57.369,12 Laps,+7.061,24,1:17.267,184.4,Rick Ware Racing,GTD,,,Acura NSX GT3,M,1748,307,4,43,7641,3,143,13231,,,Ryan,Eversley,Gold,,USA,,501,3,Gold,,,Aidan,Read,Silver,,AUS,,2417,2,Silver,,,,,,,,,,,,,,,,,,,,,,,,,,,
19,14,Classified,111,2:40:58.789,12 Laps,+1.420,42,1:16.669,185.8,VasserSullivan,GTDPRO,,,Lexus RC F GT3,M,1550,336,41,46,7644,3,89,13222,,,Ben,Barnicoat,Platinum,,GBR,,2620,1,Platinum,,,Kamui,Kobayashi,Platinum,,JPN,,1778,4,Platinum,,,,,,,,,,,,,,,,,,,,,,,,,,,
20,96,Classified,111,2:41:00.170,12 Laps,+1.381,44,1:17.289,184.3,Turner Motorsport,GTD,,,BMW M4 GT3,M,1553,38,4,111,74,3,125,13228,,,Robby,Foley,Silver,,USA,,1302,2,Silver,,,Bill,Auberlen,Gold,,USA,,39,1,Gold,,,,,,,,,,,,,,,,,,,,,,,,,,,
21,1,Classified,111,2:41:02.372,12 Laps,+2.202,44,1:17.098,184.8,Paul Miller Racing,GTD,,,BMW M4 GT3,M,1558,34,4,111,74,3,131,13229,,,Bryan,Sellers,Gold,,USA,,18,1,Gold,,,Madison,Snow,Silver,,USA,,155,2,Silver,,,,,,,,,,,,,,,,,,,,,,,,,,,
22,12,Classified,80,2:22:59.240,43 Laps,31 Laps,14,1:17.769,183.2,VasserSullivan,GTD,,,Lexus RC F GT3,M,931,336,4,46,7644,3,119,13227,,,Frankie,Montecalvo,Silver,,USA,,1279,1,Silver,,,Aaron,Telitz,Gold,,USA,,2230,2,Gold,,,,,,,,,,,,,,,,,,,,,,,,,,,
23,74,Classified,74,1:40:54.634,49 Laps,6 Laps,70,1:12.795,195.7,Riley Motorsports,LMP3,,,Ligier JS P320,M,1677,35,36,96,7650,3,65,13218,,,Gar,Robinson,Silver,,USA,,861,1,Silver,,,Scott,Andrews,Gold,,AUS,,1657,2,Gold,,,,,,,,,,,,,,,,,,,,,,,,,,,
24,33,Classified,32,1:07:38.019,91 Laps,42 Laps,31,1:14.798,190.5,Sean Creech Motorsport,LMP3,,,Ligier JS P320,M,1603,286,36,96,7650,3,41,13214,,,Joao,Barbosa,Gold,,PRT,,182,1,Gold,,,Lance,Willsey,Bronze,,USA,,664,2,Bronze,,,,,,,,,,,,,,,,,,,,,,,,,,,
