﻿POS,NUMBER,LAP,TIME,GAP_FIRST,GAP_PREVIOUS,KPH, LAPS,TEAM,CLASS,GROUP,DIVISION,VEHICLE,TIRES,IMSA_CarId,IMSA_TeamId,IMSA_ClassId,IMSA_CarTypeId,IMSA_ManufacturerId,IMSA_TireId,IMSA_SponsorId,IMSA_EventEntryId,*Extra 9,*Extra 10,DRIVER1_FIRSTNAME,DRIVER1_SECONDNAME,DRIVER1_LICENSE,DRIVER1_HOMETOWN,DRIVER1_COUNTRY,DRIVER1_SHORTNAME,DRIVER1_IMSA_DriverId,DRIVER1_IMSA_DriverPlugId,DRIVER1_IMSA_DriverRatingLong,DRIVER1_*Extra 4,DRIVER1_*Extra 5,DRIVER2_FIRSTNAME,DRIVER2_SECONDNAME,DRIVER2_LICENSE,DRIVER2_HOMETOWN,DRIVER2_COUNTRY,DRIVER2_SHORTNAME,DRIVER2_IMSA_DriverId,DRIVER2_IMSA_DriverPlugId,DRIVER2_IMSA_DriverRatingLong,DRIVER2_*Extra 4,DRIVER2_*Extra 5,DRIVER3_FIRSTNAME,DRIVER3_SECONDNAME,DRIVER3_LICENSE,DRIVER3_HOMETOWN,DRIVER3_COUNTRY,DRIVER3_SHORTNAME,DRIVER3_IMSA_DriverId,DRIVER3_IMSA_DriverPlugId,DRIVER3_IMSA_DriverRatingLong,DRIVER3_*Extra 4,DRIVER3_*Extra 5,DRIVER4_FIRSTNAME,DRIVER4_SECONDNAME,DRIVER4_LICENSE,DRIVER4_HOMETOWN,DRIVER4_COUNTRY,DRIVER4_SHORTNAME,DRIVER4_IMSA_DriverId,DRIVER4_IMSA_DriverPlugId,DRIVER4_IMSA_DriverRatingLong,DRIVER4_*Extra 4,DRIVER4_*Extra 5,DRIVER5_FIRSTNAME,DRIVER5_SECONDNAME,DRIVER5_LICENSE,DRIVER5_HOMETOWN,DRIVER5_COUNTRY,DRIVER5_SHORTNAME,DRIVER5_IMSA_DriverId,DRIVER5_IMSA_DriverPlugId,DRIVER5_IMSA_DriverRatingLong,DRIVER5_*Extra 4,DRIVER5_*Extra 5,DRIVER6_FIRSTNAME,DRIVER6_SECONDNAME,DRIVER6_LICENSE,DRIVER6_HOMETOWN,DRIVER6_COUNTRY,DRIVER6_SHORTNAME,DRIVER6_IMSA_DriverId,DRIVER6_IMSA_DriverPlugId,DRIVER6_IMSA_DriverRatingLong,DRIVER6_*Extra 4,DRIVER6_*Extra 5,
1,02,17,1:05.666,-,-,217.0,17,Cadillac Racing,DPi,,,Cadillac DPi,M,1549,339,27,49,7646,3,35,13213,,,Earl,Bamber,Platinum,,NZL,,651,1,Platinum,,,Alex,Lynn,Platinum,,GBR,,1313,2,Platinum,,,,,,,,,,,,,,,,,,,,,,,,,,,
2,10,4,1:06.049,+0.383,+0.383,215.7,15,Konica Minolta Acura ARX-05,DPi,,,Acura DPi,M,948,81,27,65,7641,3,17,13210,,,Ricky,Taylor,Platinum,,USA,,608,1,Platinum,,,Filipe,Albuquerque,Platinum,,PRT,,1194,2,Platinum,,,,,,,,,,,,,,,,,,,,,,,,,,,
3,60,4,1:06.108,+0.442,+0.059,215.5,18,Meyer Shank Racing W/Curb-Agajanian,DPi,,,Acura DPi,M,947,3,27,65,7641,3,23,13211,,,Oliver,Jarvis,Platinum,,GBR,,1999,1,Platinum,,,Tom,Blomqvist,Platinum,,MCO,,1718,2,Platinum,,,,,,,,,,,,,,,,,,,,,,,,,,,
4,01,4,1:06.308,+0.642,+0.200,214.9,14,Cadillac Racing,DPi,,,Cadillac DPi,M,943,339,27,49,7646,3,29,13212,,,Renger,van der Zande,Gold,,NLD,,1998,1,Gold,,,Sebastien,Bourdais,Platinum,,FRA,,602,2,Platinum,,,,,,,,,,,,,,,,,,,,,,,,,,,
5,5,16,1:06.643,+0.977,+0.335,213.8,17,JDC Miller MotorSports,DPi,,,Cadillac DPi,M,758,270,27,49,7646,3,11,13209,,,Tristan,Vautier,Gold,,FRA,,635,1,Gold,,,Richard,Westbrook,Platinum,,GBR,,2688,2,Platinum,,,,,,,,,,,,,,,,,,,,,,,,,,,
6,31,8,1:06.728,+1.062,+0.085,213.5,15,Whelen Engineering Racing,DPi,,,Cadillac DPi,M,741,159,27,49,7646,3,5,13208,,,Olivier,Pla,Platinum,,FRA,,2931,1,Platinum,,,Pipo,Derani,Platinum,,BRA,,1083,3,Platinum,,,,,,,,,,,,,,,,,,,,,,,,,,,
7,30,5,1:12.369,+6.703,+5.641,196.9,12,Jr III Racing,LMP3,,,Ligier JS P320,M,1676,283,36,96,7650,3,59,13217,,,Ari,Balogh,Bronze,,USA,,1081,1,Bronze,,,Garett,Grist,Gold,,CAN,,1388,2,Gold,,,,,,,,,,,,,,,,,,,,,,,,,,,
8,13,11,1:13.223,+7.557,+0.854,194.6,13,AWA,LMP3,,,Duqueine D08,M,1675,217,36,105,7665,3,53,13216,,,Orey,Fidani,Bronze,,CAN,,973,3,Bronze,,,Kyle,Marcelli,Gold,,CAN,,88,2,Gold,,,,,,,,,,,,,,,,,,,,,,,,,,,
9,36,9,1:13.258,+7.592,+0.035,194.5,9,Andretti Autosport,LMP3,,,Ligier JS P320,M,1681,357,36,96,7650,3,71,13219,,,Jarett,Andretti,Silver,,USA,,2292,1,Silver,,,Gabby,Chaves,Gold,,COL,,600,4,Gold,,,,,,,,,,,,,,,,,,,,,,,,,,,
10,33,9,1:13.931,+8.265,+0.673,192.7,13,Sean Creech Motorsport,LMP3,,,Ligier JS P320,M,1603,286,36,96,7650,3,41,13214,,,Joao,Barbosa,Gold,,PRT,,182,1,Gold,,,Lance,Willsey,Bronze,,USA,,664,2,Bronze,,,,,,,,,,,,,,,,,,,,,,,,,,,
11,3,12,1:16.492,+10.826,+2.561,186.2,14,Corvette Racing,GTDPRO,,,Chevrolet Corvette C8.R GTD,M,1537,23,41,110,105,3,83,13221,,,Antonio,Garcia,Platinum,,ESP,,2726,1,Platinum,,,Jordan,Taylor,Platinum,,USA,,13,2,Platinum,,,,,,,,,,,,,,,,,,,,,,,,,,,
12,79,12,1:16.648,+10.982,+0.156,185.9,15,WeatherTech Racing,GTDPRO,,,Mercedes-AMG GT3,M,1731,360,41,45,7643,3,107,13225,,,Cooper,MacNeil,Silver,,USA,,113,1,Silver,,,Daniel,Juncadella,Platinum,,ESP,,1584,2,Platinum,,,,,,,,,,,,,,,,,,,,,,,,,,,
13,12,8,1:16.663,+10.997,+0.015,185.8,13,VasserSullivan,GTD,,,Lexus RC F GT3,M,931,336,4,46,7644,3,119,13227,,,Frankie,Montecalvo,Silver,,USA,,1279,1,Silver,,,Aaron,Telitz,Gold,,USA,,2230,2,Gold,,,,,,,,,,,,,,,,,,,,,,,,,,,
14,96,9,1:16.775,+11.109,+0.112,185.6,11,Turner Motorsport,GTD,,,BMW M4 GT3,M,1553,38,4,111,74,3,125,13228,,,Robby,Foley,Silver,,USA,,1302,2,Silver,,,Bill,Auberlen,Gold,,USA,,39,1,Gold,,,,,,,,,,,,,,,,,,,,,,,,,,,
15,1,10,1:16.795,+11.129,+0.020,185.5,15,Paul Miller Racing,GTD,,,BMW M4 GT3,M,1558,34,4,111,74,3,131,13229,,,Bryan,Sellers,Gold,,USA,,18,1,Gold,,,Madison,Snow,Silver,,USA,,155,2,Silver,,,,,,,,,,,,,,,,,,,,,,,,,,,
16,23,9,1:16.836,+11.170,+0.041,185.4,12,Heart of Racing Team,GTDPRO,,,Aston Martin Vantage GT3,M,1559,294,41,18,73,3,95,13223,,,Ross,Gunn,Gold,,GBR,,1905,1,Gold,,,Alex,Riberas,Gold,,ESP,,2006,2,Gold,,,,,,,,,,,,,,,,,,,,,,,,,,,
17,51,11,1:16.839,+11.173,+0.003,185.4,14,Rick Ware Racing,GTD,,,Acura NSX GT3,M,1748,307,4,43,7641,3,143,13231,,,Ryan,Eversley,Gold,,USA,,501,3,Gold,,,Aidan,Read,Silver,,AUS,,2417,2,Silver,,,,,,,,,,,,,,,,,,,,,,,,,,,
18,14,13,1:16.922,+11.256,+0.083,185.2,16,VasserSullivan,GTDPRO,,,Lexus RC F GT3,M,1550,336,41,46,7644,3,89,13222,,,Ben,Barnicoat,Platinum,,GBR,,2620,1,Platinum,,,Kamui,Kobayashi,Platinum,,JPN,,1778,4,Platinum,,,,,,,,,,,,,,,,,,,,,,,,,,,
19,25,14,1:16.939,+11.273,+0.017,185.2,15,BMW M Team RLL,GTDPRO,,,BMW M4 GT3,M,1565,395,41,111,74,3,101,13224,,,Connor,De Phillippi,Gold,,USA,,698,2,Gold,,,John,Edwards,Platinum,,USA,,942,3,Platinum,,,,,,,,,,,,,,,,,,,,,,,,,,,
20,57,7,1:16.961,+11.295,+0.022,185.1,14,Winward Racing,GTD,,,Mercedes-AMG GT3,M,934,304,4,45,7643,3,113,13226,,,Russell,Ward,Silver,,USA,,1252,1,Silver,,,Philip,Ellis,Gold,,CHE,,1936,2,Gold,,,,,,,,,,,,,,,,,,,,,,,,,,,
21,27,8,1:17.414,+11.748,+0.453,184.0,13,Heart of Racing Team,GTD,,,Aston Martin Vantage GT3,M,1510,294,4,18,73,3,137,13230,,,Roman,De Angelis,Silver,,CAN,,1379,1,Silver,,,Maxime,Martin,Platinum,,BEL,,360,3,Platinum,,,,,,,,,,,,,,,,,,,,,,,,,,,
22,9,0,,,,,0,Pfaff Motorsports,GTDPRO,,,Porsche 911 GT3R,M,1536,390,41,93,112,3,77,13220,,,Matt,Campbell,Gold,,AUS,,1791,2,Gold,,,Mathieu,Jaminet,Gold,,FRA,,2707,3,Gold,,,,,,,,,,,,,,,,,,,,,,,,,,,
23,54,0,,,,,0,CORE Autosport,LMP3,,,Ligier JS P320,M,1674,174,36,96,7650,3,47,13215,,,Jon,Bennett,Bronze,,USA,,60,1,Bronze,,,Colin,Braun,Gold,,USA,,61,2,Gold,,,,,,,,,,,,,,,,,,,,,,,,,,,
24,74,0,,,,,3,Riley Motorsports,LMP3,,,Ligier JS P320,M,1677,35,36,96,7650,3,65,13218,,,Gar,Robinson,Silver,,USA,,861,1,Silver,,,Scott,Andrews,Gold,,AUS,,1657,2,Gold,,,,,,,,,,,,,,,,,,,,,,,,,,,
