﻿POS,NUMBER,LAP,TIME,GAP_FIRST,GAP_PREVIOUS,KPH, LAPS,TEAM,CLASS,GROUP,DIVISION,VEHICLE,TIRES,IMSA_CarId,IMSA_TeamId,IMSA_ClassId,IMSA_CarTypeId,IMSA_ManufacturerId,IMSA_TireId,IMSA_SponsorId,IMSA_EventEntryId,*Extra 9,*Extra 10,DRIVER1_FIRSTNAME,DRIVER1_SECONDNAME,DRIVER1_LICENSE,DRIVER1_HOMETOWN,DRIVER1_COUNTRY,DRIVER1_SHORTNAME,DRIVER1_IMSA_DriverId,DRIVER1_IMSA_DriverPlugId,DRIVER1_IMSA_DriverRatingLong,DRIVER1_*Extra 4,DRIVER1_*Extra 5,DRIVER2_FIRSTNAME,DRIVER2_SECONDNAME,DRIVER2_LICENSE,DRIVER2_HOMETOWN,DRIVER2_COUNTRY,DRIVER2_SHORTNAME,DRIVER2_IMSA_DriverId,DRIVER2_IMSA_DriverPlugId,DRIVER2_IMSA_DriverRatingLong,DRIVER2_*Extra 4,DRIVER2_*Extra 5,DRIVER3_FIRSTNAME,DRIVER3_SECONDNAME,DRIVER3_LICENSE,DRIVER3_HOMETOWN,DRIVER3_COUNTRY,DRIVER3_SHORTNAME,DRIVER3_IMSA_DriverId,DRIVER3_IMSA_DriverPlugId,DRIVER3_IMSA_DriverRatingLong,DRIVER3_*Extra 4,DRIVER3_*Extra 5,DRIVER4_FIRSTNAME,DRIVER4_SECONDNAME,DRIVER4_LICENSE,DRIVER4_HOMETOWN,DRIVER4_COUNTRY,DRIVER4_SHORTNAME,DRIVER4_IMSA_DriverId,DRIVER4_IMSA_DriverPlugId,DRIVER4_IMSA_DriverRatingLong,DRIVER4_*Extra 4,DRIVER4_*Extra 5,DRIVER5_FIRSTNAME,DRIVER5_SECONDNAME,DRIVER5_LICENSE,DRIVER5_HOMETOWN,DRIVER5_COUNTRY,DRIVER5_SHORTNAME,DRIVER5_IMSA_DriverId,DRIVER5_IMSA_DriverPlugId,DRIVER5_IMSA_DriverRatingLong,DRIVER5_*Extra 4,DRIVER5_*Extra 5,DRIVER6_FIRSTNAME,DRIVER6_SECONDNAME,DRIVER6_LICENSE,DRIVER6_HOMETOWN,DRIVER6_COUNTRY,DRIVER6_SHORTNAME,DRIVER6_IMSA_DriverId,DRIVER6_IMSA_DriverPlugId,DRIVER6_IMSA_DriverRatingLong,DRIVER6_*Extra 4,DRIVER6_*Extra 5,
1,01,47,1:10.913,-,-,160.8,50,Cadillac Racing,DPi,,,Cadillac DPi,M,943,339,27,49,7646,3,,12523,,,Renger,van der Zande,Gold,,NLD,,1998,1,Gold,,,Sebastien,Bourdais,Platinum,,FRA,,602,2,Platinum,,,,,,,,,,,,,,,,,,,,,,,,,,,
2,02,42,1:10.990,+0.077,+0.077,160.6,44,Cadillac Racing,DPi,,,Cadillac DPi,M,1549,339,27,49,7646,3,,12524,,,Earl,Bamber,Platinum,,NZL,,651,1,Platinum,,,Alex,Lynn,Platinum,,GBR,,1313,2,Platinum,,,,,,,,,,,,,,,,,,,,,,,,,,,
3,31,45,1:11.005,+0.092,+0.015,160.6,50,Whelen Engineering Racing,DPi,,,Cadillac DPi,M,741,159,27,49,7646,3,,12519,,,Pipo,Derani,Platinum,,BRA,,1083,3,Platinum,,,Tristan,Nunez,Gold,,USA,,169,1,Gold,,,,,,,,,,,,,,,,,,,,,,,,,,,
4,60,56,1:11.043,+0.130,+0.038,160.5,56,Meyer Shank Racing W/Curb-Agajanian,DPi,,,Acura DPi,M,947,3,27,65,7641,3,,12522,,,Oliver,Jarvis,Platinum,,GBR,,1999,1,Platinum,,,Tom,Blomqvist,Platinum,,MCO,,1718,2,Platinum,,,,,,,,,,,,,,,,,,,,,,,,,,,
5,10,46,1:11.195,+0.282,+0.152,160.2,50,Konica Minolta Acura ARX-05,DPi,,,Acura DPi,M,948,81,27,65,7641,3,,12521,,,Ricky,Taylor,Platinum,,USA,,608,1,Platinum,,,Filipe,Albuquerque,Platinum,,PRT,,1194,2,Platinum,,,,,,,,,,,,,,,,,,,,,,,,,,,
6,5,46,1:11.303,+0.390,+0.108,159.9,51,JDC Miller MotorSports,DPi,,,Cadillac DPi,M,758,270,27,49,7646,3,,12520,,,Tristan,Vautier,Gold,,FRA,,635,1,Gold,,,Richard,Westbrook,Platinum,,GBR,,2688,2,Platinum,,,,,,,,,,,,,,,,,,,,,,,,,,,
7,9,42,1:18.874,+7.961,+7.571,144.6,43,Pfaff Motorsports,GTDPRO,,,Porsche 911 GT3R,M,1536,390,41,93,112,3,,12525,,,Matt,Campbell,Gold,,AUS,,1791,2,Gold,,,Mathieu,Jaminet,Gold,,FRA,,2707,3,Gold,,,,,,,,,,,,,,,,,,,,,,,,,,,
8,25,30,1:18.915,+8.002,+0.041,144.5,37,BMW M Team RLL,GTDPRO,,,BMW M4 GT3,M,1565,395,41,111,74,3,,12530,,,Connor,De Phillippi,Gold,,USA,,698,2,Gold,,,John,Edwards,Platinum,,USA,,942,3,Platinum,,,,,,,,,,,,,,,,,,,,,,,,,,,
9,3,40,1:18.915,+8.002,+0.000,144.5,50,Corvette Racing,GTDPRO,,,Chevrolet Corvette C8.R GTD,M,1537,23,41,110,105,3,,12526,,,Antonio,Garcia,Platinum,,ESP,,2726,1,Platinum,,,Jordan,Taylor,Platinum,,USA,,13,2,Platinum,,,,,,,,,,,,,,,,,,,,,,,,,,,
10,79,40,1:19.096,+8.183,+0.181,144.2,46,WeatherTech Racing,GTDPRO,,,Mercedes-AMG GT3,M,1590,360,41,93,112,3,,12531,,,Cooper,MacNeil,Silver,,USA,,113,1,Silver,,,Raffaele,Marciello,Platinum,,ITA,,2259,2,Platinum,,,,,,,,,,,,,,,,,,,,,,,,,,,
11,70,47,1:19.490,+8.577,+0.394,143.4,50,inception racing,GTD,,,McLaren 720S GT3,M,1520,388,4,81,7651,3,,12539,,,Brendan,Iribe,Bronze,,USA,,2622,1,Bronze,,,Frederik,Schandorff,Silver,,DNK,,2725,2,Silver,,,,,,,,,,,,,,,,,,,,,,,,,,,
12,32,39,1:19.543,+8.630,+0.053,143.3,50,Team Korthoff Motorsports,GTD,,,Mercedes-AMG GT3,M,1462,222,4,45,7643,3,,12532,,,Mike,Skeen,Silver,,USA,,830,4,Silver,,,Stevan,McAleer,Silver,,GBR,,460,3,Silver,,,,,,,,,,,,,,,,,,,,,,,,,,,
13,96,41,1:19.624,+8.711,+0.081,143.2,48,Turner Motorsport,GTD,,,BMW M4 GT3,M,1553,38,4,111,74,3,,12535,,,Robby,Foley,Silver,,USA,,1302,2,Silver,,,Bill,Auberlen,Gold,,USA,,39,1,Gold,,,,,,,,,,,,,,,,,,,,,,,,,,,
14,23,22,1:19.829,+8.916,+0.205,142.8,52,Heart of Racing Team,GTDPRO,,,Aston Martin Vantage GT3,M,1559,294,41,18,73,3,,12529,,,Ross,Gunn,Gold,,GBR,,1905,1,Gold,,,Alex,Riberas,Gold,,ESP,,2006,2,Gold,,,,,,,,,,,,,,,,,,,,,,,,,,,
15,1,40,1:19.844,+8.931,+0.015,142.8,40,Paul Miller Racing,GTD,,,BMW M4 GT3,M,1558,34,4,111,74,3,,12536,,,Bryan,Sellers,Gold,,USA,,18,1,Gold,,,Madison,Snow,Silver,,USA,,155,2,Silver,,,,,,,,,,,,,,,,,,,,,,,,,,,
16,14,5,1:19.927,+9.014,+0.083,142.7,25,VasserSullivan,GTDPRO,,,Lexus RC F GT3,M,1550,336,41,46,7644,3,,12528,,,Jack,Hawksworth,Gold,,GBR,,838,1,Gold,,,Ben,Barnicoat,Platinum,,GBR,,2620,2,Platinum,,,,,,,,,,,,,,,,,,,,,,,,,,,
17,27,35,1:19.973,+9.060,+0.046,142.6,59,Heart of Racing Team,GTD,,,Aston Martin Vantage GT3,M,1510,294,4,18,73,3,,12537,,,Roman,De Angelis,Silver,,CAN,,1379,1,Silver,,,Maxime,Martin,Platinum,,BEL,,360,3,Platinum,,,,,,,,,,,,,,,,,,,,,,,,,,,
18,12,9,1:19.979,+9.066,+0.006,142.6,49,VasserSullivan,GTD,,,Lexus RC F GT3,M,931,336,4,46,7644,3,,12534,,,Frankie,Montecalvo,Silver,,USA,,1279,1,Silver,,,Aaron,Telitz,Gold,,USA,,2230,2,Gold,,,,,,,,,,,,,,,,,,,,,,,,,,,
19,66,31,1:20.014,+9.101,+0.035,142.5,32,Gradient Racing,GTD,,,Acura NSX GT3,M,1416,328,4,43,7641,3,,12545,,,Mario,Farnbacher,Gold,,DEU,,2685,2,Gold,,,Marc,Miller,Silver,,USA,,455,5,Silver,,,,,,,,,,,,,,,,,,,,,,,,,,,
20,16,32,1:20.232,+9.319,+0.218,142.1,53,Wright Motorsports,GTD,,,Porsche 911 GT3R,M,857,111,4,93,112,3,,12542,,,Ryan,Hardwick,Bronze,,USA,,1256,1,Bronze,,,Jan,Heylen,Gold,,BEL,,184,3,Gold,,,,,,,,,,,,,,,,,,,,,,,,,,,
21,59,41,1:20.253,+9.340,+0.021,142.1,51,Crucial Motorsports,GTD,,,McLaren 720S GT3,M,1577,400,4,81,7651,3,,12544,,,Jon,Miller,Silver,,USA,,499,3,Silver,,,Paul,Holton,Gold,,USA,,847,1,Gold,,,,,,,,,,,,,,,,,,,,,,,,,,,
22,39,49,1:20.524,+9.611,+0.271,141.6,52,CarBahn with Peregrine Racing,GTD,,,Lamborghini Huracan GT3,M,1540,378,4,13,1609,3,,12527,,,Robert,Megennis,Silver,,USA,,2412,1,Silver,,,Jeff,Westphal,Gold,,USA,,682,4,Gold,,,,,,,,,,,,,,,,,,,,,,,,,,,
23,99,33,1:20.570,+9.657,+0.046,141.5,51,Team Hardpoint,GTD,,,Porsche 911 GT3R,M,1571,399,4,93,112,3,,12540,,,Rob,Ferriol,Bronze,,USA,,1589,1,Bronze,,,Katherine,Legge,Gold,,GBR,,2305,2,Gold,,,,,,,,,,,,,,,,,,,,,,,,,,,
24,51,48,1:20.895,+9.982,+0.325,140.9,50,Rick Ware Racing,GTD,,,Acura NSX GT3,M,1748,307,4,43,7641,3,,12543,,,Ryan,Eversley,Gold,,USA,,501,1,Gold,,,Aidan,Read,Silver,,AUS,,2417,2,Silver,,,,,,,,,,,,,,,,,,,,,,,,,,,
25,57,4,1:21.085,+10.172,+0.190,140.6,5,Winward Racing,GTD,,,Mercedes-AMG GT3,M,934,304,4,45,7643,3,,12533,,,Russell,Ward,Silver,,USA,,1252,1,Silver,,,Philip,Ellis,Gold,,CHE,,1936,2,Gold,,,,,,,,,,,,,,,,,,,,,,,,,,,
26,34,8,1:21.642,+10.729,+0.557,139.7,49,GMG Racing,GTD,,,Porsche 911 GT3R,M,1513,387,4,93,112,3,,12541,,,Kyle,Washington,Bronze,,USA,,2608,1,Bronze,,,James,Sofronas,Bronze,,USA,,106,2,Bronze,,,,,,,,,,,,,,,,,,,,,,,,,,,
