﻿POSITION,NUMBER,STATUS,LAPS,TOTAL_TIME,GAP_FIRST,GAP_PREVIOUS,FL_LAPNUM,FL_TIME,FL_KPH,TEAM,CLASS,GROUP,DIVISION,VEHICLE,TIRES,IMSA_CarId,IMSA_TeamId,IMSA_ClassId,IMSA_CarTypeId,IMSA_ManufacturerId,IMSA_TireId,IMSA_SponsorId,IMSA_EventEntryId,*Extra 9,*Extra 10,DRIVER1_FIRSTNAME,DRIVER1_SECONDNAME,DRIVER1_LICENSE,DRIVER1_HOMETOWN,DRIVER1_COUNTRY,DRIVER1_SHORTNAME,DRIVER1_IMSA_DriverId,DRIVER1_IMSA_DriverPlugId,DRIVER1_IMSA_DriverRatingLong,DRIVER1_*Extra 4,DRIVER1_*Extra 5,DRIVER2_FIRSTNAME,DRIVER2_SECONDNAME,DRIVER2_LICENSE,DRIVER2_HOMETOWN,DRIVER2_COUNTRY,DRIVER2_SHORTNAME,DRIVER2_IMSA_DriverId,DRIVER2_IMSA_DriverPlugId,DRIVER2_IMSA_DriverRatingLong,DRIVER2_*Extra 4,DRIVER2_*Extra 5,DRIVER3_FIRSTNAME,DRIVER3_SECONDNAME,DRIVER3_LICENSE,DRIVER3_HOMETOWN,DRIVER3_COUNTRY,DRIVER3_SHORTNAME,DRIVER3_IMSA_DriverId,DRIVER3_IMSA_DriverPlugId,DRIVER3_IMSA_DriverRatingLong,DRIVER3_*Extra 4,DRIVER3_*Extra 5,DRIVER4_FIRSTNAME,DRIVER4_SECONDNAME,DRIVER4_LICENSE,DRIVER4_HOMETOWN,DRIVER4_COUNTRY,DRIVER4_SHORTNAME,DRIVER4_IMSA_DriverId,DRIVER4_IMSA_DriverPlugId,DRIVER4_IMSA_DriverRatingLong,DRIVER4_*Extra 4,DRIVER4_*Extra 5,DRIVER5_FIRSTNAME,DRIVER5_SECONDNAME,DRIVER5_LICENSE,DRIVER5_HOMETOWN,DRIVER5_COUNTRY,DRIVER5_SHORTNAME,DRIVER5_IMSA_DriverId,DRIVER5_IMSA_DriverPlugId,DRIVER5_IMSA_DriverRatingLong,DRIVER5_*Extra 4,DRIVER5_*Extra 5,DRIVER6_FIRSTNAME,DRIVER6_SECONDNAME,DRIVER6_LICENSE,DRIVER6_HOMETOWN,DRIVER6_COUNTRY,DRIVER6_SHORTNAME,DRIVER6_IMSA_DriverId,DRIVER6_IMSA_DriverPlugId,DRIVER6_IMSA_DriverRatingLong,DRIVER6_*Extra 4,DRIVER6_*Extra 5,
1,1,Classified,86,2:40:49.112,-,-,5,1:45.546,179.5,Paul Miller Racing,GTDPRO,,,BMW M4 GT3,M,,,,,,,,,,,Madison,Snow,Gold,"Salt Lake City, UT",USA,,,,,,,Bryan,Sellers,Gold,"Flowery Branch, GA",USA,,,,,,,,,,,,,,,,,,,,,,,,,,,,,,,
2,64,Classified,86,2:40:52.480,+3.368,+3.368,5,1:45.276,180.0,Ford Multimatic Motorsports,GTDPRO,,,Ford Mustang GT3,M,,,,,,,,,,,Mike,Rockenfeller,Platinum,"Landschlacht, Switzerland",CHE,,,,,,,Harry,Tincknell,Platinum,"London, United Kingdom",GBR,,,,,,,,,,,,,,,,,,,,,,,,,,,,,,,
3,23,Classified,86,2:40:53.311,+4.199,+0.831,26,1:45.157,180.2,Heart of Racing Team,GTDPRO,,,Aston Martin Vantage GT3 Evo,M,,,,,,,,,,,Alex,Riberas,Gold,"Barcelona, Spain",ESP,,,,,,,Ross,Gunn,Platinum,"Great Missenden, United Kingdom",GBR,,,,,,,,,,,,,,,,,,,,,,,,,,,,,,,
4,65,Classified,86,2:41:00.800,+11.688,+7.489,34,1:45.350,179.8,Ford Multimatic Motorsports,GTDPRO,,,Ford Mustang GT3,M,,,,,,,,,,,Dirk,Mueller,Platinum,"Taegerwilen, Switzerland",CHE,,,,,,,Joey,Hand,Gold,"Wilton, CA",USA,,,,,,,,,,,,,,,,,,,,,,,,,,,,,,,
5,32,Classified,86,2:41:05.215,+16.103,+4.415,3,1:45.736,179.2,Korthoff/Preston Motorsports,GTD,,,Mercedes-AMG GT3,M,,,,,,,,,,,Kenton,Koch,Silver,"Charlotte, NC",USA,,,,,,,Mikael,Grenier,Gold,"Québec, QC",CAN,,,,,,,,,,,,,,,,,,,,,,,,,,,,,,,
6,9,Classified,86,2:41:05.516,+16.404,+0.301,4,1:45.478,179.6,Pfaff Motorsports,GTDPRO,,,McLaren 720S GT3 EVO,M,,,,,,,,,,,Oliver,Jarvis,Platinum,"Newmarket, United Kingdom",GBR,,,,,,,Marvin,Kirchhöfer,Platinum,"Leipzig, Switzerland",CHE,,,,,,,,,,,,,,,,,,,,,,,,,,,,,,,
7,14,Classified,86,2:41:07.732,+18.620,+1.620,2,1:45.576,179.4,VasserSullivan,GTDPRO,,,Lexus RC F GT3,M,,,,,,,,,,,Ben,Barnicoat,Platinum,"Chesterfield, United Kingdom",GBR,,,,,,,Jack,Hawksworth,Gold,"Bradford, United Kingdom",GBR,,,,,,,,,,,,,,,,,,,,,,,,,,,,,,,
8,78,Classified,86,2:41:08.198,+19.086,+0.466,31,1:44.864,180.7,Forte Racing,GTD,,,Lamborghini Huracan GT3 EVO2,M,,,,,,,,,,,Loris,Spinelli,Gold,"Montesilvano, Italy",ITA,,,,,,,Misha,Goikhberg,Silver,"Woodbridge, ON",CAN,,,,,,,,,,,,,,,,,,,,,,,,,,,,,,,
9,77,Classified,86,2:41:08.866,+19.754,+0.668,4,1:45.554,179.5,AO Racing,GTDPRO,,,Porsche 911 GT3 R (992),M,,,,,,,,,,,Klaus,Bachler,Platinum,"Unzmarkt, Austria",AUT,,,,,,,Laurin,Heinrich,Gold,"Würzburg, Germany",DEU,,,,,,,,,,,,,,,,,,,,,,,,,,,,,,,
10,57,Classified,86,2:41:09.129,+20.017,+0.263,32,1:46.257,178.3,WINWARD RACING,GTD,,,Mercedes-AMG GT3,M,,,,,,,,,,,Philip,Ellis,Gold,"Munich, Germany",GBR,,,,,,,Russell,Ward,Silver,"Seabrook, TX",USA,,,,,,,,,,,,,,,,,,,,,,,,,,,,,,,
11,96,Classified,86,2:41:09.423,+20.311,+0.294,29,1:45.585,179.4,Turner Motorsport,GTD,,,BMW M4 GT3,M,,,,,,,,,,,Patrick,Gallagher,Silver,"Thornville, OH",USA,,,,,,,Robby,Foley,Gold,"Randolph, NJ",USA,,,,,,,,,,,,,,,,,,,,,,,,,,,,,,,
12,4,Classified,86,2:41:11.522,+22.410,+2.099,5,1:45.663,179.3,Corvette Racing by Pratt Miller Motorsports,GTDPRO,,,Chevrolet Corvette Z06 GT3.R,M,,,,,,,,,,,Nicky,Catsburg,Platinum,"Amersfoort, Netherlands",NLD,,,,,,,Tommy,Milner,Platinum,"Middleburg, VA",USA,,,,,,,,,,,,,,,,,,,,,,,,,,,,,,,
13,34,Classified,86,2:41:13.222,+24.110,+1.700,31,1:45.592,179.4,Conquest Racing,GTD,,,Ferrari 296 GT3,M,,,,,,,,,,,Albert,Costa Balboa,Platinum,"Barcelona, Spain",ESP,,,,,,,Manny,Franco,Silver,"Milwaukee, WI",USA,,,,,,,,,,,,,,,,,,,,,,,,,,,,,,,
14,13,Classified,86,2:41:13.545,+24.433,+0.323,29,1:45.959,178.8,AWA,GTD,,,Chevrolet Corvette Z06 GT3.R,M,,,,,,,,,,,Matthew,Bell,Gold,"Newcastle Upon Tyne, United Kingdom",GBR,,,,,,,Orey,Fidani,Bronze,"Toronto, ON",CAN,,,,,,,,,,,,,,,,,,,,,,,,,,,,,,,
15,55,Classified,86,2:41:16.458,+27.346,+2.913,4,1:45.705,179.2,Proton Competition,GTD,,,Ford Mustang GT3,M,,,,,,,,,,,Corey,Lewis,Silver,"Nazareth, PA",USA,,,,,,,Giammarco,Levorato,Silver,"Padua, Italy",ITA,,,,,,,,,,,,,,,,,,,,,,,,,,,,,,,
16,120,Classified,86,2:41:17.332,+28.220,+0.874,3,1:45.744,179.2,Wright Motorsports,GTD,,,Porsche 911 GT3 R (992),M,,,,,,,,,,,Elliott,Skeer,Silver,"San Diego, CA",USA,,,,,,,Adam,Adelson,Silver,"Los Angeles, CA",USA,,,,,,,,,,,,,,,,,,,,,,,,,,,,,,,
17,12,Classified,86,2:41:46.667,+57.555,+29.335,29,1:46.033,178.7,VasserSullivan,GTD,,,Lexus RC F GT3,M,,,,,,,,,,,Parker,Thompson,Silver,"Red Deer, AB",CAN,,,,,,,Frankie,Montecalvo,Silver,"Highlands, NJ",USA,,,,,,,,,,,,,,,,,,,,,,,,,,,,,,,
18,86,Classified,85,2:41:16.783,1 Lap,1 Lap,28,1:45.894,178.9,MDK Motorsports,GTD,,,Porsche 911 GT3 R (992),M,,,,,,,,,,,Anders,Fjordbach,Silver,"Aalborg, Denmark",DNK,,,,,,,Kerong,Li,Silver,"Xian, China",CHN,,,,,,,,,,,,,,,,,,,,,,,,,,,,,,,
19,45,Classified,85,2:41:17.546,1 Lap,+0.763,4,1:45.769,179.1,Wayne Taylor Racing with Andretti,GTD,,,Lamborghini Huracan GT3 EVO2,M,,,,,,,,,,,Danny,Formal,Silver,"San Jose, Costa Rica",CRI,,,,,,,Kyle,Marcelli,Gold,"Toronto, ON",CAN,,,,,,,,,,,,,,,,,,,,,,,,,,,,,,,
20,66,Classified,72,2:41:23.430,14 Laps,13 Laps,63,1:45.605,179.4,Gradient Racing,GTD,,,Acura NSX GT3,M,,,,,,,,,,,Stevan,McAleer,Gold,"Glasgow, Scotland",GBR,,,,,,,Sheena,Monk,Bronze,"Newtown, PA",USA,,,,,,,,,,,,,,,,,,,,,,,,,,,,,,,
21,70,Classified,68,2:04:21.146,18 Laps,4 Laps,28,1:45.382,179.8,Inception Racing,GTD,,,McLaren 720S GT3 EVO,M,,,,,,,,,,,Frederik,Schandorff,Gold,"Aarhus, Denmark",DNK,,,,,,,Brendan,Iribe,Bronze,"Los Angeles, CA",USA,,,,,,,,,,,,,,,,,,,,,,,,,,,,,,,
22,27,Classified,86,2:41:06.112,+17.000,+0.596,4,1:45.584,179.4,Heart of Racing Team,GTD,,,Aston Martin Vantage GT3 Evo,M,,,,,,,,,,,Zacharie,Robichon,Silver,"Ottawa, ON",CAN,,,,,,,Roman,De Angelis,Gold,"Windsor , ON",CAN,,,,,,,,,,,,,,,,,,,,,,,,,,,,,,,
23,3,Classified,57,2:42:11.652,29 Laps,11 Laps,30,1:45.556,179.5,Corvette Racing by Pratt Miller Motorsports,GTDPRO,,,Chevrolet Corvette Z06 GT3.R,M,,,,,,,,,,,Alexander,Sims,Platinum,"Alcester, United Kingdom",GBR,,,,,,,Antonio,Garcia,Platinum,"Madrid, Spain",ESP,,,,,,,,,,,,,,,,,,,,,,,,,,,,,,,
