﻿POS,NUMBER,LAP,TIME,GAP_FIRST,GAP_PREVIOUS,KPH, LAPS,TEAM,CLASS,GROUP,DIVISION,VEHICLE,TIRES,IMSA_CarId,IMSA_TeamId,IMSA_ClassId,IMSA_CarTypeId,IMSA_ManufacturerId,IMSA_TireId,IMSA_SponsorId,IMSA_EventEntryId,*Extra 9,*Extra 10,DRIVER1_FIRSTNAME,DRIVER1_SECONDNAME,DRIVER1_LICENSE,DRIVER1_HOMETOWN,DRIVER1_COUNTRY,DRIVER1_SHORTNAME,DRIVER1_IMSA_DriverId,DRIVER1_IMSA_DriverPlugId,DRIVER1_IMSA_DriverRatingLong,DRIVER1_*Extra 4,DRIVER1_*Extra 5,DRIVER2_FIRSTNAME,DRIVER2_SECONDNAME,DRIVER2_LICENSE,DRIVER2_HOMETOWN,DRIVER2_COUNTRY,DRIVER2_SHORTNAME,DRIVER2_IMSA_DriverId,DRIVER2_IMSA_DriverPlugId,DRIVER2_IMSA_DriverRatingLong,DRIVER2_*Extra 4,DRIVER2_*Extra 5,DRIVER3_FIRSTNAME,DRIVER3_SECONDNAME,DRIVER3_LICENSE,DRIVER3_HOMETOWN,DRIVER3_COUNTRY,DRIVER3_SHORTNAME,DRIVER3_IMSA_DriverId,DRIVER3_IMSA_DriverPlugId,DRIVER3_IMSA_DriverRatingLong,DRIVER3_*Extra 4,DRIVER3_*Extra 5,DRIVER4_FIRSTNAME,DRIVER4_SECONDNAME,DRIVER4_LICENSE,DRIVER4_HOMETOWN,DRIVER4_COUNTRY,DRIVER4_SHORTNAME,DRIVER4_IMSA_DriverId,DRIVER4_IMSA_DriverPlugId,DRIVER4_IMSA_DriverRatingLong,DRIVER4_*Extra 4,DRIVER4_*Extra 5,DRIVER5_FIRSTNAME,DRIVER5_SECONDNAME,DRIVER5_LICENSE,DRIVER5_HOMETOWN,DRIVER5_COUNTRY,DRIVER5_SHORTNAME,DRIVER5_IMSA_DriverId,DRIVER5_IMSA_DriverPlugId,DRIVER5_IMSA_DriverRatingLong,DRIVER5_*Extra 4,DRIVER5_*Extra 5,DRIVER6_FIRSTNAME,DRIVER6_SECONDNAME,DRIVER6_LICENSE,DRIVER6_HOMETOWN,DRIVER6_COUNTRY,DRIVER6_SHORTNAME,DRIVER6_IMSA_DriverId,DRIVER6_IMSA_DriverPlugId,DRIVER6_IMSA_DriverRatingLong,DRIVER6_*Extra 4,DRIVER6_*Extra 5,
1,8,10,1:08.402,-,-,208.3,47,Tower Motorsports,LMP2,,,ORECA LMP2 07,M,,,,,,,,,,,John,Farano,Bronze,"Toronto, ON",CAN,,,,,,,Renger,van der Zande,Platinum,"Amsterdam, Netherlands",NLD,,,,,,,,,,,,,,,,,,,,,,,,,,,,,,,
2,2,9,1:08.506,+0.104,+0.104,208.0,51,United Autosports USA,LMP2,,,ORECA LMP2 07,M,,,,,,,,,,,Phil,Fayer,Bronze,"Montreal, Canada",CAN,,,,,,,Ben,Hanley,Gold,"Accrington, United Kingdom",GBR,,,,,,,,,,,,,,,,,,,,,,,,,,,,,,,
3,99,16,1:08.702,+0.300,+0.196,207.4,52,AO Racing,LMP2,,,ORECA LMP2 07,M,,,,,,,,,,,PJ,Hyett,Bronze,"St Charles, IL",USA,,,,,,,Dane,Cameron,Platinum,"Huntersville, NC",USA,,,,,,,,,,,,,,,,,,,,,,,,,,,,,,,
4,22,8,1:08.853,+0.451,+0.151,206.9,52,United Autosports USA,LMP2,,,ORECA LMP2 07,M,,,,,,,,,,,Daniel,Goldburg,Bronze,"Delray Beach, FL",USA,,,,,,,Tom,Blomqvist,Platinum,"Cambridge, UK",GBR,,,,,,,,,,,,,,,,,,,,,,,,,,,,,,,
5,43,21,1:08.868,+0.466,+0.015,206.9,62,Inter Europol Competition,LMP2,,,ORECA LMP2 07,M,,,,,,,,,,,Tom,Dillmann,Gold,"Mulhouse, France",FRA,,,,,,,Jeremy,Clarke,Bronze,"Manhattan Beach, CA",USA,,,,,,,,,,,,,,,,,,,,,,,,,,,,,,,
6,74,24,1:08.884,+0.482,+0.016,206.8,49,Riley,LMP2,,,ORECA LMP2 07,M,,,,,,,,,,,Gar,Robinson,Bronze,"Austin, TX",USA,,,,,,,Felipe,Fraga,Gold,"Palmas, Brazil",BRA,,,,,,,,,,,,,,,,,,,,,,,,,,,,,,,
7,04,44,1:09.186,+0.784,+0.302,205.9,54,Crowdstrike Racing by APR,LMP2,,,ORECA LMP2 07,M,,,,,,,,,,,George,Kurtz,Bronze,"Scottsdale, AZ",USA,,,,,,,Alex,Quinn,Gold,"Cornwall, UK",GBR,,,,,,,,,,,,,,,,,,,,,,,,,,,,,,,
8,79,14,1:09.293,+0.891,+0.107,205.6,38,JDC-Miller MotorSports,LMP2,,,ORECA LMP2 07,M,,,,,,,,,,,Gerry,Kraut,Bronze,"North Oaks, MN",USA,,,,,,,Scott,Andrews,Gold,"Torquay, Australia",AUS,,,,,,,,,,,,,,,,,,,,,,,,,,,,,,,
9,18,49,1:09.662,+1.260,+0.369,204.5,55,Era Motorsport,LMP2,,,ORECA LMP2 07,M,,,,,,,,,,,Ryan,Dalziel,Gold,"Glasgow, Scotland",GBR,,,,,,,Travis,Hill,Bronze,"Ottawa, Canada",CAN,,,,,,,,,,,,,,,,,,,,,,,,,,,,,,,
10,73,24,1:09.706,+1.304,+0.044,204.4,41,Pratt Miller Motorsports,LMP2,,,ORECA LMP2 07,M,,,,,,,,,,,Pietro,Fittipaldi,Gold,"Miami, FL",BRA,,,,,,,Chris,Cumming,Bronze,Vancouver,CAN,,,,,,,,,,,,,,,,,,,,,,,,,,,,,,,
11,52,11,1:10.012,+1.610,+0.306,203.5,54,PR1 Mathiasen Motorsports,LMP2,,,ORECA LMP2 07,M,,,,,,,,,,,Benjamin,Pedersen,Silver,Copenhagen,USA,,,,,,,Nick,Boulle,Bronze,"Dallas, TX",USA,,,,,,,,,,,,,,,,,,,,,,,,,,,,,,,
12,9,7,1:15.580,+7.178,+5.568,188.5,48,Pfaff Motorsports,GTDPRO,,,Lamborghini Huracan GT3 EVO2,M,,,,,,,,,,,Andrea,Caldarelli,Platinum,"Pescara, Italy",ITA,,,,,,,Marco,Mapelli,Platinum,"Lugano, Italy",ITA,,,,,,,,,,,,,,,,,,,,,,,,,,,,,,,
13,4,5,1:16.040,+7.638,+0.460,187.4,49,Corvette Racing by Pratt Miller Motorsports,GTDPRO,,,Chevrolet Corvette Z06 GT3.R,M,,,,,,,,,,,Tommy,Milner,Platinum,"Middleburg, VA",USA,,,,,,,Nicky,Catsburg,Platinum,"Amersfoort, Netherlands",NLD,,,,,,,,,,,,,,,,,,,,,,,,,,,,,,,
14,12,7,1:16.323,+7.921,+0.283,186.7,41,Vasser Sullivan Racing,GTD,,,Lexus RC F GT3,M,,,,,,,,,,,Jack,Hawksworth,Gold,"Bradford, United Kingdom",GBR,,,,,,,Parker,Thompson,Silver,"Red Deer, AB",CAN,,,,,,,,,,,,,,,,,,,,,,,,,,,,,,,
15,14,5,1:16.328,+7.926,+0.005,186.6,40,Vasser Sullivan Racing,GTDPRO,,,Lexus RC F GT3,M,,,,,,,,,,,Ben,Barnicoat,Platinum,"Chesterfield, United Kingdom",GBR,,,,,,,Aaron,Telitz,Gold,"Birchwood, WI",USA,,,,,,,,,,,,,,,,,,,,,,,,,,,,,,,
16,57,6,1:16.412,+8.010,+0.084,186.4,49,Winward Racing,GTD,,,Mercedes-AMG GT3,M,,,,,,,,,,,Russell,Ward,Silver,"Seabrook, TX",USA,,,,,,,Philip,Ellis,Gold,"Munich, Germany",GBR,,,,,,,,,,,,,,,,,,,,,,,,,,,,,,,
17,64,8,1:16.495,+8.093,+0.083,186.2,41,Ford Multimatic Motorsports,GTDPRO,,,Ford Mustang GT3,M,,,,,,,,,,,Mike,Rockenfeller,Platinum,"Altnau, Switzerland",DEU,,,,,,,Sebastian,Priaulx,Gold,"Guernsey, United Kingdom",GBR,,,,,,,,,,,,,,,,,,,,,,,,,,,,,,,
18,70,6,1:16.586,+8.184,+0.091,186.0,47,Inception Racing,GTD,B,,Ferrari 296 GT3,M,,,,,,,,,,,Brendan,Iribe,Bronze,"Los Angeles, CA",USA,,,,,,,Frederik,Schandorff,Gold,"Aarhus, Denmark",DNK,,,,,,,,,,,,,,,,,,,,,,,,,,,,,,,
19,1,6,1:16.640,+8.238,+0.054,185.9,52,Paul Miller Racing,GTDPRO,,,BMW M4 GT3 EVO,M,,,,,,,,,,,Madison,Snow,Gold,"Salt Lake City, UT",USA,,,,,,,Neil,Verhagen,Gold,"Mooresville, NC",USA,,,,,,,,,,,,,,,,,,,,,,,,,,,,,,,
20,77,10,1:16.666,+8.264,+0.026,185.8,50,AO Racing,GTDPRO,,,Porsche 911 GT3 R (992),M,,,,,,,,,,,Laurin,Heinrich,Gold,"Würzburg, Germany",DEU,,,,,,,Klaus,Bachler,Platinum,"Unzmarkt, Austria",AUT,,,,,,,,,,,,,,,,,,,,,,,,,,,,,,,
21,27,11,1:16.694,+8.292,+0.028,185.8,49,Heart of Racing Team,GTD,,,Aston Martin Vantage GT3 Evo,M,,,,,,,,,,,Roman,De Angelis,Gold,"Windsor , ON",CAN,,,,,,,Casper,Stevenson,Silver,London,GBR,,,,,,,,,,,,,,,,,,,,,,,,,,,,,,,
22,81,5,1:16.741,+8.339,+0.047,185.6,47,DragonSpeed,GTDPRO,,,Ferrari 296 GT3,M,,,,,,,,,,,Albert,Costa,Platinum,Andorra,ESP,,,,,,,Giacomo,Altoè,Gold,"Adria, Italy",ITA,,,,,,,,,,,,,,,,,,,,,,,,,,,,,,,
23,3,9,1:16.771,+8.369,+0.030,185.6,46,Corvette Racing by Pratt Miller Motorsports,GTDPRO,,,Chevrolet Corvette Z06 GT3.R,M,,,,,,,,,,,Antonio,Garcia,Platinum,"Madrid, Spain",ESP,,,,,,,Alexander,Sims,Platinum,"Kidderminster, United Kingdom",GBR,,,,,,,,,,,,,,,,,,,,,,,,,,,,,,,
24,45,9,1:16.840,+8.438,+0.069,185.4,47,Wayne Taylor Racing,GTD,,,Lamborghini Huracan GT3 EVO2,M,,,,,,,,,,,Danny,Formal,Silver,"San Jose, Costa Rica",CRI,,,,,,,Trent,Hindman,Gold,"Ocean Township, NJ",USA,,,,,,,,,,,,,,,,,,,,,,,,,,,,,,,
25,13,25,1:17.120,+8.718,+0.280,184.7,46,AWA,GTD,B,,Chevrolet Corvette Z06 GT3.R,M,,,,,,,,,,,Orey,Fidani,Bronze,"Toronto, ON",CAN,,,,,,,Matthew,Bell,Gold,"Newcastle Upon Tyne, United Kingdom",GBR,,,,,,,,,,,,,,,,,,,,,,,,,,,,,,,
26,48,38,1:17.169,+8.767,+0.049,184.6,48,Paul Miller Racing,GTDPRO,,,BMW M4 GT3 EVO,M,,,,,,,,,,,Max,Hesse,Gold,"Wernau, Germany",DEU,,,,,,,Dan,Harper,Platinum,Belfast,GBR,,,,,,,,,,,,,,,,,,,,,,,,,,,,,,,
27,96,9,1:17.190,+8.788,+0.021,184.6,49,Turner Motorsport,GTD,,,BMW M4 GT3 EVO,M,,,,,,,,,,,Patrick,Gallagher,Silver,"Thornville, OH",USA,,,,,,,Robby,Foley,Gold,"Randolph, NJ",USA,,,,,,,,,,,,,,,,,,,,,,,,,,,,,,,
28,34,9,1:17.214,+8.812,+0.024,184.5,46,Conquest Racing,GTD,,,Ferrari 296 GT3,M,,,,,,,,,,,Manny,Franco,Silver,"Milwaukee, WI",USA,,,,,,,Daniel,Serra,Platinum,"Sao Paulo, Brazil",BRA,,,,,,,,,,,,,,,,,,,,,,,,,,,,,,,
29,65,6,1:17.227,+8.825,+0.013,184.5,49,Ford Multimatic Motorsports,GTDPRO,,,Ford Mustang GT3,M,,,,,,,,,,,Christopher,Mies,Platinum,"Erkrath, Germany",DEU,,,,,,,Frederic,Vervisch,Gold,"Middelkerke, Belgium",BEL,,,,,,,,,,,,,,,,,,,,,,,,,,,,,,,
30,021,36,1:17.300,+8.898,+0.073,184.3,44,Triarsi Competizione,GTD,,,Ferrari 296 GT3,M,,,,,,,,,,,Onofrio,Triarsi,Silver,"Orlando, FL",USA,,,,,,,Kenton,Koch,Silver,"Charlotte, NC",USA,,,,,,,,,,,,,,,,,,,,,,,,,,,,,,,
31,36,22,1:17.315,+8.913,+0.015,184.3,43,DXDT Racing,GTD,,,Chevrolet Corvette Z06 GT3.R,M,,,,,,,,,,,Robert,Wickens,Silver,"Guelph, ON",CAN,,,,,,,Alec,Udell,Silver,"Austin, TX",USA,,,,,,,,,,,,,,,,,,,,,,,,,,,,,,,
32,78,30,1:17.437,+9.035,+0.122,184.0,49,Forte Racing,GTD,,,Lamborghini Huracan GT3 EVO2,M,,,,,,,,,,,Misha,Goikhberg,Silver,"Woodbridge, ON",CAN,,,,,,,Mario,Farnbacher,Gold,"Ansbach, Germany",DEU,,,,,,,,,,,,,,,,,,,,,,,,,,,,,,,
33,120,37,1:17.461,+9.059,+0.024,183.9,44,Wright Motorsports,GTD,,,Porsche 911 GT3 R (992),M,,,,,,,,,,,Adam,Adelson,Silver,"Los Angeles, CA",USA,,,,,,,Elliott,Skeer,Gold,"San Diego, CA",USA,,,,,,,,,,,,,,,,,,,,,,,,,,,,,,,
34,66,17,1:17.577,+9.175,+0.116,183.6,46,Gradient Racing,GTD,,,Ford Mustang GT3,M,,,,,,,,,,,Jenson,Altzman,Silver,"Phoenix, AZ",USA,,,,,,,Robert,Megennis,Silver,"New York City, NY",USA,,,,,,,,,,,,,,,,,,,,,,,,,,,,,,,
35,11,2,1:17.979,+9.577,+0.402,182.7,2,TDS RACING,LMP2,,,ORECA LMP2 07,M,,,,,,,,,,,Steven,Thomas,Bronze,"Carl Junction, MO",USA,,,,,,,Hunter,McElrea,Silver,"Gold Coast, Australia",NZL,,,,,,,,,,,,,,,,,,,,,,,,,,,,,,,
