﻿POS,NUMBER,LAP,TIME,GAP_FIRST,GAP_PREVIOUS,KPH, LAPS,TEAM,CLASS,GROUP,DIVISION,VEHICLE,TIRES,IMSA_CarId,IMSA_TeamId,IMSA_ClassId,IMSA_CarTypeId,IMSA_ManufacturerId,IMSA_TireId,IMSA_SponsorId,IMSA_EventEntryId,*Extra 9,*Extra 10,DRIVER1_FIRSTNAME,DRIVER1_SECONDNAME,DRIVER1_LICENSE,DRIVER1_HOMETOWN,DRIVER1_COUNTRY,DRIVER1_SHORTNAME,DRIVER1_IMSA_DriverId,DRIVER1_IMSA_DriverPlugId,DRIVER1_IMSA_DriverRatingLong,DRIVER1_*Extra 4,DRIVER1_*Extra 5,DRIVER2_FIRSTNAME,DRIVER2_SECONDNAME,DRIVER2_LICENSE,DRIVER2_HOMETOWN,DRIVER2_COUNTRY,DRIVER2_SHORTNAME,DRIVER2_IMSA_DriverId,DRIVER2_IMSA_DriverPlugId,DRIVER2_IMSA_DriverRatingLong,DRIVER2_*Extra 4,DRIVER2_*Extra 5,DRIVER3_FIRSTNAME,DRIVER3_SECONDNAME,DRIVER3_LICENSE,DRIVER3_HOMETOWN,DRIVER3_COUNTRY,DRIVER3_SHORTNAME,DRIVER3_IMSA_DriverId,DRIVER3_IMSA_DriverPlugId,DRIVER3_IMSA_DriverRatingLong,DRIVER3_*Extra 4,DRIVER3_*Extra 5,DRIVER4_FIRSTNAME,DRIVER4_SECONDNAME,DRIVER4_LICENSE,DRIVER4_HOMETOWN,DRIVER4_COUNTRY,DRIVER4_SHORTNAME,DRIVER4_IMSA_DriverId,DRIVER4_IMSA_DriverPlugId,DRIVER4_IMSA_DriverRatingLong,DRIVER4_*Extra 4,DRIVER4_*Extra 5,DRIVER5_FIRSTNAME,DRIVER5_SECONDNAME,DRIVER5_LICENSE,DRIVER5_HOMETOWN,DRIVER5_COUNTRY,DRIVER5_SHORTNAME,DRIVER5_IMSA_DriverId,DRIVER5_IMSA_DriverPlugId,DRIVER5_IMSA_DriverRatingLong,DRIVER5_*Extra 4,DRIVER5_*Extra 5,DRIVER6_FIRSTNAME,DRIVER6_SECONDNAME,DRIVER6_LICENSE,DRIVER6_HOMETOWN,DRIVER6_COUNTRY,DRIVER6_SHORTNAME,DRIVER6_IMSA_DriverId,DRIVER6_IMSA_DriverPlugId,DRIVER6_IMSA_DriverRatingLong,DRIVER6_*Extra 4,DRIVER6_*Extra 5,
1,8,15,1:08.175,-,-,209.0,54,Tower Motorsports,LMP2,,,ORECA LMP2 07,M,,,,,,,,,,,John,Farano,Bronze,"Toronto, ON",CAN,,,,,,,Renger,van der Zande,Platinum,"Amsterdam, Netherlands",NLD,,,,,,,,,,,,,,,,,,,,,,,,,,,,,,,
2,22,5,1:08.500,+0.325,+0.325,208.0,64,United Autosports USA,LMP2,,,ORECA LMP2 07,M,,,,,,,,,,,Daniel,Goldburg,Bronze,"Delray Beach, FL",USA,,,,,,,Tom,Blomqvist,Platinum,"Cambridge, UK",GBR,,,,,,,,,,,,,,,,,,,,,,,,,,,,,,,
3,74,19,1:08.512,+0.337,+0.012,207.9,45,Riley,LMP2,,,ORECA LMP2 07,M,,,,,,,,,,,Gar,Robinson,Bronze,"Austin, TX",USA,,,,,,,Felipe,Fraga,Gold,"Palmas, Brazil",BRA,,,,,,,,,,,,,,,,,,,,,,,,,,,,,,,
4,43,39,1:08.760,+0.585,+0.248,207.2,53,Inter Europol Competition,LMP2,,,ORECA LMP2 07,M,,,,,,,,,,,Tom,Dillmann,Gold,"Mulhouse, France",FRA,,,,,,,Jeremy,Clarke,Bronze,"Manhattan Beach, CA",USA,,,,,,,,,,,,,,,,,,,,,,,,,,,,,,,
5,99,34,1:08.873,+0.698,+0.113,206.9,56,AO Racing,LMP2,,,ORECA LMP2 07,M,,,,,,,,,,,PJ,Hyett,Bronze,"St Charles, IL",USA,,,,,,,Dane,Cameron,Platinum,"Huntersville, NC",USA,,,,,,,,,,,,,,,,,,,,,,,,,,,,,,,
6,11,23,1:08.877,+0.702,+0.004,206.8,56,TDS RACING,LMP2,,,ORECA LMP2 07,M,,,,,,,,,,,Steven,Thomas,Bronze,"Carl Junction, MO",USA,,,,,,,Hunter,McElrea,Silver,"Gold Coast, Australia",NZL,,,,,,,,,,,,,,,,,,,,,,,,,,,,,,,
7,52,30,1:08.942,+0.767,+0.065,206.6,54,PR1 Mathiasen Motorsports,LMP2,,,ORECA LMP2 07,M,,,,,,,,,,,Benjamin,Pedersen,Silver,Copenhagen,USA,,,,,,,Nick,Boulle,Bronze,"Dallas, TX",USA,,,,,,,,,,,,,,,,,,,,,,,,,,,,,,,
8,04,42,1:09.051,+0.876,+0.109,206.3,59,Crowdstrike Racing by APR,LMP2,,,ORECA LMP2 07,M,,,,,,,,,,,George,Kurtz,Bronze,"Scottsdale, AZ",USA,,,,,,,Alex,Quinn,Gold,"Cornwall, UK",GBR,,,,,,,,,,,,,,,,,,,,,,,,,,,,,,,
9,2,35,1:09.549,+1.374,+0.498,204.8,49,United Autosports USA,LMP2,,,ORECA LMP2 07,M,,,,,,,,,,,Phil,Fayer,Bronze,"Montreal, Canada",CAN,,,,,,,Ben,Hanley,Gold,"Accrington, United Kingdom",GBR,,,,,,,,,,,,,,,,,,,,,,,,,,,,,,,
10,18,43,1:10.101,+1.926,+0.552,203.2,49,Era Motorsport,LMP2,,,ORECA LMP2 07,M,,,,,,,,,,,Ryan,Dalziel,Gold,"Glasgow, Scotland",GBR,,,,,,,Travis,Hill,Bronze,"Ottawa, Canada",CAN,,,,,,,,,,,,,,,,,,,,,,,,,,,,,,,
11,73,23,1:10.485,+2.310,+0.384,202.1,44,Pratt Miller Motorsports,LMP2,,,ORECA LMP2 07,M,,,,,,,,,,,Pietro,Fittipaldi,Gold,"Miami, FL",BRA,,,,,,,Chris,Cumming,Bronze,Vancouver,CAN,,,,,,,,,,,,,,,,,,,,,,,,,,,,,,,
12,79,9,1:10.751,+2.576,+0.266,201.4,9,JDC-Miller MotorSports,LMP2,,,ORECA LMP2 07,M,,,,,,,,,,,Gerry,Kraut,Bronze,"North Oaks, MN",USA,,,,,,,Scott,Andrews,Gold,"Torquay, Australia",AUS,,,,,,,,,,,,,,,,,,,,,,,,,,,,,,,
13,14,6,1:15.270,+7.095,+4.519,189.3,35,Vasser Sullivan Racing,GTDPRO,,,Lexus RC F GT3,M,,,,,,,,,,,Ben,Barnicoat,Platinum,"Chesterfield, United Kingdom",GBR,,,,,,,Aaron,Telitz,Gold,"Birchwood, WI",USA,,,,,,,,,,,,,,,,,,,,,,,,,,,,,,,
14,3,15,1:15.503,+7.328,+0.233,188.7,50,Corvette Racing by Pratt Miller Motorsports,GTDPRO,,,Chevrolet Corvette Z06 GT3.R,M,,,,,,,,,,,Antonio,Garcia,Platinum,"Madrid, Spain",ESP,,,,,,,Alexander,Sims,Platinum,"Kidderminster, United Kingdom",GBR,,,,,,,,,,,,,,,,,,,,,,,,,,,,,,,
15,12,37,1:15.597,+7.422,+0.094,188.5,38,Vasser Sullivan Racing,GTD,,,Lexus RC F GT3,M,,,,,,,,,,,Jack,Hawksworth,Gold,"Bradford, United Kingdom",GBR,,,,,,,Parker,Thompson,Silver,"Red Deer, AB",CAN,,,,,,,,,,,,,,,,,,,,,,,,,,,,,,,
16,4,19,1:15.919,+7.744,+0.322,187.7,51,Corvette Racing by Pratt Miller Motorsports,GTDPRO,,,Chevrolet Corvette Z06 GT3.R,M,,,,,,,,,,,Tommy,Milner,Platinum,"Middleburg, VA",USA,,,,,,,Nicky,Catsburg,Platinum,"Amersfoort, Netherlands",NLD,,,,,,,,,,,,,,,,,,,,,,,,,,,,,,,
17,36,23,1:15.985,+7.810,+0.066,187.5,46,DXDT Racing,GTD,,,Chevrolet Corvette Z06 GT3.R,M,,,,,,,,,,,Robert,Wickens,Silver,"Guelph, ON",CAN,,,,,,,Alec,Udell,Silver,"Austin, TX",USA,,,,,,,,,,,,,,,,,,,,,,,,,,,,,,,
18,13,27,1:16.058,+7.883,+0.073,187.3,49,AWA,GTD,B,,Chevrolet Corvette Z06 GT3.R,M,,,,,,,,,,,Orey,Fidani,Bronze,"Toronto, ON",CAN,,,,,,,Matthew,Bell,Gold,"Newcastle Upon Tyne, United Kingdom",GBR,,,,,,,,,,,,,,,,,,,,,,,,,,,,,,,
19,57,16,1:16.098,+7.923,+0.040,187.2,44,Winward Racing,GTD,,,Mercedes-AMG GT3,M,,,,,,,,,,,Russell,Ward,Silver,"Seabrook, TX",USA,,,,,,,Philip,Ellis,Gold,"Munich, Germany",GBR,,,,,,,,,,,,,,,,,,,,,,,,,,,,,,,
20,96,10,1:16.208,+8.033,+0.110,186.9,49,Turner Motorsport,GTD,,,BMW M4 GT3 EVO,M,,,,,,,,,,,Patrick,Gallagher,Silver,"Thornville, OH",USA,,,,,,,Robby,Foley,Gold,"Randolph, NJ",USA,,,,,,,,,,,,,,,,,,,,,,,,,,,,,,,
21,9,52,1:16.226,+8.051,+0.018,186.9,55,Pfaff Motorsports,GTDPRO,,,Lamborghini Huracan GT3 EVO2,M,,,,,,,,,,,Andrea,Caldarelli,Platinum,"Pescara, Italy",ITA,,,,,,,Marco,Mapelli,Platinum,"Lugano, Italy",ITA,,,,,,,,,,,,,,,,,,,,,,,,,,,,,,,
22,1,13,1:16.270,+8.095,+0.044,186.8,55,Paul Miller Racing,GTDPRO,,,BMW M4 GT3 EVO,M,,,,,,,,,,,Madison,Snow,Gold,"Salt Lake City, UT",USA,,,,,,,Neil,Verhagen,Gold,"Mooresville, NC",USA,,,,,,,,,,,,,,,,,,,,,,,,,,,,,,,
23,27,6,1:16.347,+8.172,+0.077,186.6,26,Heart of Racing Team,GTD,,,Aston Martin Vantage GT3 Evo,M,,,,,,,,,,,Roman,De Angelis,Gold,"Windsor , ON",CAN,,,,,,,Casper,Stevenson,Silver,London,GBR,,,,,,,,,,,,,,,,,,,,,,,,,,,,,,,
24,48,12,1:16.363,+8.188,+0.016,186.6,48,Paul Miller Racing,GTDPRO,,,BMW M4 GT3 EVO,M,,,,,,,,,,,Max,Hesse,Gold,"Wernau, Germany",DEU,,,,,,,Dan,Harper,Platinum,Belfast,GBR,,,,,,,,,,,,,,,,,,,,,,,,,,,,,,,
25,64,15,1:16.367,+8.192,+0.004,186.6,42,Ford Multimatic Motorsports,GTDPRO,,,Ford Mustang GT3,M,,,,,,,,,,,Mike,Rockenfeller,Platinum,"Altnau, Switzerland",DEU,,,,,,,Sebastian,Priaulx,Gold,"Guernsey, United Kingdom",GBR,,,,,,,,,,,,,,,,,,,,,,,,,,,,,,,
26,021,20,1:16.468,+8.293,+0.101,186.3,44,Triarsi Competizione,GTD,,,Ferrari 296 GT3,M,,,,,,,,,,,Onofrio,Triarsi,Silver,"Orlando, FL",USA,,,,,,,Kenton,Koch,Silver,"Charlotte, NC",USA,,,,,,,,,,,,,,,,,,,,,,,,,,,,,,,
27,77,14,1:16.563,+8.388,+0.095,186.1,52,AO Racing,GTDPRO,,,Porsche 911 GT3 R (992),M,,,,,,,,,,,Laurin,Heinrich,Gold,"Würzburg, Germany",DEU,,,,,,,Klaus,Bachler,Platinum,"Unzmarkt, Austria",AUT,,,,,,,,,,,,,,,,,,,,,,,,,,,,,,,
28,45,11,1:16.594,+8.419,+0.031,186.0,42,Wayne Taylor Racing,GTD,,,Lamborghini Huracan GT3 EVO2,M,,,,,,,,,,,Danny,Formal,Silver,"San Jose, Costa Rica",CRI,,,,,,,Trent,Hindman,Gold,"Ocean Township, NJ",USA,,,,,,,,,,,,,,,,,,,,,,,,,,,,,,,
29,65,17,1:16.600,+8.425,+0.006,186.0,48,Ford Multimatic Motorsports,GTDPRO,,,Ford Mustang GT3,M,,,,,,,,,,,Christopher,Mies,Platinum,"Erkrath, Germany",DEU,,,,,,,Frederic,Vervisch,Gold,"Middelkerke, Belgium",BEL,,,,,,,,,,,,,,,,,,,,,,,,,,,,,,,
30,81,8,1:16.720,+8.545,+0.120,185.7,46,DragonSpeed,GTDPRO,,,Ferrari 296 GT3,M,,,,,,,,,,,Albert,Costa,Platinum,Andorra,ESP,,,,,,,Giacomo,Altoè,Gold,"Adria, Italy",ITA,,,,,,,,,,,,,,,,,,,,,,,,,,,,,,,
31,120,20,1:16.762,+8.587,+0.042,185.6,44,Wright Motorsports,GTD,,,Porsche 911 GT3 R (992),M,,,,,,,,,,,Adam,Adelson,Silver,"Los Angeles, CA",USA,,,,,,,Elliott,Skeer,Gold,"San Diego, CA",USA,,,,,,,,,,,,,,,,,,,,,,,,,,,,,,,
32,70,10,1:16.801,+8.626,+0.039,185.5,48,Inception Racing,GTD,B,,Ferrari 296 GT3,M,,,,,,,,,,,Brendan,Iribe,Bronze,"Los Angeles, CA",USA,,,,,,,Frederik,Schandorff,Gold,"Aarhus, Denmark",DNK,,,,,,,,,,,,,,,,,,,,,,,,,,,,,,,
33,78,12,1:16.976,+8.801,+0.175,185.1,52,Forte Racing,GTD,,,Lamborghini Huracan GT3 EVO2,M,,,,,,,,,,,Misha,Goikhberg,Silver,"Woodbridge, ON",CAN,,,,,,,Mario,Farnbacher,Gold,"Ansbach, Germany",DEU,,,,,,,,,,,,,,,,,,,,,,,,,,,,,,,
34,34,14,1:17.078,+8.903,+0.102,184.8,46,Conquest Racing,GTD,,,Ferrari 296 GT3,M,,,,,,,,,,,Manny,Franco,Silver,"Milwaukee, WI",USA,,,,,,,Daniel,Serra,Platinum,"Sao Paulo, Brazil",BRA,,,,,,,,,,,,,,,,,,,,,,,,,,,,,,,
35,66,15,1:17.462,+9.287,+0.384,183.9,29,Gradient Racing,GTD,,,Ford Mustang GT3,M,,,,,,,,,,,Jenson,Altzman,Silver,"Phoenix, AZ",USA,,,,,,,Robert,Megennis,Silver,"New York City, NY",USA,,,,,,,,,,,,,,,,,,,,,,,,,,,,,,,
