﻿POS,NUMBER,LAP,TIME,GAP_FIRST,GAP_PREVIOUS,KPH, LAPS,TEAM,CLASS,GROUP,DIVISION,VEHICLE,TIRES,IMSA_CarId,IMSA_TeamId,IMSA_ClassId,IMSA_CarTypeId,IMSA_ManufacturerId,IMSA_TireId,IMSA_SponsorId,IMSA_EventEntryId,*Extra 9,*Extra 10,DRIVER1_FIRSTNAME,DRIVER1_SECONDNAME,DRIVER1_LICENSE,DRIVER1_HOMETOWN,DRIVER1_COUNTRY,DRIVER1_SHORTNAME,DRIVER1_IMSA_DriverId,DRIVER1_IMSA_DriverPlugId,DRIVER1_IMSA_DriverRatingLong,DRIVER1_*Extra 4,DRIVER1_*Extra 5,DRIVER2_FIRSTNAME,DRIVER2_SECONDNAME,DRIVER2_LICENSE,DRIVER2_HOMETOWN,DRIVER2_COUNTRY,DRIVER2_SHORTNAME,DRIVER2_IMSA_DriverId,DRIVER2_IMSA_DriverPlugId,DRIVER2_IMSA_DriverRatingLong,DRIVER2_*Extra 4,DRIVER2_*Extra 5,DRIVER3_FIRSTNAME,DRIVER3_SECONDNAME,DRIVER3_LICENSE,DRIVER3_HOMETOWN,DRIVER3_COUNTRY,DRIVER3_SHORTNAME,DRIVER3_IMSA_DriverId,DRIVER3_IMSA_DriverPlugId,DRIVER3_IMSA_DriverRatingLong,DRIVER3_*Extra 4,DRIVER3_*Extra 5,DRIVER4_FIRSTNAME,DRIVER4_SECONDNAME,DRIVER4_LICENSE,DRIVER4_HOMETOWN,DRIVER4_COUNTRY,DRIVER4_SHORTNAME,DRIVER4_IMSA_DriverId,DRIVER4_IMSA_DriverPlugId,DRIVER4_IMSA_DriverRatingLong,DRIVER4_*Extra 4,DRIVER4_*Extra 5,DRIVER5_FIRSTNAME,DRIVER5_SECONDNAME,DRIVER5_LICENSE,DRIVER5_HOMETOWN,DRIVER5_COUNTRY,DRIVER5_SHORTNAME,DRIVER5_IMSA_DriverId,DRIVER5_IMSA_DriverPlugId,DRIVER5_IMSA_DriverRatingLong,DRIVER5_*Extra 4,DRIVER5_*Extra 5,DRIVER6_FIRSTNAME,DRIVER6_SECONDNAME,DRIVER6_LICENSE,DRIVER6_HOMETOWN,DRIVER6_COUNTRY,DRIVER6_SHORTNAME,DRIVER6_IMSA_DriverId,DRIVER6_IMSA_DriverPlugId,DRIVER6_IMSA_DriverRatingLong,DRIVER6_*Extra 4,DRIVER6_*Extra 5,
1,99,12,1:08.888,-,-,206.8,12,AO Racing,LMP2,,,ORECA LMP2 07,M,,,,,,,,,,,PJ,Hyett,Bronze,"St Charles, IL",USA,,,,,,,Dane,Cameron,Platinum,"Huntersville, NC",USA,,,,,,,,,,,,,,,,,,,,,,,,,,,,,,,
2,22,6,1:08.986,+0.098,+0.098,206.5,12,United Autosports USA,LMP2,,,ORECA LMP2 07,M,,,,,,,,,,,Daniel,Goldburg,Bronze,"Delray Beach, FL",USA,,,,,,,Tom,Blomqvist,Platinum,"Cambridge, UK",GBR,,,,,,,,,,,,,,,,,,,,,,,,,,,,,,,
3,11,11,1:09.179,+0.291,+0.193,205.9,13,TDS RACING,LMP2,,,ORECA LMP2 07,M,,,,,,,,,,,Steven,Thomas,Bronze,"Carl Junction, MO",USA,,,,,,,Hunter,McElrea,Silver,"Gold Coast, Australia",NZL,,,,,,,,,,,,,,,,,,,,,,,,,,,,,,,
4,43,4,1:09.347,+0.459,+0.168,205.4,8,Inter Europol Competition,LMP2,,,ORECA LMP2 07,M,,,,,,,,,,,Tom,Dillmann,Gold,"Mulhouse, France",FRA,,,,,,,Jeremy,Clarke,Bronze,"Manhattan Beach, CA",USA,,,,,,,,,,,,,,,,,,,,,,,,,,,,,,,
5,04,12,1:09.673,+0.785,+0.326,204.5,13,Crowdstrike Racing by APR,LMP2,,,ORECA LMP2 07,M,,,,,,,,,,,George,Kurtz,Bronze,"Scottsdale, AZ",USA,,,,,,,Alex,Quinn,Gold,"Cornwall, UK",GBR,,,,,,,,,,,,,,,,,,,,,,,,,,,,,,,
6,73,4,1:09.733,+0.845,+0.060,204.3,11,Pratt Miller Motorsports,LMP2,,,ORECA LMP2 07,M,,,,,,,,,,,Pietro,Fittipaldi,Gold,"Miami, FL",BRA,,,,,,,Chris,Cumming,Bronze,Vancouver,CAN,,,,,,,,,,,,,,,,,,,,,,,,,,,,,,,
7,2,8,1:09.910,+1.022,+0.177,203.8,12,United Autosports USA,LMP2,,,ORECA LMP2 07,M,,,,,,,,,,,Phil,Fayer,Bronze,"Montreal, Canada",CAN,,,,,,,Ben,Hanley,Gold,"Accrington, United Kingdom",GBR,,,,,,,,,,,,,,,,,,,,,,,,,,,,,,,
8,52,5,1:09.994,+1.106,+0.084,203.5,12,PR1 Mathiasen Motorsports,LMP2,,,ORECA LMP2 07,M,,,,,,,,,,,Benjamin,Pedersen,Silver,Copenhagen,USA,,,,,,,Nick,Boulle,Bronze,"Dallas, TX",USA,,,,,,,,,,,,,,,,,,,,,,,,,,,,,,,
9,74,6,1:10.286,+1.398,+0.292,202.7,13,Riley,LMP2,,,ORECA LMP2 07,M,,,,,,,,,,,Gar,Robinson,Bronze,"Austin, TX",USA,,,,,,,Felipe,Fraga,Gold,"Palmas, Brazil",BRA,,,,,,,,,,,,,,,,,,,,,,,,,,,,,,,
10,18,6,1:10.778,+1.890,+0.492,201.3,11,Era Motorsport,LMP2,,,ORECA LMP2 07,M,,,,,,,,,,,Ryan,Dalziel,Gold,"Glasgow, Scotland",GBR,,,,,,,Travis,Hill,Bronze,"Ottawa, Canada",CAN,,,,,,,,,,,,,,,,,,,,,,,,,,,,,,,
11,8,7,1:12.361,+3.473,+1.583,196.9,12,Tower Motorsports,LMP2,,,ORECA LMP2 07,M,,,,,,,,,,,John,Farano,Bronze,"Toronto, ON",CAN,,,,,,,Renger,van der Zande,Platinum,"Amsterdam, Netherlands",NLD,,,,,,,,,,,,,,,,,,,,,,,,,,,,,,,
12,79,4,1:13.837,+4.949,+1.476,192.9,12,JDC-Miller MotorSports,LMP2,,,ORECA LMP2 07,M,,,,,,,,,,,Gerry,Kraut,Bronze,"North Oaks, MN",USA,,,,,,,Scott,Andrews,Gold,"Torquay, Australia",AUS,,,,,,,,,,,,,,,,,,,,,,,,,,,,,,,
13,1,4,1:15.046,+6.158,+1.209,189.8,8,Paul Miller Racing,GTDPRO,,,BMW M4 GT3 EVO,M,,,,,,,,,,,Madison,Snow,Gold,"Salt Lake City, UT",USA,,,,,,,Neil,Verhagen,Gold,"Mooresville, NC",USA,,,,,,,,,,,,,,,,,,,,,,,,,,,,,,,
14,12,6,1:15.101,+6.213,+0.055,189.7,9,Vasser Sullivan Racing,GTD,,,Lexus RC F GT3,M,,,,,,,,,,,Jack,Hawksworth,Gold,"Bradford, United Kingdom",GBR,,,,,,,Parker,Thompson,Silver,"Red Deer, AB",CAN,,,,,,,,,,,,,,,,,,,,,,,,,,,,,,,
15,14,6,1:15.309,+6.421,+0.208,189.2,9,Vasser Sullivan Racing,GTDPRO,,,Lexus RC F GT3,M,,,,,,,,,,,Ben,Barnicoat,Platinum,"Chesterfield, United Kingdom",GBR,,,,,,,Aaron,Telitz,Gold,"Birchwood, WI",USA,,,,,,,,,,,,,,,,,,,,,,,,,,,,,,,
16,57,5,1:15.319,+6.431,+0.010,189.1,11,Winward Racing,GTD,,,Mercedes-AMG GT3,M,,,,,,,,,,,Russell,Ward,Silver,"Seabrook, TX",USA,,,,,,,Philip,Ellis,Gold,"Munich, Germany",GBR,,,,,,,,,,,,,,,,,,,,,,,,,,,,,,,
17,3,5,1:15.334,+6.446,+0.015,189.1,12,Corvette Racing by Pratt Miller Motorsports,GTDPRO,,,Chevrolet Corvette Z06 GT3.R,M,,,,,,,,,,,Antonio,Garcia,Platinum,"Madrid, Spain",ESP,,,,,,,Alexander,Sims,Platinum,"Kidderminster, United Kingdom",GBR,,,,,,,,,,,,,,,,,,,,,,,,,,,,,,,
18,4,5,1:15.464,+6.576,+0.130,188.8,11,Corvette Racing by Pratt Miller Motorsports,GTDPRO,,,Chevrolet Corvette Z06 GT3.R,M,,,,,,,,,,,Tommy,Milner,Platinum,"Middleburg, VA",USA,,,,,,,Nicky,Catsburg,Platinum,"Amersfoort, Netherlands",NLD,,,,,,,,,,,,,,,,,,,,,,,,,,,,,,,
19,48,10,1:15.478,+6.590,+0.014,188.8,11,Paul Miller Racing,GTDPRO,,,BMW M4 GT3 EVO,M,,,,,,,,,,,Max,Hesse,Gold,"Wernau, Germany",DEU,,,,,,,Dan,Harper,Platinum,Belfast,GBR,,,,,,,,,,,,,,,,,,,,,,,,,,,,,,,
20,9,5,1:15.588,+6.700,+0.110,188.5,9,Pfaff Motorsports,GTDPRO,,,Lamborghini Huracan GT3 EVO2,M,,,,,,,,,,,Andrea,Caldarelli,Platinum,"Pescara, Italy",ITA,,,,,,,Marco,Mapelli,Platinum,"Lugano, Italy",ITA,,,,,,,,,,,,,,,,,,,,,,,,,,,,,,,
21,64,8,1:15.687,+6.799,+0.099,188.2,11,Ford Multimatic Motorsports,GTDPRO,,,Ford Mustang GT3,M,,,,,,,,,,,Mike,Rockenfeller,Platinum,"Altnau, Switzerland",DEU,,,,,,,Sebastian,Priaulx,Gold,"Guernsey, United Kingdom",GBR,,,,,,,,,,,,,,,,,,,,,,,,,,,,,,,
22,77,9,1:15.747,+6.859,+0.060,188.1,11,AO Racing,GTDPRO,,,Porsche 911 GT3 R (992),M,,,,,,,,,,,Laurin,Heinrich,Gold,"Würzburg, Germany",DEU,,,,,,,Klaus,Bachler,Platinum,"Unzmarkt, Austria",AUT,,,,,,,,,,,,,,,,,,,,,,,,,,,,,,,
23,65,8,1:15.800,+6.912,+0.053,187.9,11,Ford Multimatic Motorsports,GTDPRO,,,Ford Mustang GT3,M,,,,,,,,,,,Christopher,Mies,Platinum,"Erkrath, Germany",DEU,,,,,,,Frederic,Vervisch,Gold,"Middelkerke, Belgium",BEL,,,,,,,,,,,,,,,,,,,,,,,,,,,,,,,
24,36,5,1:15.876,+6.988,+0.076,187.8,10,DXDT Racing,GTD,,,Chevrolet Corvette Z06 GT3.R,M,,,,,,,,,,,Robert,Wickens,Silver,"Guelph, ON",CAN,,,,,,,Alec,Udell,Silver,"Austin, TX",USA,,,,,,,,,,,,,,,,,,,,,,,,,,,,,,,
25,81,5,1:16.000,+7.112,+0.124,187.5,9,DragonSpeed,GTDPRO,,,Ferrari 296 GT3,M,,,,,,,,,,,Albert,Costa,Platinum,Andorra,ESP,,,,,,,Giacomo,Altoè,Gold,"Adria, Italy",ITA,,,,,,,,,,,,,,,,,,,,,,,,,,,,,,,
26,27,5,1:16.061,+7.173,+0.061,187.3,9,Heart of Racing Team,GTD,,,Aston Martin Vantage GT3 Evo,M,,,,,,,,,,,Roman,De Angelis,Gold,"Windsor , ON",CAN,,,,,,,Casper,Stevenson,Silver,London,GBR,,,,,,,,,,,,,,,,,,,,,,,,,,,,,,,
27,45,5,1:16.199,+7.311,+0.138,187.0,10,Wayne Taylor Racing,GTD,,,Lamborghini Huracan GT3 EVO2,M,,,,,,,,,,,Danny,Formal,Silver,"San Jose, Costa Rica",CRI,,,,,,,Trent,Hindman,Gold,"Ocean Township, NJ",USA,,,,,,,,,,,,,,,,,,,,,,,,,,,,,,,
28,96,5,1:16.270,+7.382,+0.071,186.8,10,Turner Motorsport,GTD,,,BMW M4 GT3 EVO,M,,,,,,,,,,,Patrick,Gallagher,Silver,"Thornville, OH",USA,,,,,,,Robby,Foley,Gold,"Randolph, NJ",USA,,,,,,,,,,,,,,,,,,,,,,,,,,,,,,,
29,120,4,1:16.392,+7.504,+0.122,186.5,10,Wright Motorsports,GTD,,,Porsche 911 GT3 R (992),M,,,,,,,,,,,Adam,Adelson,Silver,"Los Angeles, CA",USA,,,,,,,Elliott,Skeer,Gold,"San Diego, CA",USA,,,,,,,,,,,,,,,,,,,,,,,,,,,,,,,
30,021,7,1:16.427,+7.539,+0.035,186.4,11,Triarsi Competizione,GTD,,,Ferrari 296 GT3,M,,,,,,,,,,,Onofrio,Triarsi,Silver,"Orlando, FL",USA,,,,,,,Kenton,Koch,Silver,"Charlotte, NC",USA,,,,,,,,,,,,,,,,,,,,,,,,,,,,,,,
31,34,6,1:16.626,+7.738,+0.199,185.9,10,Conquest Racing,GTD,,,Ferrari 296 GT3,M,,,,,,,,,,,Manny,Franco,Silver,"Milwaukee, WI",USA,,,,,,,Daniel,Serra,Platinum,"Sao Paulo, Brazil",BRA,,,,,,,,,,,,,,,,,,,,,,,,,,,,,,,
32,78,8,1:16.687,+7.799,+0.061,185.8,11,Forte Racing,GTD,,,Lamborghini Huracan GT3 EVO2,M,,,,,,,,,,,Misha,Goikhberg,Silver,"Woodbridge, ON",CAN,,,,,,,Mario,Farnbacher,Gold,"Ansbach, Germany",DEU,,,,,,,,,,,,,,,,,,,,,,,,,,,,,,,
33,70,7,1:16.818,+7.930,+0.131,185.5,11,Inception Racing,GTD,B,,Ferrari 296 GT3,M,,,,,,,,,,,Brendan,Iribe,Bronze,"Los Angeles, CA",USA,,,,,,,Frederik,Schandorff,Gold,"Aarhus, Denmark",DNK,,,,,,,,,,,,,,,,,,,,,,,,,,,,,,,
34,66,8,1:16.939,+8.051,+0.121,185.2,12,Gradient Racing,GTD,,,Ford Mustang GT3,M,,,,,,,,,,,Jenson,Altzman,Silver,"Phoenix, AZ",USA,,,,,,,Robert,Megennis,Silver,"New York City, NY",USA,,,,,,,,,,,,,,,,,,,,,,,,,,,,,,,
35,13,4,1:17.914,+9.026,+0.975,182.8,13,AWA,GTD,B,,Chevrolet Corvette Z06 GT3.R,M,,,,,,,,,,,Orey,Fidani,Bronze,"Toronto, ON",CAN,,,,,,,Matthew,Bell,Gold,"Newcastle Upon Tyne, United Kingdom",GBR,,,,,,,,,,,,,,,,,,,,,,,,,,,,,,,
